#FORMAT      : EMSA/MAS Spectral Data File
#VERSION     : 1.0
#TITLE       : mid 2
#DATE        : 24-JUL-2026
#TIME        : 11:27
#OWNER       : XGT7200
#NPOINTS     : 4096.
#NCOLUMNS    : 1.
#XUNITS      : keV
#YUNITS      : counts
#DATATYPE    : XY
#XPERCHAN    : 0.0100000
#OFFSET      : -0.400000
#SIGNALTYPE  : EDS
#CHOFFSET    : 40.0000
#LIVETIME    : 60.000000
#REALTIME    : 79.375561
#BEAMKV      : 50.0000
#PROBECUR    : 665000.
#MAGCAM      : 100.000
#XTILTSTGE   : 0.0
#AZIMANGLE   : 0.0
#ELEVANGLE   : 45.0
#XPOSITION mm: 0.0000
#YPOSITION mm: 0.0000
#ZPOSITION mm: 0.0000
##OXINSTPT   : 4
##OXINSTSTROB: 71.97
##OXINSTELEMS: 12,13,14,16,20,25,26,38,45,46,56,58,70,82
##OXINSTLABEL: 82, 10.552, Pb
##OXINSTLABEL: 82, 12.614, Pb
##OXINSTLABEL: 82, 12.623, Pb
##OXINSTLABEL: 82, 11.350, Pb
##OXINSTLABEL: 82, 14.765, Pb
##OXINSTLABEL: 82, 15.101, Pb
##OXINSTLABEL: 82, 9.185, Pb
##OXINSTLABEL: 82, 2.345, Pb
##OXINSTLABEL: 82, 2.653, Pb
##OXINSTLABEL: 82, 1.823, Pb
##OXINSTLABEL: 58, 34.720, Ce
##OXINSTLABEL: 58, 34.279, Ce
##OXINSTLABEL: 58, 39.258, Ce
##OXINSTLABEL: 58, 4.840, Ce
##OXINSTLABEL: 58, 5.262, Ce
##OXINSTLABEL: 58, 5.613, Ce
##OXINSTLABEL: 58, 4.732, Ce
##OXINSTLABEL: 58, 6.052, Ce
##OXINSTLABEL: 58, 6.325, Ce
##OXINSTLABEL: 58, 4.288, Ce
##OXINSTLABEL: 58, 0.883, Ce
##OXINSTLABEL: 58, 1.075, Ce
##OXINSTLABEL: 58, 0.676, Ce
##OXINSTLABEL: 16, 2.308, S
##OXINSTLABEL: 16, 2.464, S
##OXINSTLABEL: 38, 14.165, Sr
##OXINSTLABEL: 38, 15.836, Sr
##OXINSTLABEL: 38, 16.085, Sr
##OXINSTLABEL: 38, 1.807, Sr
##OXINSTLABEL: 38, 1.649, Sr
##OXINSTLABEL: 38, 1.582, Sr
##OXINSTLABEL: 20, 3.692, Ca
##OXINSTLABEL: 20, 4.013, Ca
##OXINSTLABEL: 20, 0.341, Ca
##OXINSTLABEL: 20, 0.306, Ca
##OXINSTLABEL: 26, 6.404, Fe
##OXINSTLABEL: 26, 7.058, Fe
##OXINSTLABEL: 26, 0.705, Fe
##OXINSTLABEL: 26, 0.628, Fe
##OXINSTLABEL: 45, 20.216, Rh
##OXINSTLABEL: 45, 22.724, Rh
##OXINSTLABEL: 45, 23.173, Rh
##OXINSTLABEL: 45, 2.697, Rh
##OXINSTLABEL: 45, 2.834, Rh
##OXINSTLABEL: 45, 2.519, Rh
##OXINSTLABEL: 45, 3.364, Rh
##OXINSTLABEL: 45, 2.377, Rh
##OXINSTLABEL: 12, 1.254, Mg
##OXINSTLABEL: 14, 1.740, Si
##OXINSTLABEL: 13, 1.487, Al
##OXINSTLABEL: 56, 32.194, Ba
##OXINSTLABEL: 56, 31.818, Ba
##OXINSTLABEL: 56, 36.379, Ba
##OXINSTLABEL: 56, 37.258, Ba
##OXINSTLABEL: 56, 4.466, Ba
##OXINSTLABEL: 56, 4.828, Ba
##OXINSTLABEL: 56, 5.157, Ba
##OXINSTLABEL: 56, 4.331, Ba
##OXINSTLABEL: 56, 5.531, Ba
##OXINSTLABEL: 56, 5.797, Ba
##OXINSTLABEL: 56, 3.954, Ba
##OXINSTLABEL: 46, 21.177, Pd
##OXINSTLABEL: 46, 23.819, Pd
##OXINSTLABEL: 46, 24.300, Pd
##OXINSTLABEL: 46, 2.839, Pd
##OXINSTLABEL: 46, 2.990, Pd
##OXINSTLABEL: 46, 2.660, Pd
##OXINSTLABEL: 46, 3.553, Pd
##OXINSTLABEL: 46, 2.503, Pd
##OXINSTLABEL: 25, 5.899, Mn
##OXINSTLABEL: 25, 6.491, Mn
##OXINSTLABEL: 25, 0.636, Mn
##OXINSTLABEL: 25, 0.567, Mn
##OXINSTLABEL: 70, 7.416, Yb
##OXINSTLABEL: 70, 8.402, Yb
##OXINSTLABEL: 70, 8.759, Yb
##OXINSTLABEL: 70, 7.580, Yb
##OXINSTLABEL: 70, 9.780, Yb
##OXINSTLABEL: 70, 10.090, Yb
##OXINSTLABEL: 70, 6.546, Yb
##OXINSTLABEL: 70, 1.521, Yb
##OXINSTLABEL: 70, 1.765, Yb
##OXINSTLABEL: 70, 1.183, Yb
#SPECTRUM    : Spectral Data Starts Here
-0.40000, 0.
-0.39000, 0.
-0.38000, 0.
-0.37000, 0.
-0.36000, 0.
-0.35000, 0.
-0.34000, 0.
-0.33000, 0.
-0.32000, 0.
-0.31000, 0.
-0.30000, 0.
-0.29000, 0.
-0.28000, 0.
-0.27000, 0.
-0.26000, 0.
-0.25000, 0.
-0.24000, 0.
-0.23000, 0.
-0.22000, 0.
-0.21000, 0.
-0.20000, 0.
-0.19000, 0.
-0.18000, 0.
-0.17000, 0.
-0.16000, 0.
-0.15000, 0.
-0.14000, 0.
-0.13000, 0.
-0.12000, 0.
-0.11000, 0.
-0.10000, 0.
-0.09000, 0.
-0.08000, 0.
-0.07000, 0.
-0.06000, 0.
-0.05000, 0.
-0.04000, 0.
-0.03000, 0.
-0.02000, 0.
-0.01000, 0.
0.00000, 0.
0.01000, 0.
0.02000, 0.
0.03000, 0.
0.04000, 0.
0.05000, 0.
0.06000, 0.
0.07000, 0.
0.08000, 0.
0.09000, 0.
0.10000, 0.
0.11000, 0.
0.12000, 0.
0.13000, 0.
0.14000, 0.
0.15000, 0.
0.16000, 0.
0.17000, 0.
0.18000, 0.
0.19000, 0.
0.20000, 0.
0.21000, 0.
0.22000, 0.
0.23000, 0.
0.24000, 0.
0.25000, 0.
0.26000, 0.
0.27000, 0.
0.28000, 0.
0.29000, 0.
0.30000, 0.
0.31000, 0.
0.32000, 0.
0.33000, 2.
0.34000, 1.
0.35000, 5.
0.36000, 7.
0.37000, 14.
0.38000, 17.
0.39000, 25.
0.40000, 37.
0.41000, 47.
0.42000, 43.
0.43000, 53.
0.44000, 63.
0.45000, 59.
0.46000, 79.
0.47000, 68.
0.48000, 67.
0.49000, 59.
0.50000, 70.
0.51000, 83.
0.52000, 69.
0.53000, 67.
0.54000, 67.
0.55000, 72.
0.56000, 78.
0.57000, 97.
0.58000, 79.
0.59000, 85.
0.60000, 78.
0.61000, 71.
0.62000, 68.
0.63000, 84.
0.64000, 65.
0.65000, 68.
0.66000, 76.
0.67000, 77.
0.68000, 74.
0.69000, 72.
0.70000, 72.
0.71000, 45.
0.72000, 65.
0.73000, 56.
0.74000, 60.
0.75000, 58.
0.76000, 61.
0.77000, 67.
0.78000, 65.
0.79000, 61.
0.80000, 80.
0.81000, 67.
0.82000, 58.
0.83000, 45.
0.84000, 75.
0.85000, 64.
0.86000, 55.
0.87000, 65.
0.88000, 68.
0.89000, 57.
0.90000, 54.
0.91000, 71.
0.92000, 66.
0.93000, 76.
0.94000, 72.
0.95000, 80.
0.96000, 69.
0.97000, 74.
0.98000, 72.
0.99000, 62.
1.00000, 78.
1.01000, 79.
1.02000, 77.
1.03000, 67.
1.04000, 70.
1.05000, 62.
1.06000, 76.
1.07000, 82.
1.08000, 84.
1.09000, 83.
1.10000, 78.
1.11000, 69.
1.12000, 90.
1.13000, 68.
1.14000, 71.
1.15000, 67.
1.16000, 69.
1.17000, 73.
1.18000, 77.
1.19000, 66.
1.20000, 81.
1.21000, 95.
1.22000, 105.
1.23000, 114.
1.24000, 129.
1.25000, 119.
1.26000, 113.
1.27000, 130.
1.28000, 105.
1.29000, 111.
1.30000, 87.
1.31000, 83.
1.32000, 72.
1.33000, 50.
1.34000, 56.
1.35000, 43.
1.36000, 51.
1.37000, 45.
1.38000, 40.
1.39000, 52.
1.40000, 44.
1.41000, 58.
1.42000, 54.
1.43000, 65.
1.44000, 65.
1.45000, 67.
1.46000, 70.
1.47000, 78.
1.48000, 87.
1.49000, 84.
1.50000, 93.
1.51000, 80.
1.52000, 70.
1.53000, 84.
1.54000, 56.
1.55000, 64.
1.56000, 71.
1.57000, 48.
1.58000, 58.
1.59000, 55.
1.60000, 55.
1.61000, 47.
1.62000, 51.
1.63000, 43.
1.64000, 80.
1.65000, 72.
1.66000, 110.
1.67000, 148.
1.68000, 178.
1.69000, 214.
1.70000, 313.
1.71000, 391.
1.72000, 443.
1.73000, 483.
1.74000, 505.
1.75000, 494.
1.76000, 479.
1.77000, 498.
1.78000, 459.
1.79000, 390.
1.80000, 354.
1.81000, 315.
1.82000, 299.
1.83000, 296.
1.84000, 264.
1.85000, 254.
1.86000, 278.
1.87000, 318.
1.88000, 351.
1.89000, 402.
1.90000, 542.
1.91000, 594.
1.92000, 665.
1.93000, 730.
1.94000, 793.
1.95000, 811.
1.96000, 802.
1.97000, 757.
1.98000, 671.
1.99000, 631.
2.00000, 498.
2.01000, 376.
2.02000, 312.
2.03000, 244.
2.04000, 197.
2.05000, 175.
2.06000, 126.
2.07000, 117.
2.08000, 95.
2.09000, 91.
2.10000, 106.
2.11000, 94.
2.12000, 109.
2.13000, 119.
2.14000, 115.
2.15000, 119.
2.16000, 114.
2.17000, 175.
2.18000, 149.
2.19000, 167.
2.20000, 176.
2.21000, 204.
2.22000, 236.
2.23000, 306.
2.24000, 379.
2.25000, 482.
2.26000, 578.
2.27000, 610.
2.28000, 733.
2.29000, 803.
2.30000, 818.
2.31000, 932.
2.32000, 822.
2.33000, 799.
2.34000, 760.
2.35000, 617.
2.36000, 546.
2.37000, 429.
2.38000, 373.
2.39000, 254.
2.40000, 219.
2.41000, 198.
2.42000, 145.
2.43000, 163.
2.44000, 130.
2.45000, 121.
2.46000, 146.
2.47000, 144.
2.48000, 129.
2.49000, 124.
2.50000, 137.
2.51000, 130.
2.52000, 133.
2.53000, 114.
2.54000, 120.
2.55000, 113.
2.56000, 137.
2.57000, 163.
2.58000, 172.
2.59000, 221.
2.60000, 250.
2.61000, 279.
2.62000, 374.
2.63000, 428.
2.64000, 536.
2.65000, 618.
2.66000, 728.
2.67000, 826.
2.68000, 854.
2.69000, 939.
2.70000, 940.
2.71000, 957.
2.72000, 941.
2.73000, 899.
2.74000, 919.
2.75000, 829.
2.76000, 869.
2.77000, 944.
2.78000, 968.
2.79000, 1146.
2.80000, 1268.
2.81000, 1381.
2.82000, 1484.
2.83000, 1645.
2.84000, 1675.
2.85000, 1641.
2.86000, 1576.
2.87000, 1491.
2.88000, 1337.
2.89000, 1220.
2.90000, 1066.
2.91000, 870.
2.92000, 776.
2.93000, 650.
2.94000, 583.
2.95000, 451.
2.96000, 408.
2.97000, 333.
2.98000, 289.
2.99000, 271.
3.00000, 231.
3.01000, 230.
3.02000, 207.
3.03000, 173.
3.04000, 157.
3.05000, 152.
3.06000, 161.
3.07000, 161.
3.08000, 159.
3.09000, 176.
3.10000, 157.
3.11000, 167.
3.12000, 161.
3.13000, 159.
3.14000, 173.
3.15000, 183.
3.16000, 167.
3.17000, 172.
3.18000, 152.
3.19000, 184.
3.20000, 149.
3.21000, 156.
3.22000, 141.
3.23000, 145.
3.24000, 157.
3.25000, 152.
3.26000, 145.
3.27000, 139.
3.28000, 153.
3.29000, 173.
3.30000, 157.
3.31000, 149.
3.32000, 168.
3.33000, 171.
3.34000, 182.
3.35000, 213.
3.36000, 167.
3.37000, 183.
3.38000, 168.
3.39000, 164.
3.40000, 183.
3.41000, 169.
3.42000, 182.
3.43000, 183.
3.44000, 193.
3.45000, 227.
3.46000, 254.
3.47000, 257.
3.48000, 284.
3.49000, 340.
3.50000, 417.
3.51000, 481.
3.52000, 686.
3.53000, 875.
3.54000, 1233.
3.55000, 1764.
3.56000, 2872.
3.57000, 3989.
3.58000, 5917.
3.59000, 8637.
3.60000, 12302.
3.61000, 17008.
3.62000, 23156.
3.63000, 29964.
3.64000, 37793.
3.65000, 45789.
3.66000, 53123.
3.67000, 59613.
3.68000, 64213.
3.69000, 66610.
3.70000, 67030.
3.71000, 64393.
3.72000, 59565.
3.73000, 53142.
3.74000, 45803.
3.75000, 38042.
3.76000, 29718.
3.77000, 22684.
3.78000, 16821.
3.79000, 11840.
3.80000, 8346.
3.81000, 5451.
3.82000, 3581.
3.83000, 2283.
3.84000, 1557.
3.85000, 1058.
3.86000, 863.
3.87000, 846.
3.88000, 828.
3.89000, 1080.
3.90000, 1286.
3.91000, 1676.
3.92000, 2194.
3.93000, 2857.
3.94000, 3598.
3.95000, 4568.
3.96000, 5563.
3.97000, 6553.
3.98000, 7678.
3.99000, 8506.
4.00000, 9133.
4.01000, 9422.
4.02000, 9541.
4.03000, 9402.
4.04000, 8768.
4.05000, 7760.
4.06000, 6941.
4.07000, 5690.
4.08000, 4618.
4.09000, 3656.
4.10000, 2771.
4.11000, 2020.
4.12000, 1414.
4.13000, 1005.
4.14000, 690.
4.15000, 433.
4.16000, 266.
4.17000, 181.
4.18000, 133.
4.19000, 89.
4.20000, 80.
4.21000, 63.
4.22000, 55.
4.23000, 56.
4.24000, 63.
4.25000, 45.
4.26000, 56.
4.27000, 41.
4.28000, 53.
4.29000, 75.
4.30000, 69.
4.31000, 81.
4.32000, 99.
4.33000, 98.
4.34000, 126.
4.35000, 161.
4.36000, 181.
4.37000, 216.
4.38000, 295.
4.39000, 292.
4.40000, 387.
4.41000, 522.
4.42000, 636.
4.43000, 761.
4.44000, 892.
4.45000, 868.
4.46000, 961.
4.47000, 888.
4.48000, 893.
4.49000, 860.
4.50000, 756.
4.51000, 700.
4.52000, 618.
4.53000, 487.
4.54000, 428.
4.55000, 373.
4.56000, 265.
4.57000, 246.
4.58000, 188.
4.59000, 171.
4.60000, 158.
4.61000, 159.
4.62000, 141.
4.63000, 161.
4.64000, 155.
4.65000, 154.
4.66000, 166.
4.67000, 161.
4.68000, 165.
4.69000, 150.
4.70000, 197.
4.71000, 183.
4.72000, 201.
4.73000, 208.
4.74000, 249.
4.75000, 305.
4.76000, 354.
4.77000, 443.
4.78000, 502.
4.79000, 558.
4.80000, 676.
4.81000, 715.
4.82000, 771.
4.83000, 859.
4.84000, 890.
4.85000, 854.
4.86000, 742.
4.87000, 711.
4.88000, 690.
4.89000, 602.
4.90000, 545.
4.91000, 494.
4.92000, 444.
4.93000, 386.
4.94000, 337.
4.95000, 288.
4.96000, 290.
4.97000, 235.
4.98000, 231.
4.99000, 221.
5.00000, 178.
5.01000, 205.
5.02000, 189.
5.03000, 196.
5.04000, 195.
5.05000, 187.
5.06000, 203.
5.07000, 216.
5.08000, 197.
5.09000, 210.
5.10000, 258.
5.11000, 254.
5.12000, 243.
5.13000, 256.
5.14000, 282.
5.15000, 330.
5.16000, 286.
5.17000, 303.
5.18000, 306.
5.19000, 322.
5.20000, 337.
5.21000, 325.
5.22000, 301.
5.23000, 288.
5.24000, 344.
5.25000, 283.
5.26000, 257.
5.27000, 250.
5.28000, 246.
5.29000, 242.
5.30000, 212.
5.31000, 206.
5.32000, 184.
5.33000, 172.
5.34000, 169.
5.35000, 134.
5.36000, 141.
5.37000, 129.
5.38000, 105.
5.39000, 110.
5.40000, 110.
5.41000, 99.
5.42000, 113.
5.43000, 119.
5.44000, 128.
5.45000, 127.
5.46000, 142.
5.47000, 132.
5.48000, 124.
5.49000, 147.
5.50000, 168.
5.51000, 154.
5.52000, 160.
5.53000, 176.
5.54000, 184.
5.55000, 176.
5.56000, 154.
5.57000, 202.
5.58000, 184.
5.59000, 184.
5.60000, 162.
5.61000, 165.
5.62000, 175.
5.63000, 135.
5.64000, 158.
5.65000, 158.
5.66000, 130.
5.67000, 136.
5.68000, 131.
5.69000, 143.
5.70000, 128.
5.71000, 128.
5.72000, 146.
5.73000, 170.
5.74000, 158.
5.75000, 168.
5.76000, 147.
5.77000, 147.
5.78000, 195.
5.79000, 195.
5.80000, 191.
5.81000, 183.
5.82000, 185.
5.83000, 233.
5.84000, 223.
5.85000, 223.
5.86000, 208.
5.87000, 263.
5.88000, 229.
5.89000, 219.
5.90000, 234.
5.91000, 224.
5.92000, 205.
5.93000, 197.
5.94000, 203.
5.95000, 182.
5.96000, 157.
5.97000, 143.
5.98000, 132.
5.99000, 127.
6.00000, 108.
6.01000, 103.
6.02000, 107.
6.03000, 114.
6.04000, 98.
6.05000, 99.
6.06000, 103.
6.07000, 89.
6.08000, 89.
6.09000, 99.
6.10000, 116.
6.11000, 87.
6.12000, 84.
6.13000, 98.
6.14000, 87.
6.15000, 112.
6.16000, 73.
6.17000, 94.
6.18000, 79.
6.19000, 113.
6.20000, 91.
6.21000, 104.
6.22000, 113.
6.23000, 136.
6.24000, 103.
6.25000, 130.
6.26000, 175.
6.27000, 228.
6.28000, 290.
6.29000, 342.
6.30000, 377.
6.31000, 507.
6.32000, 593.
6.33000, 674.
6.34000, 823.
6.35000, 885.
6.36000, 970.
6.37000, 1072.
6.38000, 1179.
6.39000, 1085.
6.40000, 1194.
6.41000, 1164.
6.42000, 1129.
6.43000, 1071.
6.44000, 972.
6.45000, 930.
6.46000, 819.
6.47000, 667.
6.48000, 592.
6.49000, 494.
6.50000, 377.
6.51000, 337.
6.52000, 302.
6.53000, 236.
6.54000, 183.
6.55000, 169.
6.56000, 158.
6.57000, 151.
6.58000, 122.
6.59000, 117.
6.60000, 120.
6.61000, 121.
6.62000, 114.
6.63000, 124.
6.64000, 89.
6.65000, 97.
6.66000, 91.
6.67000, 85.
6.68000, 121.
6.69000, 95.
6.70000, 100.
6.71000, 91.
6.72000, 99.
6.73000, 103.
6.74000, 121.
6.75000, 99.
6.76000, 98.
6.77000, 85.
6.78000, 83.
6.79000, 98.
6.80000, 111.
6.81000, 99.
6.82000, 101.
6.83000, 110.
6.84000, 113.
6.85000, 97.
6.86000, 105.
6.87000, 99.
6.88000, 96.
6.89000, 101.
6.90000, 106.
6.91000, 115.
6.92000, 122.
6.93000, 135.
6.94000, 136.
6.95000, 154.
6.96000, 154.
6.97000, 189.
6.98000, 180.
6.99000, 199.
7.00000, 232.
7.01000, 225.
7.02000, 219.
7.03000, 239.
7.04000, 227.
7.05000, 242.
7.06000, 265.
7.07000, 241.
7.08000, 245.
7.09000, 207.
7.10000, 188.
7.11000, 200.
7.12000, 180.
7.13000, 161.
7.14000, 141.
7.15000, 134.
7.16000, 131.
7.17000, 133.
7.18000, 117.
7.19000, 116.
7.20000, 94.
7.21000, 124.
7.22000, 105.
7.23000, 112.
7.24000, 115.
7.25000, 114.
7.26000, 127.
7.27000, 128.
7.28000, 142.
7.29000, 161.
7.30000, 172.
7.31000, 223.
7.32000, 230.
7.33000, 247.
7.34000, 278.
7.35000, 286.
7.36000, 301.
7.37000, 313.
7.38000, 345.
7.39000, 342.
7.40000, 339.
7.41000, 338.
7.42000, 310.
7.43000, 308.
7.44000, 273.
7.45000, 215.
7.46000, 234.
7.47000, 221.
7.48000, 200.
7.49000, 187.
7.50000, 158.
7.51000, 135.
7.52000, 127.
7.53000, 105.
7.54000, 124.
7.55000, 109.
7.56000, 108.
7.57000, 124.
7.58000, 113.
7.59000, 101.
7.60000, 91.
7.61000, 140.
7.62000, 130.
7.63000, 117.
7.64000, 154.
7.65000, 143.
7.66000, 125.
7.67000, 133.
7.68000, 153.
7.69000, 160.
7.70000, 148.
7.71000, 183.
7.72000, 154.
7.73000, 143.
7.74000, 170.
7.75000, 160.
7.76000, 134.
7.77000, 113.
7.78000, 127.
7.79000, 143.
7.80000, 133.
7.81000, 116.
7.82000, 102.
7.83000, 95.
7.84000, 100.
7.85000, 110.
7.86000, 98.
7.87000, 126.
7.88000, 108.
7.89000, 88.
7.90000, 96.
7.91000, 92.
7.92000, 108.
7.93000, 117.
7.94000, 114.
7.95000, 115.
7.96000, 100.
7.97000, 114.
7.98000, 121.
7.99000, 107.
8.00000, 119.
8.01000, 125.
8.02000, 125.
8.03000, 116.
8.04000, 118.
8.05000, 99.
8.06000, 98.
8.07000, 120.
8.08000, 129.
8.09000, 105.
8.10000, 117.
8.11000, 131.
8.12000, 126.
8.13000, 142.
8.14000, 133.
8.15000, 137.
8.16000, 141.
8.17000, 134.
8.18000, 137.
8.19000, 114.
8.20000, 119.
8.21000, 134.
8.22000, 140.
8.23000, 118.
8.24000, 121.
8.25000, 126.
8.26000, 133.
8.27000, 160.
8.28000, 122.
8.29000, 135.
8.30000, 131.
8.31000, 143.
8.32000, 139.
8.33000, 143.
8.34000, 135.
8.35000, 137.
8.36000, 159.
8.37000, 159.
8.38000, 146.
8.39000, 162.
8.40000, 155.
8.41000, 166.
8.42000, 144.
8.43000, 151.
8.44000, 143.
8.45000, 146.
8.46000, 150.
8.47000, 144.
8.48000, 138.
8.49000, 163.
8.50000, 165.
8.51000, 156.
8.52000, 169.
8.53000, 163.
8.54000, 155.
8.55000, 153.
8.56000, 163.
8.57000, 145.
8.58000, 144.
8.59000, 174.
8.60000, 165.
8.61000, 156.
8.62000, 163.
8.63000, 169.
8.64000, 134.
8.65000, 154.
8.66000, 156.
8.67000, 146.
8.68000, 160.
8.69000, 147.
8.70000, 140.
8.71000, 175.
8.72000, 150.
8.73000, 122.
8.74000, 144.
8.75000, 155.
8.76000, 153.
8.77000, 134.
8.78000, 142.
8.79000, 145.
8.80000, 137.
8.81000, 124.
8.82000, 139.
8.83000, 158.
8.84000, 136.
8.85000, 150.
8.86000, 138.
8.87000, 106.
8.88000, 124.
8.89000, 142.
8.90000, 122.
8.91000, 136.
8.92000, 135.
8.93000, 154.
8.94000, 122.
8.95000, 130.
8.96000, 130.
8.97000, 127.
8.98000, 147.
8.99000, 143.
9.00000, 141.
9.01000, 128.
9.02000, 140.
9.03000, 143.
9.04000, 144.
9.05000, 135.
9.06000, 158.
9.07000, 138.
9.08000, 127.
9.09000, 133.
9.10000, 148.
9.11000, 158.
9.12000, 134.
9.13000, 138.
9.14000, 151.
9.15000, 165.
9.16000, 162.
9.17000, 146.
9.18000, 149.
9.19000, 133.
9.20000, 124.
9.21000, 156.
9.22000, 143.
9.23000, 158.
9.24000, 139.
9.25000, 141.
9.26000, 151.
9.27000, 145.
9.28000, 165.
9.29000, 143.
9.30000, 155.
9.31000, 170.
9.32000, 139.
9.33000, 142.
9.34000, 167.
9.35000, 158.
9.36000, 151.
9.37000, 156.
9.38000, 161.
9.39000, 152.
9.40000, 170.
9.41000, 153.
9.42000, 161.
9.43000, 163.
9.44000, 155.
9.45000, 142.
9.46000, 173.
9.47000, 150.
9.48000, 150.
9.49000, 156.
9.50000, 172.
9.51000, 150.
9.52000, 187.
9.53000, 174.
9.54000, 181.
9.55000, 169.
9.56000, 146.
9.57000, 178.
9.58000, 164.
9.59000, 154.
9.60000, 151.
9.61000, 164.
9.62000, 181.
9.63000, 166.
9.64000, 147.
9.65000, 179.
9.66000, 186.
9.67000, 180.
9.68000, 197.
9.69000, 208.
9.70000, 141.
9.71000, 153.
9.72000, 184.
9.73000, 149.
9.74000, 163.
9.75000, 180.
9.76000, 167.
9.77000, 152.
9.78000, 146.
9.79000, 165.
9.80000, 169.
9.81000, 157.
9.82000, 159.
9.83000, 147.
9.84000, 168.
9.85000, 145.
9.86000, 166.
9.87000, 176.
9.88000, 141.
9.89000, 180.
9.90000, 149.
9.91000, 148.
9.92000, 167.
9.93000, 166.
9.94000, 187.
9.95000, 161.
9.96000, 176.
9.97000, 160.
9.98000, 191.
9.99000, 181.
10.00000, 185.
10.01000, 167.
10.02000, 158.
10.03000, 167.
10.04000, 163.
10.05000, 163.
10.06000, 158.
10.07000, 169.
10.08000, 154.
10.09000, 184.
10.10000, 174.
10.11000, 154.
10.12000, 164.
10.13000, 177.
10.14000, 128.
10.15000, 160.
10.16000, 191.
10.17000, 164.
10.18000, 177.
10.19000, 168.
10.20000, 162.
10.21000, 161.
10.22000, 161.
10.23000, 172.
10.24000, 171.
10.25000, 178.
10.26000, 184.
10.27000, 190.
10.28000, 191.
10.29000, 185.
10.30000, 172.
10.31000, 176.
10.32000, 172.
10.33000, 198.
10.34000, 172.
10.35000, 175.
10.36000, 180.
10.37000, 205.
10.38000, 209.
10.39000, 208.
10.40000, 200.
10.41000, 239.
10.42000, 222.
10.43000, 254.
10.44000, 279.
10.45000, 264.
10.46000, 291.
10.47000, 281.
10.48000, 299.
10.49000, 350.
10.50000, 322.
10.51000, 337.
10.52000, 382.
10.53000, 371.
10.54000, 328.
10.55000, 345.
10.56000, 324.
10.57000, 325.
10.58000, 362.
10.59000, 345.
10.60000, 304.
10.61000, 290.
10.62000, 307.
10.63000, 290.
10.64000, 259.
10.65000, 248.
10.66000, 239.
10.67000, 213.
10.68000, 207.
10.69000, 199.
10.70000, 192.
10.71000, 174.
10.72000, 198.
10.73000, 168.
10.74000, 193.
10.75000, 185.
10.76000, 169.
10.77000, 168.
10.78000, 181.
10.79000, 172.
10.80000, 200.
10.81000, 223.
10.82000, 171.
10.83000, 199.
10.84000, 182.
10.85000, 187.
10.86000, 187.
10.87000, 137.
10.88000, 198.
10.89000, 184.
10.90000, 190.
10.91000, 170.
10.92000, 162.
10.93000, 166.
10.94000, 162.
10.95000, 180.
10.96000, 220.
10.97000, 176.
10.98000, 192.
10.99000, 185.
11.00000, 169.
11.01000, 188.
11.02000, 198.
11.03000, 177.
11.04000, 158.
11.05000, 171.
11.06000, 184.
11.07000, 181.
11.08000, 187.
11.09000, 184.
11.10000, 178.
11.11000, 178.
11.12000, 182.
11.13000, 169.
11.14000, 206.
11.15000, 181.
11.16000, 179.
11.17000, 200.
11.18000, 189.
11.19000, 169.
11.20000, 198.
11.21000, 194.
11.22000, 177.
11.23000, 166.
11.24000, 181.
11.25000, 172.
11.26000, 208.
11.27000, 223.
11.28000, 195.
11.29000, 181.
11.30000, 177.
11.31000, 179.
11.32000, 204.
11.33000, 169.
11.34000, 184.
11.35000, 192.
11.36000, 215.
11.37000, 172.
11.38000, 170.
11.39000, 206.
11.40000, 191.
11.41000, 200.
11.42000, 175.
11.43000, 208.
11.44000, 223.
11.45000, 189.
11.46000, 194.
11.47000, 196.
11.48000, 188.
11.49000, 181.
11.50000, 204.
11.51000, 173.
11.52000, 198.
11.53000, 201.
11.54000, 218.
11.55000, 205.
11.56000, 203.
11.57000, 213.
11.58000, 202.
11.59000, 192.
11.60000, 216.
11.61000, 235.
11.62000, 201.
11.63000, 199.
11.64000, 217.
11.65000, 212.
11.66000, 205.
11.67000, 207.
11.68000, 200.
11.69000, 176.
11.70000, 195.
11.71000, 193.
11.72000, 204.
11.73000, 181.
11.74000, 208.
11.75000, 183.
11.76000, 203.
11.77000, 164.
11.78000, 189.
11.79000, 200.
11.80000, 190.
11.81000, 181.
11.82000, 204.
11.83000, 177.
11.84000, 184.
11.85000, 200.
11.86000, 198.
11.87000, 218.
11.88000, 194.
11.89000, 192.
11.90000, 208.
11.91000, 203.
11.92000, 212.
11.93000, 220.
11.94000, 193.
11.95000, 215.
11.96000, 192.
11.97000, 194.
11.98000, 211.
11.99000, 177.
12.00000, 215.
12.01000, 212.
12.02000, 208.
12.03000, 214.
12.04000, 187.
12.05000, 184.
12.06000, 232.
12.07000, 194.
12.08000, 227.
12.09000, 204.
12.10000, 237.
12.11000, 200.
12.12000, 200.
12.13000, 176.
12.14000, 161.
12.15000, 175.
12.16000, 213.
12.17000, 213.
12.18000, 203.
12.19000, 201.
12.20000, 220.
12.21000, 218.
12.22000, 190.
12.23000, 212.
12.24000, 200.
12.25000, 216.
12.26000, 196.
12.27000, 183.
12.28000, 209.
12.29000, 201.
12.30000, 196.
12.31000, 211.
12.32000, 207.
12.33000, 175.
12.34000, 217.
12.35000, 203.
12.36000, 231.
12.37000, 218.
12.38000, 228.
12.39000, 217.
12.40000, 214.
12.41000, 199.
12.42000, 209.
12.43000, 246.
12.44000, 203.
12.45000, 221.
12.46000, 273.
12.47000, 253.
12.48000, 231.
12.49000, 274.
12.50000, 263.
12.51000, 267.
12.52000, 293.
12.53000, 316.
12.54000, 304.
12.55000, 352.
12.56000, 323.
12.57000, 350.
12.58000, 374.
12.59000, 393.
12.60000, 370.
12.61000, 358.
12.62000, 381.
12.63000, 333.
12.64000, 376.
12.65000, 312.
12.66000, 348.
12.67000, 295.
12.68000, 295.
12.69000, 301.
12.70000, 299.
12.71000, 269.
12.72000, 258.
12.73000, 249.
12.74000, 230.
12.75000, 243.
12.76000, 226.
12.77000, 209.
12.78000, 226.
12.79000, 210.
12.80000, 208.
12.81000, 230.
12.82000, 192.
12.83000, 184.
12.84000, 241.
12.85000, 235.
12.86000, 186.
12.87000, 214.
12.88000, 193.
12.89000, 204.
12.90000, 214.
12.91000, 191.
12.92000, 181.
12.93000, 201.
12.94000, 217.
12.95000, 220.
12.96000, 221.
12.97000, 235.
12.98000, 196.
12.99000, 234.
13.00000, 225.
13.01000, 218.
13.02000, 202.
13.03000, 194.
13.04000, 209.
13.05000, 192.
13.06000, 223.
13.07000, 203.
13.08000, 215.
13.09000, 184.
13.10000, 200.
13.11000, 184.
13.12000, 201.
13.13000, 213.
13.14000, 181.
13.15000, 185.
13.16000, 193.
13.17000, 173.
13.18000, 205.
13.19000, 233.
13.20000, 196.
13.21000, 211.
13.22000, 225.
13.23000, 200.
13.24000, 196.
13.25000, 208.
13.26000, 179.
13.27000, 189.
13.28000, 219.
13.29000, 206.
13.30000, 205.
13.31000, 190.
13.32000, 197.
13.33000, 180.
13.34000, 219.
13.35000, 171.
13.36000, 216.
13.37000, 209.
13.38000, 188.
13.39000, 186.
13.40000, 204.
13.41000, 199.
13.42000, 189.
13.43000, 236.
13.44000, 214.
13.45000, 203.
13.46000, 206.
13.47000, 203.
13.48000, 204.
13.49000, 222.
13.50000, 211.
13.51000, 187.
13.52000, 198.
13.53000, 191.
13.54000, 209.
13.55000, 201.
13.56000, 199.
13.57000, 198.
13.58000, 206.
13.59000, 203.
13.60000, 185.
13.61000, 195.
13.62000, 205.
13.63000, 211.
13.64000, 209.
13.65000, 214.
13.66000, 210.
13.67000, 227.
13.68000, 216.
13.69000, 235.
13.70000, 205.
13.71000, 215.
13.72000, 232.
13.73000, 199.
13.74000, 206.
13.75000, 216.
13.76000, 249.
13.77000, 241.
13.78000, 210.
13.79000, 190.
13.80000, 226.
13.81000, 220.
13.82000, 213.
13.83000, 225.
13.84000, 229.
13.85000, 274.
13.86000, 290.
13.87000, 299.
13.88000, 355.
13.89000, 391.
13.90000, 480.
13.91000, 512.
13.92000, 582.
13.93000, 656.
13.94000, 801.
13.95000, 876.
13.96000, 1009.
13.97000, 1199.
13.98000, 1439.
13.99000, 1701.
14.00000, 1885.
14.01000, 2066.
14.02000, 2421.
14.03000, 2712.
14.04000, 2992.
14.05000, 3321.
14.06000, 3487.
14.07000, 3764.
14.08000, 3907.
14.09000, 4302.
14.10000, 4406.
14.11000, 4531.
14.12000, 4419.
14.13000, 4482.
14.14000, 4497.
14.15000, 4402.
14.16000, 4259.
14.17000, 4134.
14.18000, 3838.
14.19000, 3579.
14.20000, 3277.
14.21000, 3052.
14.22000, 2762.
14.23000, 2398.
14.24000, 2145.
14.25000, 1815.
14.26000, 1626.
14.27000, 1377.
14.28000, 1174.
14.29000, 994.
14.30000, 833.
14.31000, 729.
14.32000, 628.
14.33000, 517.
14.34000, 454.
14.35000, 384.
14.36000, 355.
14.37000, 287.
14.38000, 257.
14.39000, 250.
14.40000, 236.
14.41000, 226.
14.42000, 224.
14.43000, 193.
14.44000, 223.
14.45000, 213.
14.46000, 197.
14.47000, 195.
14.48000, 197.
14.49000, 204.
14.50000, 196.
14.51000, 215.
14.52000, 197.
14.53000, 203.
14.54000, 178.
14.55000, 219.
14.56000, 220.
14.57000, 198.
14.58000, 153.
14.59000, 196.
14.60000, 219.
14.61000, 210.
14.62000, 231.
14.63000, 197.
14.64000, 196.
14.65000, 206.
14.66000, 176.
14.67000, 219.
14.68000, 213.
14.69000, 195.
14.70000, 219.
14.71000, 223.
14.72000, 229.
14.73000, 217.
14.74000, 214.
14.75000, 216.
14.76000, 203.
14.77000, 222.
14.78000, 239.
14.79000, 222.
14.80000, 229.
14.81000, 206.
14.82000, 248.
14.83000, 225.
14.84000, 203.
14.85000, 226.
14.86000, 199.
14.87000, 220.
14.88000, 212.
14.89000, 204.
14.90000, 224.
14.91000, 203.
14.92000, 215.
14.93000, 199.
14.94000, 195.
14.95000, 195.
14.96000, 208.
14.97000, 190.
14.98000, 229.
14.99000, 208.
15.00000, 197.
15.01000, 216.
15.02000, 181.
15.03000, 222.
15.04000, 188.
15.05000, 230.
15.06000, 198.
15.07000, 202.
15.08000, 207.
15.09000, 191.
15.10000, 178.
15.11000, 230.
15.12000, 207.
15.13000, 205.
15.14000, 200.
15.15000, 190.
15.16000, 200.
15.17000, 192.
15.18000, 181.
15.19000, 192.
15.20000, 205.
15.21000, 207.
15.22000, 217.
15.23000, 190.
15.24000, 212.
15.25000, 188.
15.26000, 200.
15.27000, 197.
15.28000, 197.
15.29000, 184.
15.30000, 169.
15.31000, 188.
15.32000, 186.
15.33000, 210.
15.34000, 182.
15.35000, 187.
15.36000, 194.
15.37000, 181.
15.38000, 186.
15.39000, 182.
15.40000, 212.
15.41000, 205.
15.42000, 202.
15.43000, 185.
15.44000, 174.
15.45000, 191.
15.46000, 214.
15.47000, 183.
15.48000, 186.
15.49000, 188.
15.50000, 205.
15.51000, 185.
15.52000, 205.
15.53000, 205.
15.54000, 183.
15.55000, 197.
15.56000, 225.
15.57000, 201.
15.58000, 231.
15.59000, 211.
15.60000, 231.
15.61000, 254.
15.62000, 279.
15.63000, 296.
15.64000, 291.
15.65000, 333.
15.66000, 376.
15.67000, 441.
15.68000, 464.
15.69000, 488.
15.70000, 546.
15.71000, 616.
15.72000, 643.
15.73000, 651.
15.74000, 724.
15.75000, 752.
15.76000, 809.
15.77000, 876.
15.78000, 877.
15.79000, 915.
15.80000, 896.
15.81000, 876.
15.82000, 908.
15.83000, 911.
15.84000, 933.
15.85000, 916.
15.86000, 853.
15.87000, 725.
15.88000, 749.
15.89000, 645.
15.90000, 695.
15.91000, 617.
15.92000, 543.
15.93000, 511.
15.94000, 469.
15.95000, 428.
15.96000, 416.
15.97000, 386.
15.98000, 349.
15.99000, 343.
16.00000, 354.
16.01000, 321.
16.02000, 310.
16.03000, 265.
16.04000, 321.
16.05000, 306.
16.06000, 274.
16.07000, 294.
16.08000, 275.
16.09000, 305.
16.10000, 247.
16.11000, 262.
16.12000, 271.
16.13000, 256.
16.14000, 249.
16.15000, 245.
16.16000, 226.
16.17000, 232.
16.18000, 238.
16.19000, 235.
16.20000, 178.
16.21000, 207.
16.22000, 206.
16.23000, 183.
16.24000, 172.
16.25000, 190.
16.26000, 209.
16.27000, 174.
16.28000, 173.
16.29000, 168.
16.30000, 167.
16.31000, 180.
16.32000, 153.
16.33000, 161.
16.34000, 179.
16.35000, 168.
16.36000, 199.
16.37000, 160.
16.38000, 172.
16.39000, 178.
16.40000, 189.
16.41000, 162.
16.42000, 157.
16.43000, 156.
16.44000, 144.
16.45000, 174.
16.46000, 166.
16.47000, 194.
16.48000, 166.
16.49000, 179.
16.50000, 181.
16.51000, 168.
16.52000, 179.
16.53000, 162.
16.54000, 199.
16.55000, 166.
16.56000, 170.
16.57000, 193.
16.58000, 161.
16.59000, 165.
16.60000, 174.
16.61000, 193.
16.62000, 177.
16.63000, 180.
16.64000, 204.
16.65000, 162.
16.66000, 162.
16.67000, 179.
16.68000, 159.
16.69000, 180.
16.70000, 185.
16.71000, 193.
16.72000, 171.
16.73000, 173.
16.74000, 189.
16.75000, 173.
16.76000, 203.
16.77000, 186.
16.78000, 157.
16.79000, 190.
16.80000, 158.
16.81000, 162.
16.82000, 195.
16.83000, 171.
16.84000, 149.
16.85000, 157.
16.86000, 161.
16.87000, 164.
16.88000, 168.
16.89000, 158.
16.90000, 148.
16.91000, 171.
16.92000, 171.
16.93000, 153.
16.94000, 184.
16.95000, 187.
16.96000, 175.
16.97000, 135.
16.98000, 183.
16.99000, 153.
17.00000, 186.
17.01000, 162.
17.02000, 182.
17.03000, 148.
17.04000, 176.
17.05000, 162.
17.06000, 154.
17.07000, 166.
17.08000, 178.
17.09000, 183.
17.10000, 189.
17.11000, 162.
17.12000, 194.
17.13000, 155.
17.14000, 185.
17.15000, 187.
17.16000, 163.
17.17000, 188.
17.18000, 174.
17.19000, 168.
17.20000, 163.
17.21000, 192.
17.22000, 196.
17.23000, 151.
17.24000, 180.
17.25000, 203.
17.26000, 179.
17.27000, 199.
17.28000, 181.
17.29000, 208.
17.30000, 201.
17.31000, 192.
17.32000, 170.
17.33000, 168.
17.34000, 181.
17.35000, 140.
17.36000, 187.
17.37000, 184.
17.38000, 171.
17.39000, 210.
17.40000, 197.
17.41000, 182.
17.42000, 188.
17.43000, 174.
17.44000, 205.
17.45000, 184.
17.46000, 180.
17.47000, 182.
17.48000, 164.
17.49000, 190.
17.50000, 189.
17.51000, 217.
17.52000, 185.
17.53000, 177.
17.54000, 176.
17.55000, 210.
17.56000, 186.
17.57000, 205.
17.58000, 194.
17.59000, 209.
17.60000, 188.
17.61000, 200.
17.62000, 189.
17.63000, 201.
17.64000, 216.
17.65000, 200.
17.66000, 212.
17.67000, 218.
17.68000, 231.
17.69000, 210.
17.70000, 244.
17.71000, 216.
17.72000, 194.
17.73000, 218.
17.74000, 224.
17.75000, 212.
17.76000, 252.
17.77000, 235.
17.78000, 232.
17.79000, 244.
17.80000, 228.
17.81000, 223.
17.82000, 232.
17.83000, 255.
17.84000, 227.
17.85000, 246.
17.86000, 253.
17.87000, 241.
17.88000, 281.
17.89000, 249.
17.90000, 214.
17.91000, 227.
17.92000, 223.
17.93000, 236.
17.94000, 224.
17.95000, 240.
17.96000, 236.
17.97000, 248.
17.98000, 244.
17.99000, 250.
18.00000, 244.
18.01000, 248.
18.02000, 221.
18.03000, 253.
18.04000, 224.
18.05000, 237.
18.06000, 233.
18.07000, 247.
18.08000, 234.
18.09000, 269.
18.10000, 251.
18.11000, 273.
18.12000, 250.
18.13000, 262.
18.14000, 285.
18.15000, 265.
18.16000, 291.
18.17000, 264.
18.18000, 265.
18.19000, 294.
18.20000, 301.
18.21000, 315.
18.22000, 273.
18.23000, 319.
18.24000, 323.
18.25000, 276.
18.26000, 307.
18.27000, 319.
18.28000, 324.
18.29000, 309.
18.30000, 338.
18.31000, 355.
18.32000, 357.
18.33000, 374.
18.34000, 366.
18.35000, 405.
18.36000, 324.
18.37000, 378.
18.38000, 386.
18.39000, 419.
18.40000, 412.
18.41000, 450.
18.42000, 445.
18.43000, 491.
18.44000, 523.
18.45000, 487.
18.46000, 516.
18.47000, 527.
18.48000, 542.
18.49000, 530.
18.50000, 563.
18.51000, 561.
18.52000, 622.
18.53000, 637.
18.54000, 648.
18.55000, 603.
18.56000, 645.
18.57000, 677.
18.58000, 703.
18.59000, 662.
18.60000, 713.
18.61000, 766.
18.62000, 718.
18.63000, 734.
18.64000, 802.
18.65000, 762.
18.66000, 790.
18.67000, 780.
18.68000, 808.
18.69000, 831.
18.70000, 804.
18.71000, 861.
18.72000, 862.
18.73000, 857.
18.74000, 882.
18.75000, 883.
18.76000, 931.
18.77000, 876.
18.78000, 941.
18.79000, 945.
18.80000, 952.
18.81000, 875.
18.82000, 832.
18.83000, 879.
18.84000, 849.
18.85000, 869.
18.86000, 874.
18.87000, 862.
18.88000, 856.
18.89000, 852.
18.90000, 884.
18.91000, 881.
18.92000, 790.
18.93000, 792.
18.94000, 796.
18.95000, 800.
18.96000, 740.
18.97000, 780.
18.98000, 745.
18.99000, 702.
19.00000, 755.
19.01000, 734.
19.02000, 709.
19.03000, 675.
19.04000, 669.
19.05000, 598.
19.06000, 639.
19.07000, 585.
19.08000, 582.
19.09000, 624.
19.10000, 509.
19.11000, 544.
19.12000, 518.
19.13000, 529.
19.14000, 496.
19.15000, 508.
19.16000, 463.
19.17000, 485.
19.18000, 431.
19.19000, 465.
19.20000, 462.
19.21000, 456.
19.22000, 403.
19.23000, 412.
19.24000, 382.
19.25000, 387.
19.26000, 384.
19.27000, 330.
19.28000, 370.
19.29000, 345.
19.30000, 332.
19.31000, 300.
19.32000, 334.
19.33000, 320.
19.34000, 293.
19.35000, 270.
19.36000, 319.
19.37000, 311.
19.38000, 283.
19.39000, 305.
19.40000, 277.
19.41000, 262.
19.42000, 278.
19.43000, 250.
19.44000, 246.
19.45000, 301.
19.46000, 274.
19.47000, 268.
19.48000, 237.
19.49000, 233.
19.50000, 234.
19.51000, 259.
19.52000, 237.
19.53000, 254.
19.54000, 260.
19.55000, 231.
19.56000, 233.
19.57000, 237.
19.58000, 196.
19.59000, 232.
19.60000, 209.
19.61000, 184.
19.62000, 242.
19.63000, 206.
19.64000, 199.
19.65000, 212.
19.66000, 180.
19.67000, 185.
19.68000, 187.
19.69000, 194.
19.70000, 178.
19.71000, 164.
19.72000, 197.
19.73000, 193.
19.74000, 177.
19.75000, 225.
19.76000, 172.
19.77000, 182.
19.78000, 216.
19.79000, 170.
19.80000, 169.
19.81000, 194.
19.82000, 181.
19.83000, 204.
19.84000, 223.
19.85000, 213.
19.86000, 203.
19.87000, 231.
19.88000, 252.
19.89000, 264.
19.90000, 253.
19.91000, 314.
19.92000, 309.
19.93000, 360.
19.94000, 403.
19.95000, 411.
19.96000, 437.
19.97000, 463.
19.98000, 484.
19.99000, 562.
20.00000, 536.
20.01000, 583.
20.02000, 655.
20.03000, 691.
20.04000, 633.
20.05000, 733.
20.06000, 729.
20.07000, 749.
20.08000, 829.
20.09000, 808.
20.10000, 822.
20.11000, 815.
20.12000, 860.
20.13000, 858.
20.14000, 849.
20.15000, 893.
20.16000, 911.
20.17000, 841.
20.18000, 869.
20.19000, 809.
20.20000, 863.
20.21000, 809.
20.22000, 771.
20.23000, 772.
20.24000, 704.
20.25000, 630.
20.26000, 627.
20.27000, 523.
20.28000, 529.
20.29000, 479.
20.30000, 454.
20.31000, 467.
20.32000, 384.
20.33000, 377.
20.34000, 330.
20.35000, 251.
20.36000, 246.
20.37000, 246.
20.38000, 235.
20.39000, 215.
20.40000, 235.
20.41000, 191.
20.42000, 221.
20.43000, 172.
20.44000, 177.
20.45000, 190.
20.46000, 147.
20.47000, 166.
20.48000, 154.
20.49000, 164.
20.50000, 162.
20.51000, 155.
20.52000, 169.
20.53000, 161.
20.54000, 192.
20.55000, 167.
20.56000, 158.
20.57000, 174.
20.58000, 149.
20.59000, 179.
20.60000, 169.
20.61000, 168.
20.62000, 171.
20.63000, 165.
20.64000, 185.
20.65000, 174.
20.66000, 194.
20.67000, 202.
20.68000, 189.
20.69000, 185.
20.70000, 196.
20.71000, 204.
20.72000, 239.
20.73000, 230.
20.74000, 223.
20.75000, 226.
20.76000, 188.
20.77000, 213.
20.78000, 240.
20.79000, 229.
20.80000, 241.
20.81000, 197.
20.82000, 234.
20.83000, 209.
20.84000, 226.
20.85000, 238.
20.86000, 211.
20.87000, 256.
20.88000, 228.
20.89000, 255.
20.90000, 233.
20.91000, 252.
20.92000, 232.
20.93000, 230.
20.94000, 242.
20.95000, 248.
20.96000, 251.
20.97000, 228.
20.98000, 278.
20.99000, 240.
21.00000, 249.
21.01000, 244.
21.02000, 256.
21.03000, 248.
21.04000, 237.
21.05000, 232.
21.06000, 221.
21.07000, 231.
21.08000, 275.
21.09000, 234.
21.10000, 268.
21.11000, 239.
21.12000, 259.
21.13000, 241.
21.14000, 224.
21.15000, 214.
21.16000, 229.
21.17000, 238.
21.18000, 246.
21.19000, 233.
21.20000, 207.
21.21000, 207.
21.22000, 222.
21.23000, 204.
21.24000, 211.
21.25000, 221.
21.26000, 261.
21.27000, 228.
21.28000, 162.
21.29000, 210.
21.30000, 205.
21.31000, 225.
21.32000, 169.
21.33000, 199.
21.34000, 195.
21.35000, 180.
21.36000, 174.
21.37000, 209.
21.38000, 193.
21.39000, 162.
21.40000, 189.
21.41000, 180.
21.42000, 190.
21.43000, 168.
21.44000, 195.
21.45000, 150.
21.46000, 202.
21.47000, 164.
21.48000, 144.
21.49000, 145.
21.50000, 166.
21.51000, 126.
21.52000, 147.
21.53000, 154.
21.54000, 159.
21.55000, 138.
21.56000, 153.
21.57000, 141.
21.58000, 128.
21.59000, 131.
21.60000, 129.
21.61000, 124.
21.62000, 130.
21.63000, 134.
21.64000, 132.
21.65000, 123.
21.66000, 144.
21.67000, 143.
21.68000, 135.
21.69000, 121.
21.70000, 125.
21.71000, 120.
21.72000, 135.
21.73000, 108.
21.74000, 120.
21.75000, 103.
21.76000, 121.
21.77000, 118.
21.78000, 126.
21.79000, 117.
21.80000, 128.
21.81000, 121.
21.82000, 106.
21.83000, 150.
21.84000, 103.
21.85000, 96.
21.86000, 112.
21.87000, 104.
21.88000, 122.
21.89000, 104.
21.90000, 116.
21.91000, 126.
21.92000, 117.
21.93000, 101.
21.94000, 113.
21.95000, 126.
21.96000, 104.
21.97000, 110.
21.98000, 116.
21.99000, 128.
22.00000, 86.
22.01000, 104.
22.02000, 120.
22.03000, 124.
22.04000, 93.
22.05000, 115.
22.06000, 96.
22.07000, 99.
22.08000, 107.
22.09000, 102.
22.10000, 107.
22.11000, 103.
22.12000, 106.
22.13000, 101.
22.14000, 112.
22.15000, 105.
22.16000, 86.
22.17000, 97.
22.18000, 88.
22.19000, 92.
22.20000, 96.
22.21000, 132.
22.22000, 100.
22.23000, 109.
22.24000, 105.
22.25000, 104.
22.26000, 82.
22.27000, 95.
22.28000, 122.
22.29000, 85.
22.30000, 100.
22.31000, 89.
22.32000, 94.
22.33000, 99.
22.34000, 100.
22.35000, 93.
22.36000, 92.
22.37000, 90.
22.38000, 101.
22.39000, 102.
22.40000, 113.
22.41000, 96.
22.42000, 82.
22.43000, 105.
22.44000, 130.
22.45000, 109.
22.46000, 113.
22.47000, 89.
22.48000, 123.
22.49000, 127.
22.50000, 128.
22.51000, 132.
22.52000, 127.
22.53000, 139.
22.54000, 129.
22.55000, 136.
22.56000, 164.
22.57000, 159.
22.58000, 179.
22.59000, 148.
22.60000, 165.
22.61000, 179.
22.62000, 189.
22.63000, 189.
22.64000, 182.
22.65000, 178.
22.66000, 210.
22.67000, 197.
22.68000, 217.
22.69000, 199.
22.70000, 196.
22.71000, 212.
22.72000, 203.
22.73000, 180.
22.74000, 190.
22.75000, 187.
22.76000, 155.
22.77000, 162.
22.78000, 170.
22.79000, 140.
22.80000, 119.
22.81000, 103.
22.82000, 143.
22.83000, 118.
22.84000, 119.
22.85000, 142.
22.86000, 100.
22.87000, 113.
22.88000, 98.
22.89000, 104.
22.90000, 98.
22.91000, 110.
22.92000, 98.
22.93000, 87.
22.94000, 90.
22.95000, 85.
22.96000, 84.
22.97000, 87.
22.98000, 103.
22.99000, 110.
23.00000, 87.
23.01000, 95.
23.02000, 91.
23.03000, 89.
23.04000, 80.
23.05000, 92.
23.06000, 100.
23.07000, 113.
23.08000, 90.
23.09000, 94.
23.10000, 102.
23.11000, 100.
23.12000, 99.
23.13000, 87.
23.14000, 97.
23.15000, 99.
23.16000, 101.
23.17000, 94.
23.18000, 91.
23.19000, 104.
23.20000, 107.
23.21000, 94.
23.22000, 84.
23.23000, 92.
23.24000, 88.
23.25000, 87.
23.26000, 79.
23.27000, 85.
23.28000, 87.
23.29000, 79.
23.30000, 91.
23.31000, 76.
23.32000, 74.
23.33000, 80.
23.34000, 102.
23.35000, 83.
23.36000, 82.
23.37000, 76.
23.38000, 56.
23.39000, 69.
23.40000, 79.
23.41000, 80.
23.42000, 65.
23.43000, 75.
23.44000, 81.
23.45000, 71.
23.46000, 59.
23.47000, 77.
23.48000, 64.
23.49000, 85.
23.50000, 82.
23.51000, 66.
23.52000, 83.
23.53000, 61.
23.54000, 74.
23.55000, 82.
23.56000, 74.
23.57000, 100.
23.58000, 75.
23.59000, 70.
23.60000, 73.
23.61000, 79.
23.62000, 82.
23.63000, 83.
23.64000, 73.
23.65000, 60.
23.66000, 86.
23.67000, 77.
23.68000, 76.
23.69000, 78.
23.70000, 73.
23.71000, 68.
23.72000, 92.
23.73000, 76.
23.74000, 77.
23.75000, 79.
23.76000, 80.
23.77000, 85.
23.78000, 102.
23.79000, 85.
23.80000, 74.
23.81000, 86.
23.82000, 71.
23.83000, 71.
23.84000, 83.
23.85000, 71.
23.86000, 84.
23.87000, 81.
23.88000, 80.
23.89000, 83.
23.90000, 77.
23.91000, 81.
23.92000, 72.
23.93000, 72.
23.94000, 66.
23.95000, 75.
23.96000, 82.
23.97000, 78.
23.98000, 75.
23.99000, 90.
24.00000, 78.
24.01000, 87.
24.02000, 86.
24.03000, 80.
24.04000, 85.
24.05000, 56.
24.06000, 61.
24.07000, 86.
24.08000, 78.
24.09000, 88.
24.10000, 74.
24.11000, 57.
24.12000, 91.
24.13000, 72.
24.14000, 64.
24.15000, 67.
24.16000, 84.
24.17000, 71.
24.18000, 75.
24.19000, 70.
24.20000, 72.
24.21000, 71.
24.22000, 65.
24.23000, 79.
24.24000, 68.
24.25000, 81.
24.26000, 74.
24.27000, 76.
24.28000, 64.
24.29000, 77.
24.30000, 62.
24.31000, 78.
24.32000, 71.
24.33000, 83.
24.34000, 64.
24.35000, 63.
24.36000, 75.
24.37000, 65.
24.38000, 76.
24.39000, 53.
24.40000, 64.
24.41000, 69.
24.42000, 72.
24.43000, 67.
24.44000, 78.
24.45000, 91.
24.46000, 60.
24.47000, 65.
24.48000, 70.
24.49000, 79.
24.50000, 65.
24.51000, 74.
24.52000, 68.
24.53000, 72.
24.54000, 65.
24.55000, 60.
24.56000, 75.
24.57000, 71.
24.58000, 64.
24.59000, 73.
24.60000, 86.
24.61000, 66.
24.62000, 77.
24.63000, 73.
24.64000, 57.
24.65000, 69.
24.66000, 79.
24.67000, 70.
24.68000, 73.
24.69000, 67.
24.70000, 78.
24.71000, 72.
24.72000, 61.
24.73000, 91.
24.74000, 58.
24.75000, 62.
24.76000, 78.
24.77000, 83.
24.78000, 63.
24.79000, 56.
24.80000, 60.
24.81000, 76.
24.82000, 72.
24.83000, 89.
24.84000, 71.
24.85000, 72.
24.86000, 69.
24.87000, 68.
24.88000, 68.
24.89000, 69.
24.90000, 59.
24.91000, 72.
24.92000, 67.
24.93000, 68.
24.94000, 63.
24.95000, 68.
24.96000, 76.
24.97000, 83.
24.98000, 64.
24.99000, 65.
25.00000, 76.
25.01000, 76.
25.02000, 66.
25.03000, 89.
25.04000, 84.
25.05000, 72.
25.06000, 73.
25.07000, 72.
25.08000, 66.
25.09000, 83.
25.10000, 82.
25.11000, 75.
25.12000, 68.
25.13000, 85.
25.14000, 76.
25.15000, 87.
25.16000, 89.
25.17000, 75.
25.18000, 82.
25.19000, 88.
25.20000, 79.
25.21000, 81.
25.22000, 61.
25.23000, 72.
25.24000, 81.
25.25000, 75.
25.26000, 83.
25.27000, 86.
25.28000, 65.
25.29000, 69.
25.30000, 69.
25.31000, 69.
25.32000, 68.
25.33000, 78.
25.34000, 62.
25.35000, 59.
25.36000, 70.
25.37000, 70.
25.38000, 76.
25.39000, 59.
25.40000, 78.
25.41000, 62.
25.42000, 69.
25.43000, 55.
25.44000, 58.
25.45000, 75.
25.46000, 63.
25.47000, 61.
25.48000, 76.
25.49000, 73.
25.50000, 72.
25.51000, 50.
25.52000, 72.
25.53000, 60.
25.54000, 67.
25.55000, 59.
25.56000, 61.
25.57000, 65.
25.58000, 55.
25.59000, 71.
25.60000, 61.
25.61000, 68.
25.62000, 58.
25.63000, 67.
25.64000, 53.
25.65000, 61.
25.66000, 59.
25.67000, 66.
25.68000, 55.
25.69000, 54.
25.70000, 59.
25.71000, 50.
25.72000, 67.
25.73000, 51.
25.74000, 53.
25.75000, 51.
25.76000, 43.
25.77000, 66.
25.78000, 57.
25.79000, 57.
25.80000, 54.
25.81000, 68.
25.82000, 63.
25.83000, 40.
25.84000, 65.
25.85000, 51.
25.86000, 64.
25.87000, 60.
25.88000, 62.
25.89000, 58.
25.90000, 53.
25.91000, 68.
25.92000, 55.
25.93000, 63.
25.94000, 38.
25.95000, 63.
25.96000, 63.
25.97000, 58.
25.98000, 57.
25.99000, 62.
26.00000, 64.
26.01000, 63.
26.02000, 66.
26.03000, 65.
26.04000, 70.
26.05000, 71.
26.06000, 65.
26.07000, 65.
26.08000, 66.
26.09000, 54.
26.10000, 54.
26.11000, 54.
26.12000, 58.
26.13000, 56.
26.14000, 52.
26.15000, 56.
26.16000, 74.
26.17000, 56.
26.18000, 58.
26.19000, 64.
26.20000, 56.
26.21000, 55.
26.22000, 56.
26.23000, 57.
26.24000, 70.
26.25000, 59.
26.26000, 64.
26.27000, 67.
26.28000, 80.
26.29000, 65.
26.30000, 63.
26.31000, 71.
26.32000, 53.
26.33000, 58.
26.34000, 58.
26.35000, 63.
26.36000, 53.
26.37000, 66.
26.38000, 58.
26.39000, 58.
26.40000, 56.
26.41000, 71.
26.42000, 58.
26.43000, 55.
26.44000, 66.
26.45000, 39.
26.46000, 68.
26.47000, 73.
26.48000, 62.
26.49000, 62.
26.50000, 49.
26.51000, 58.
26.52000, 50.
26.53000, 59.
26.54000, 45.
26.55000, 73.
26.56000, 55.
26.57000, 53.
26.58000, 56.
26.59000, 61.
26.60000, 63.
26.61000, 72.
26.62000, 53.
26.63000, 69.
26.64000, 47.
26.65000, 67.
26.66000, 57.
26.67000, 59.
26.68000, 50.
26.69000, 60.
26.70000, 61.
26.71000, 62.
26.72000, 64.
26.73000, 57.
26.74000, 58.
26.75000, 51.
26.76000, 59.
26.77000, 49.
26.78000, 51.
26.79000, 57.
26.80000, 44.
26.81000, 65.
26.82000, 60.
26.83000, 53.
26.84000, 56.
26.85000, 63.
26.86000, 60.
26.87000, 54.
26.88000, 61.
26.89000, 65.
26.90000, 62.
26.91000, 44.
26.92000, 62.
26.93000, 50.
26.94000, 65.
26.95000, 54.
26.96000, 51.
26.97000, 60.
26.98000, 49.
26.99000, 66.
27.00000, 59.
27.01000, 62.
27.02000, 68.
27.03000, 63.
27.04000, 50.
27.05000, 61.
27.06000, 53.
27.07000, 52.
27.08000, 50.
27.09000, 50.
27.10000, 57.
27.11000, 70.
27.12000, 47.
27.13000, 59.
27.14000, 55.
27.15000, 74.
27.16000, 53.
27.17000, 54.
27.18000, 52.
27.19000, 59.
27.20000, 58.
27.21000, 48.
27.22000, 70.
27.23000, 66.
27.24000, 56.
27.25000, 64.
27.26000, 41.
27.27000, 60.
27.28000, 54.
27.29000, 43.
27.30000, 42.
27.31000, 62.
27.32000, 61.
27.33000, 45.
27.34000, 65.
27.35000, 60.
27.36000, 41.
27.37000, 52.
27.38000, 58.
27.39000, 47.
27.40000, 58.
27.41000, 60.
27.42000, 56.
27.43000, 65.
27.44000, 52.
27.45000, 46.
27.46000, 72.
27.47000, 67.
27.48000, 58.
27.49000, 58.
27.50000, 44.
27.51000, 51.
27.52000, 38.
27.53000, 61.
27.54000, 45.
27.55000, 43.
27.56000, 46.
27.57000, 43.
27.58000, 48.
27.59000, 57.
27.60000, 44.
27.61000, 51.
27.62000, 50.
27.63000, 47.
27.64000, 52.
27.65000, 43.
27.66000, 39.
27.67000, 53.
27.68000, 49.
27.69000, 46.
27.70000, 60.
27.71000, 60.
27.72000, 43.
27.73000, 42.
27.74000, 46.
27.75000, 42.
27.76000, 40.
27.77000, 58.
27.78000, 55.
27.79000, 50.
27.80000, 48.
27.81000, 52.
27.82000, 48.
27.83000, 57.
27.84000, 49.
27.85000, 47.
27.86000, 52.
27.87000, 51.
27.88000, 45.
27.89000, 47.
27.90000, 49.
27.91000, 46.
27.92000, 32.
27.93000, 63.
27.94000, 66.
27.95000, 51.
27.96000, 46.
27.97000, 50.
27.98000, 52.
27.99000, 49.
28.00000, 56.
28.01000, 45.
28.02000, 37.
28.03000, 44.
28.04000, 52.
28.05000, 54.
28.06000, 49.
28.07000, 51.
28.08000, 45.
28.09000, 42.
28.10000, 41.
28.11000, 48.
28.12000, 46.
28.13000, 66.
28.14000, 48.
28.15000, 64.
28.16000, 43.
28.17000, 52.
28.18000, 72.
28.19000, 61.
28.20000, 57.
28.21000, 52.
28.22000, 54.
28.23000, 41.
28.24000, 47.
28.25000, 56.
28.26000, 55.
28.27000, 51.
28.28000, 54.
28.29000, 56.
28.30000, 48.
28.31000, 63.
28.32000, 56.
28.33000, 49.
28.34000, 56.
28.35000, 53.
28.36000, 57.
28.37000, 49.
28.38000, 47.
28.39000, 49.
28.40000, 66.
28.41000, 68.
28.42000, 62.
28.43000, 49.
28.44000, 59.
28.45000, 43.
28.46000, 55.
28.47000, 58.
28.48000, 47.
28.49000, 60.
28.50000, 44.
28.51000, 45.
28.52000, 44.
28.53000, 41.
28.54000, 53.
28.55000, 59.
28.56000, 46.
28.57000, 48.
28.58000, 50.
28.59000, 47.
28.60000, 41.
28.61000, 54.
28.62000, 51.
28.63000, 43.
28.64000, 50.
28.65000, 36.
28.66000, 41.
28.67000, 46.
28.68000, 48.
28.69000, 50.
28.70000, 36.
28.71000, 51.
28.72000, 41.
28.73000, 40.
28.74000, 50.
28.75000, 51.
28.76000, 38.
28.77000, 49.
28.78000, 51.
28.79000, 51.
28.80000, 43.
28.81000, 47.
28.82000, 48.
28.83000, 41.
28.84000, 45.
28.85000, 59.
28.86000, 51.
28.87000, 45.
28.88000, 34.
28.89000, 48.
28.90000, 41.
28.91000, 42.
28.92000, 45.
28.93000, 48.
28.94000, 43.
28.95000, 45.
28.96000, 57.
28.97000, 58.
28.98000, 32.
28.99000, 54.
29.00000, 55.
29.01000, 52.
29.02000, 52.
29.03000, 48.
29.04000, 39.
29.05000, 58.
29.06000, 48.
29.07000, 39.
29.08000, 48.
29.09000, 48.
29.10000, 46.
29.11000, 52.
29.12000, 44.
29.13000, 57.
29.14000, 50.
29.15000, 41.
29.16000, 39.
29.17000, 40.
29.18000, 53.
29.19000, 47.
29.20000, 54.
29.21000, 49.
29.22000, 39.
29.23000, 53.
29.24000, 43.
29.25000, 47.
29.26000, 37.
29.27000, 38.
29.28000, 50.
29.29000, 52.
29.30000, 44.
29.31000, 39.
29.32000, 51.
29.33000, 37.
29.34000, 52.
29.35000, 41.
29.36000, 43.
29.37000, 46.
29.38000, 50.
29.39000, 49.
29.40000, 44.
29.41000, 43.
29.42000, 42.
29.43000, 55.
29.44000, 49.
29.45000, 48.
29.46000, 31.
29.47000, 42.
29.48000, 54.
29.49000, 45.
29.50000, 49.
29.51000, 49.
29.52000, 45.
29.53000, 53.
29.54000, 53.
29.55000, 40.
29.56000, 49.
29.57000, 39.
29.58000, 44.
29.59000, 41.
29.60000, 48.
29.61000, 40.
29.62000, 47.
29.63000, 47.
29.64000, 53.
29.65000, 45.
29.66000, 47.
29.67000, 53.
29.68000, 45.
29.69000, 59.
29.70000, 41.
29.71000, 54.
29.72000, 38.
29.73000, 31.
29.74000, 42.
29.75000, 51.
29.76000, 42.
29.77000, 41.
29.78000, 47.
29.79000, 48.
29.80000, 42.
29.81000, 38.
29.82000, 40.
29.83000, 48.
29.84000, 44.
29.85000, 50.
29.86000, 41.
29.87000, 40.
29.88000, 36.
29.89000, 50.
29.90000, 49.
29.91000, 50.
29.92000, 42.
29.93000, 55.
29.94000, 39.
29.95000, 36.
29.96000, 34.
29.97000, 42.
29.98000, 43.
29.99000, 35.
30.00000, 32.
30.01000, 36.
30.02000, 35.
30.03000, 41.
30.04000, 29.
30.05000, 49.
30.06000, 41.
30.07000, 45.
30.08000, 55.
30.09000, 37.
30.10000, 43.
30.11000, 35.
30.12000, 36.
30.13000, 37.
30.14000, 45.
30.15000, 39.
30.16000, 47.
30.17000, 38.
30.18000, 41.
30.19000, 43.
30.20000, 44.
30.21000, 42.
30.22000, 30.
30.23000, 29.
30.24000, 35.
30.25000, 47.
30.26000, 41.
30.27000, 56.
30.28000, 47.
30.29000, 41.
30.30000, 37.
30.31000, 36.
30.32000, 44.
30.33000, 44.
30.34000, 48.
30.35000, 42.
30.36000, 32.
30.37000, 45.
30.38000, 43.
30.39000, 39.
30.40000, 48.
30.41000, 46.
30.42000, 38.
30.43000, 41.
30.44000, 53.
30.45000, 42.
30.46000, 50.
30.47000, 39.
30.48000, 38.
30.49000, 39.
30.50000, 43.
30.51000, 40.
30.52000, 50.
30.53000, 41.
30.54000, 34.
30.55000, 37.
30.56000, 37.
30.57000, 41.
30.58000, 35.
30.59000, 44.
30.60000, 35.
30.61000, 43.
30.62000, 33.
30.63000, 39.
30.64000, 43.
30.65000, 32.
30.66000, 39.
30.67000, 40.
30.68000, 37.
30.69000, 52.
30.70000, 31.
30.71000, 35.
30.72000, 38.
30.73000, 40.
30.74000, 50.
30.75000, 44.
30.76000, 42.
30.77000, 42.
30.78000, 35.
30.79000, 41.
30.80000, 40.
30.81000, 44.
30.82000, 40.
30.83000, 30.
30.84000, 43.
30.85000, 40.
30.86000, 32.
30.87000, 37.
30.88000, 42.
30.89000, 38.
30.90000, 31.
30.91000, 31.
30.92000, 42.
30.93000, 37.
30.94000, 48.
30.95000, 43.
30.96000, 33.
30.97000, 40.
30.98000, 40.
30.99000, 42.
31.00000, 32.
31.01000, 42.
31.02000, 49.
31.03000, 40.
31.04000, 43.
31.05000, 36.
31.06000, 40.
31.07000, 43.
31.08000, 43.
31.09000, 38.
31.10000, 44.
31.11000, 30.
31.12000, 38.
31.13000, 38.
31.14000, 35.
31.15000, 43.
31.16000, 54.
31.17000, 31.
31.18000, 40.
31.19000, 45.
31.20000, 52.
31.21000, 38.
31.22000, 43.
31.23000, 36.
31.24000, 44.
31.25000, 36.
31.26000, 46.
31.27000, 37.
31.28000, 32.
31.29000, 34.
31.30000, 30.
31.31000, 41.
31.32000, 31.
31.33000, 39.
31.34000, 39.
31.35000, 40.
31.36000, 31.
31.37000, 47.
31.38000, 43.
31.39000, 38.
31.40000, 51.
31.41000, 40.
31.42000, 37.
31.43000, 34.
31.44000, 34.
31.45000, 46.
31.46000, 53.
31.47000, 62.
31.48000, 50.
31.49000, 58.
31.50000, 47.
31.51000, 52.
31.52000, 54.
31.53000, 57.
31.54000, 64.
31.55000, 85.
31.56000, 87.
31.57000, 76.
31.58000, 77.
31.59000, 107.
31.60000, 102.
31.61000, 104.
31.62000, 138.
31.63000, 130.
31.64000, 152.
31.65000, 118.
31.66000, 166.
31.67000, 170.
31.68000, 170.
31.69000, 175.
31.70000, 177.
31.71000, 187.
31.72000, 166.
31.73000, 203.
31.74000, 207.
31.75000, 206.
31.76000, 180.
31.77000, 191.
31.78000, 185.
31.79000, 174.
31.80000, 198.
31.81000, 188.
31.82000, 185.
31.83000, 198.
31.84000, 167.
31.85000, 160.
31.86000, 189.
31.87000, 154.
31.88000, 169.
31.89000, 166.
31.90000, 156.
31.91000, 168.
31.92000, 170.
31.93000, 175.
31.94000, 174.
31.95000, 198.
31.96000, 183.
31.97000, 187.
31.98000, 180.
31.99000, 179.
32.00000, 232.
32.01000, 217.
32.02000, 232.
32.03000, 240.
32.04000, 302.
32.05000, 259.
32.06000, 255.
32.07000, 253.
32.08000, 281.
32.09000, 316.
32.10000, 279.
32.11000, 344.
32.12000, 323.
32.13000, 319.
32.14000, 342.
32.15000, 282.
32.16000, 321.
32.17000, 302.
32.18000, 292.
32.19000, 267.
32.20000, 292.
32.21000, 250.
32.22000, 245.
32.23000, 215.
32.24000, 231.
32.25000, 197.
32.26000, 176.
32.27000, 188.
32.28000, 160.
32.29000, 167.
32.30000, 150.
32.31000, 127.
32.32000, 128.
32.33000, 105.
32.34000, 95.
32.35000, 80.
32.36000, 93.
32.37000, 82.
32.38000, 74.
32.39000, 78.
32.40000, 56.
32.41000, 57.
32.42000, 53.
32.43000, 43.
32.44000, 47.
32.45000, 41.
32.46000, 34.
32.47000, 49.
32.48000, 38.
32.49000, 33.
32.50000, 39.
32.51000, 36.
32.52000, 43.
32.53000, 34.
32.54000, 27.
32.55000, 28.
32.56000, 33.
32.57000, 28.
32.58000, 34.
32.59000, 27.
32.60000, 25.
32.61000, 31.
32.62000, 39.
32.63000, 25.
32.64000, 44.
32.65000, 30.
32.66000, 32.
32.67000, 39.
32.68000, 34.
32.69000, 30.
32.70000, 24.
32.71000, 33.
32.72000, 30.
32.73000, 22.
32.74000, 24.
32.75000, 27.
32.76000, 34.
32.77000, 24.
32.78000, 35.
32.79000, 30.
32.80000, 38.
32.81000, 38.
32.82000, 45.
32.83000, 36.
32.84000, 43.
32.85000, 41.
32.86000, 35.
32.87000, 31.
32.88000, 29.
32.89000, 37.
32.90000, 34.
32.91000, 34.
32.92000, 44.
32.93000, 40.
32.94000, 31.
32.95000, 40.
32.96000, 50.
32.97000, 51.
32.98000, 35.
32.99000, 37.
33.00000, 42.
33.01000, 51.
33.02000, 39.
33.03000, 39.
33.04000, 37.
33.05000, 43.
33.06000, 30.
33.07000, 46.
33.08000, 33.
33.09000, 33.
33.10000, 39.
33.11000, 40.
33.12000, 42.
33.13000, 36.
33.14000, 38.
33.15000, 42.
33.16000, 41.
33.17000, 37.
33.18000, 38.
33.19000, 40.
33.20000, 28.
33.21000, 48.
33.22000, 44.
33.23000, 32.
33.24000, 32.
33.25000, 46.
33.26000, 44.
33.27000, 44.
33.28000, 35.
33.29000, 42.
33.30000, 45.
33.31000, 41.
33.32000, 43.
33.33000, 54.
33.34000, 38.
33.35000, 54.
33.36000, 49.
33.37000, 50.
33.38000, 48.
33.39000, 42.
33.40000, 58.
33.41000, 48.
33.42000, 44.
33.43000, 57.
33.44000, 42.
33.45000, 41.
33.46000, 46.
33.47000, 34.
33.48000, 32.
33.49000, 37.
33.50000, 45.
33.51000, 48.
33.52000, 27.
33.53000, 39.
33.54000, 43.
33.55000, 34.
33.56000, 38.
33.57000, 31.
33.58000, 24.
33.59000, 34.
33.60000, 21.
33.61000, 34.
33.62000, 25.
33.63000, 30.
33.64000, 33.
33.65000, 26.
33.66000, 27.
33.67000, 20.
33.68000, 30.
33.69000, 14.
33.70000, 21.
33.71000, 23.
33.72000, 24.
33.73000, 26.
33.74000, 29.
33.75000, 29.
33.76000, 33.
33.77000, 19.
33.78000, 23.
33.79000, 22.
33.80000, 24.
33.81000, 14.
33.82000, 19.
33.83000, 23.
33.84000, 18.
33.85000, 23.
33.86000, 16.
33.87000, 23.
33.88000, 28.
33.89000, 26.
33.90000, 21.
33.91000, 16.
33.92000, 22.
33.93000, 25.
33.94000, 29.
33.95000, 28.
33.96000, 20.
33.97000, 19.
33.98000, 23.
33.99000, 43.
34.00000, 27.
34.01000, 24.
34.02000, 37.
34.03000, 26.
34.04000, 34.
34.05000, 20.
34.06000, 29.
34.07000, 34.
34.08000, 36.
34.09000, 31.
34.10000, 27.
34.11000, 33.
34.12000, 29.
34.13000, 41.
34.14000, 32.
34.15000, 31.
34.16000, 31.
34.17000, 30.
34.18000, 43.
34.19000, 48.
34.20000, 31.
34.21000, 52.
34.22000, 39.
34.23000, 38.
34.24000, 39.
34.25000, 34.
34.26000, 31.
34.27000, 35.
34.28000, 24.
34.29000, 31.
34.30000, 46.
34.31000, 44.
34.32000, 39.
34.33000, 24.
34.34000, 39.
34.35000, 36.
34.36000, 34.
34.37000, 20.
34.38000, 29.
34.39000, 30.
34.40000, 29.
34.41000, 26.
34.42000, 24.
34.43000, 26.
34.44000, 24.
34.45000, 40.
34.46000, 24.
34.47000, 38.
34.48000, 21.
34.49000, 30.
34.50000, 26.
34.51000, 26.
34.52000, 42.
34.53000, 31.
34.54000, 47.
34.55000, 36.
34.56000, 47.
34.57000, 50.
34.58000, 45.
34.59000, 31.
34.60000, 41.
34.61000, 50.
34.62000, 45.
34.63000, 41.
34.64000, 53.
34.65000, 61.
34.66000, 37.
34.67000, 45.
34.68000, 42.
34.69000, 35.
34.70000, 49.
34.71000, 33.
34.72000, 47.
34.73000, 42.
34.74000, 48.
34.75000, 50.
34.76000, 33.
34.77000, 36.
34.78000, 40.
34.79000, 35.
34.80000, 39.
34.81000, 38.
34.82000, 27.
34.83000, 27.
34.84000, 31.
34.85000, 30.
34.86000, 19.
34.87000, 23.
34.88000, 36.
34.89000, 17.
34.90000, 20.
34.91000, 25.
34.92000, 12.
34.93000, 24.
34.94000, 26.
34.95000, 15.
34.96000, 29.
34.97000, 19.
34.98000, 17.
34.99000, 15.
35.00000, 17.
35.01000, 19.
35.02000, 15.
35.03000, 19.
35.04000, 10.
35.05000, 19.
35.06000, 18.
35.07000, 21.
35.08000, 19.
35.09000, 9.
35.10000, 21.
35.11000, 17.
35.12000, 16.
35.13000, 21.
35.14000, 14.
35.15000, 18.
35.16000, 15.
35.17000, 20.
35.18000, 20.
35.19000, 19.
35.20000, 18.
35.21000, 22.
35.22000, 17.
35.23000, 18.
35.24000, 13.
35.25000, 11.
35.26000, 16.
35.27000, 18.
35.28000, 16.
35.29000, 14.
35.30000, 22.
35.31000, 15.
35.32000, 16.
35.33000, 16.
35.34000, 18.
35.35000, 23.
35.36000, 20.
35.37000, 20.
35.38000, 23.
35.39000, 15.
35.40000, 26.
35.41000, 15.
35.42000, 11.
35.43000, 15.
35.44000, 23.
35.45000, 10.
35.46000, 18.
35.47000, 22.
35.48000, 19.
35.49000, 19.
35.50000, 16.
35.51000, 16.
35.52000, 17.
35.53000, 26.
35.54000, 26.
35.55000, 22.
35.56000, 21.
35.57000, 23.
35.58000, 22.
35.59000, 15.
35.60000, 14.
35.61000, 19.
35.62000, 10.
35.63000, 27.
35.64000, 16.
35.65000, 16.
35.66000, 29.
35.67000, 20.
35.68000, 28.
35.69000, 18.
35.70000, 28.
35.71000, 16.
35.72000, 23.
35.73000, 22.
35.74000, 17.
35.75000, 20.
35.76000, 17.
35.77000, 18.
35.78000, 18.
35.79000, 14.
35.80000, 16.
35.81000, 20.
35.82000, 26.
35.83000, 27.
35.84000, 22.
35.85000, 21.
35.86000, 27.
35.87000, 26.
35.88000, 20.
35.89000, 23.
35.90000, 20.
35.91000, 25.
35.92000, 20.
35.93000, 20.
35.94000, 21.
35.95000, 18.
35.96000, 35.
35.97000, 22.
35.98000, 36.
35.99000, 29.
36.00000, 20.
36.01000, 14.
36.02000, 26.
36.03000, 36.
36.04000, 31.
36.05000, 38.
36.06000, 21.
36.07000, 29.
36.08000, 29.
36.09000, 41.
36.10000, 36.
36.11000, 52.
36.12000, 55.
36.13000, 55.
36.14000, 52.
36.15000, 71.
36.16000, 49.
36.17000, 59.
36.18000, 52.
36.19000, 58.
36.20000, 74.
36.21000, 72.
36.22000, 63.
36.23000, 72.
36.24000, 60.
36.25000, 68.
36.26000, 70.
36.27000, 72.
36.28000, 73.
36.29000, 70.
36.30000, 73.
36.31000, 64.
36.32000, 59.
36.33000, 65.
36.34000, 59.
36.35000, 62.
36.36000, 63.
36.37000, 53.
36.38000, 66.
36.39000, 55.
36.40000, 63.
36.41000, 57.
36.42000, 59.
36.43000, 47.
36.44000, 54.
36.45000, 52.
36.46000, 30.
36.47000, 38.
36.48000, 34.
36.49000, 28.
36.50000, 30.
36.51000, 21.
36.52000, 23.
36.53000, 19.
36.54000, 24.
36.55000, 27.
36.56000, 16.
36.57000, 21.
36.58000, 18.
36.59000, 17.
36.60000, 18.
36.61000, 23.
36.62000, 17.
36.63000, 16.
36.64000, 23.
36.65000, 18.
36.66000, 10.
36.67000, 16.
36.68000, 14.
36.69000, 14.
36.70000, 17.
36.71000, 18.
36.72000, 11.
36.73000, 14.
36.74000, 13.
36.75000, 14.
36.76000, 20.
36.77000, 19.
36.78000, 12.
36.79000, 16.
36.80000, 15.
36.81000, 13.
36.82000, 14.
36.83000, 15.
36.84000, 20.
36.85000, 18.
36.86000, 15.
36.87000, 24.
36.88000, 16.
36.89000, 16.
36.90000, 18.
36.91000, 16.
36.92000, 18.
36.93000, 28.
36.94000, 17.
36.95000, 17.
36.96000, 23.
36.97000, 17.
36.98000, 25.
36.99000, 16.
37.00000, 21.
37.01000, 18.
37.02000, 28.
37.03000, 15.
37.04000, 13.
37.05000, 17.
37.06000, 16.
37.07000, 30.
37.08000, 27.
37.09000, 23.
37.10000, 22.
37.11000, 19.
37.12000, 25.
37.13000, 18.
37.14000, 33.
37.15000, 26.
37.16000, 30.
37.17000, 35.
37.18000, 25.
37.19000, 29.
37.20000, 16.
37.21000, 24.
37.22000, 31.
37.23000, 30.
37.24000, 26.
37.25000, 24.
37.26000, 28.
37.27000, 25.
37.28000, 25.
37.29000, 25.
37.30000, 19.
37.31000, 20.
37.32000, 24.
37.33000, 26.
37.34000, 21.
37.35000, 12.
37.36000, 11.
37.37000, 22.
37.38000, 20.
37.39000, 20.
37.40000, 21.
37.41000, 20.
37.42000, 18.
37.43000, 14.
37.44000, 23.
37.45000, 15.
37.46000, 20.
37.47000, 16.
37.48000, 12.
37.49000, 20.
37.50000, 16.
37.51000, 23.
37.52000, 15.
37.53000, 18.
37.54000, 11.
37.55000, 14.
37.56000, 16.
37.57000, 16.
37.58000, 14.
37.59000, 12.
37.60000, 14.
37.61000, 5.
37.62000, 20.
37.63000, 13.
37.64000, 11.
37.65000, 13.
37.66000, 14.
37.67000, 13.
37.68000, 9.
37.69000, 10.
37.70000, 15.
37.71000, 11.
37.72000, 15.
37.73000, 13.
37.74000, 23.
37.75000, 16.
37.76000, 17.
37.77000, 9.
37.78000, 11.
37.79000, 15.
37.80000, 15.
37.81000, 8.
37.82000, 14.
37.83000, 14.
37.84000, 9.
37.85000, 12.
37.86000, 6.
37.87000, 9.
37.88000, 10.
37.89000, 11.
37.90000, 11.
37.91000, 9.
37.92000, 11.
37.93000, 9.
37.94000, 8.
37.95000, 10.
37.96000, 13.
37.97000, 11.
37.98000, 7.
37.99000, 9.
38.00000, 9.
38.01000, 11.
38.02000, 12.
38.03000, 14.
38.04000, 11.
38.05000, 14.
38.06000, 12.
38.07000, 7.
38.08000, 9.
38.09000, 8.
38.10000, 8.
38.11000, 9.
38.12000, 12.
38.13000, 7.
38.14000, 6.
38.15000, 13.
38.16000, 9.
38.17000, 9.
38.18000, 10.
38.19000, 8.
38.20000, 4.
38.21000, 8.
38.22000, 10.
38.23000, 5.
38.24000, 5.
38.25000, 10.
38.26000, 12.
38.27000, 6.
38.28000, 6.
38.29000, 11.
38.30000, 12.
38.31000, 7.
38.32000, 7.
38.33000, 6.
38.34000, 8.
38.35000, 7.
38.36000, 16.
38.37000, 9.
38.38000, 14.
38.39000, 11.
38.40000, 6.
38.41000, 7.
38.42000, 9.
38.43000, 8.
38.44000, 7.
38.45000, 10.
38.46000, 9.
38.47000, 8.
38.48000, 6.
38.49000, 9.
38.50000, 9.
38.51000, 5.
38.52000, 11.
38.53000, 12.
38.54000, 13.
38.55000, 9.
38.56000, 8.
38.57000, 7.
38.58000, 11.
38.59000, 11.
38.60000, 13.
38.61000, 3.
38.62000, 8.
38.63000, 11.
38.64000, 11.
38.65000, 10.
38.66000, 9.
38.67000, 6.
38.68000, 5.
38.69000, 11.
38.70000, 10.
38.71000, 7.
38.72000, 7.
38.73000, 8.
38.74000, 16.
38.75000, 7.
38.76000, 14.
38.77000, 5.
38.78000, 12.
38.79000, 6.
38.80000, 7.
38.81000, 8.
38.82000, 14.
38.83000, 14.
38.84000, 14.
38.85000, 9.
38.86000, 11.
38.87000, 10.
38.88000, 15.
38.89000, 12.
38.90000, 7.
38.91000, 10.
38.92000, 9.
38.93000, 6.
38.94000, 8.
38.95000, 5.
38.96000, 12.
38.97000, 12.
38.98000, 11.
38.99000, 8.
39.00000, 15.
39.01000, 7.
39.02000, 12.
39.03000, 4.
39.04000, 7.
39.05000, 9.
39.06000, 9.
39.07000, 9.
39.08000, 7.
39.09000, 15.
39.10000, 12.
39.11000, 13.
39.12000, 13.
39.13000, 9.
39.14000, 18.
39.15000, 15.
39.16000, 16.
39.17000, 9.
39.18000, 13.
39.19000, 7.
39.20000, 14.
39.21000, 9.
39.22000, 5.
39.23000, 13.
39.24000, 16.
39.25000, 6.
39.26000, 12.
39.27000, 11.
39.28000, 4.
39.29000, 9.
39.30000, 7.
39.31000, 8.
39.32000, 11.
39.33000, 10.
39.34000, 14.
39.35000, 12.
39.36000, 10.
39.37000, 5.
39.38000, 10.
39.39000, 5.
39.40000, 10.
39.41000, 14.
39.42000, 10.
39.43000, 9.
39.44000, 7.
39.45000, 7.
39.46000, 6.
39.47000, 6.
39.48000, 9.
39.49000, 3.
39.50000, 1.
39.51000, 6.
39.52000, 4.
39.53000, 3.
39.54000, 7.
39.55000, 5.
39.56000, 6.
39.57000, 5.
39.58000, 5.
39.59000, 8.
39.60000, 7.
39.61000, 5.
39.62000, 7.
39.63000, 6.
39.64000, 3.
39.65000, 6.
39.66000, 6.
39.67000, 3.
39.68000, 4.
39.69000, 5.
39.70000, 7.
39.71000, 9.
39.72000, 6.
39.73000, 3.
39.74000, 5.
39.75000, 5.
39.76000, 4.
39.77000, 6.
39.78000, 6.
39.79000, 7.
39.80000, 7.
39.81000, 11.
39.82000, 5.
39.83000, 6.
39.84000, 5.
39.85000, 10.
39.86000, 3.
39.87000, 6.
39.88000, 6.
39.89000, 5.
39.90000, 7.
39.91000, 9.
39.92000, 5.
39.93000, 6.
39.94000, 7.
39.95000, 4.
39.96000, 3.
39.97000, 4.
39.98000, 3.
39.99000, 7.
40.00000, 6.
40.01000, 6.
40.02000, 5.
40.03000, 8.
40.04000, 3.
40.05000, 7.
40.06000, 5.
40.07000, 7.
40.08000, 3.
40.09000, 6.
40.10000, 9.
40.11000, 3.
40.12000, 5.
40.13000, 8.
40.14000, 7.
40.15000, 5.
40.16000, 6.
40.17000, 7.
40.18000, 10.
40.19000, 8.
40.20000, 6.
40.21000, 5.
40.22000, 5.
40.23000, 3.
40.24000, 6.
40.25000, 5.
40.26000, 5.
40.27000, 4.
40.28000, 4.
40.29000, 10.
40.30000, 6.
40.31000, 3.
40.32000, 3.
40.33000, 6.
40.34000, 11.
40.35000, 5.
40.36000, 5.
40.37000, 6.
40.38000, 2.
40.39000, 4.
40.40000, 4.
40.41000, 4.
40.42000, 3.
40.43000, 6.
40.44000, 3.
40.45000, 7.
40.46000, 4.
40.47000, 6.
40.48000, 2.
40.49000, 4.
40.50000, 2.
40.51000, 8.
40.52000, 8.
40.53000, 6.
40.54000, 3.
40.55000, 0.
#ENDOFDATA   : 
