#FORMAT      : EMSA/MAS Spectral Data File
#VERSION     : 1.0
#TITLE       : mid 3
#DATE        : 24-JUL-2026
#TIME        : 11:29
#OWNER       : XGT7200
#NPOINTS     : 4096.
#NCOLUMNS    : 1.
#XUNITS      : keV
#YUNITS      : counts
#DATATYPE    : XY
#XPERCHAN    : 0.0100000
#OFFSET      : -0.400000
#SIGNALTYPE  : EDS
#CHOFFSET    : 40.0000
#LIVETIME    : 60.000000
#REALTIME    : 79.652685
#BEAMKV      : 50.0000
#PROBECUR    : 654000.
#MAGCAM      : 100.000
#XTILTSTGE   : 0.0
#AZIMANGLE   : 0.0
#ELEVANGLE   : 45.0
#XPOSITION mm: 0.0000
#YPOSITION mm: 0.0000
#ZPOSITION mm: 0.0000
##OXINSTPT   : 4
##OXINSTSTROB: 72.07
##OXINSTELEMS: 12,14,16,20,25,26,38,45,56,58,70
##OXINSTLABEL: 16, 2.308, S
##OXINSTLABEL: 16, 2.464, S
##OXINSTLABEL: 38, 14.165, Sr
##OXINSTLABEL: 38, 15.836, Sr
##OXINSTLABEL: 38, 16.085, Sr
##OXINSTLABEL: 38, 1.807, Sr
##OXINSTLABEL: 38, 1.649, Sr
##OXINSTLABEL: 38, 1.582, Sr
##OXINSTLABEL: 20, 3.692, Ca
##OXINSTLABEL: 20, 4.013, Ca
##OXINSTLABEL: 20, 0.341, Ca
##OXINSTLABEL: 20, 0.306, Ca
##OXINSTLABEL: 26, 6.404, Fe
##OXINSTLABEL: 26, 7.058, Fe
##OXINSTLABEL: 26, 0.705, Fe
##OXINSTLABEL: 26, 0.628, Fe
##OXINSTLABEL: 45, 20.216, Rh
##OXINSTLABEL: 45, 22.724, Rh
##OXINSTLABEL: 45, 23.173, Rh
##OXINSTLABEL: 45, 2.697, Rh
##OXINSTLABEL: 45, 2.834, Rh
##OXINSTLABEL: 45, 2.519, Rh
##OXINSTLABEL: 45, 3.364, Rh
##OXINSTLABEL: 45, 2.377, Rh
##OXINSTLABEL: 12, 1.254, Mg
##OXINSTLABEL: 14, 1.740, Si
##OXINSTLABEL: 56, 32.194, Ba
##OXINSTLABEL: 56, 31.818, Ba
##OXINSTLABEL: 56, 36.379, Ba
##OXINSTLABEL: 56, 37.258, Ba
##OXINSTLABEL: 56, 4.466, Ba
##OXINSTLABEL: 56, 4.828, Ba
##OXINSTLABEL: 56, 5.157, Ba
##OXINSTLABEL: 56, 4.331, Ba
##OXINSTLABEL: 56, 5.531, Ba
##OXINSTLABEL: 56, 5.797, Ba
##OXINSTLABEL: 56, 3.954, Ba
##OXINSTLABEL: 25, 5.899, Mn
##OXINSTLABEL: 25, 6.491, Mn
##OXINSTLABEL: 25, 0.636, Mn
##OXINSTLABEL: 25, 0.567, Mn
##OXINSTLABEL: 58, 34.720, Ce
##OXINSTLABEL: 58, 34.279, Ce
##OXINSTLABEL: 58, 39.258, Ce
##OXINSTLABEL: 58, 4.840, Ce
##OXINSTLABEL: 58, 5.262, Ce
##OXINSTLABEL: 58, 5.613, Ce
##OXINSTLABEL: 58, 4.732, Ce
##OXINSTLABEL: 58, 6.052, Ce
##OXINSTLABEL: 58, 6.325, Ce
##OXINSTLABEL: 58, 4.288, Ce
##OXINSTLABEL: 58, 0.883, Ce
##OXINSTLABEL: 58, 1.075, Ce
##OXINSTLABEL: 58, 0.676, Ce
##OXINSTLABEL: 70, 7.416, Yb
##OXINSTLABEL: 70, 8.402, Yb
##OXINSTLABEL: 70, 8.759, Yb
##OXINSTLABEL: 70, 7.580, Yb
##OXINSTLABEL: 70, 9.780, Yb
##OXINSTLABEL: 70, 10.090, Yb
##OXINSTLABEL: 70, 6.546, Yb
##OXINSTLABEL: 70, 1.521, Yb
##OXINSTLABEL: 70, 1.765, Yb
##OXINSTLABEL: 70, 1.183, Yb
#SPECTRUM    : Spectral Data Starts Here
-0.40000, 0.
-0.39000, 0.
-0.38000, 0.
-0.37000, 0.
-0.36000, 0.
-0.35000, 0.
-0.34000, 0.
-0.33000, 0.
-0.32000, 0.
-0.31000, 0.
-0.30000, 0.
-0.29000, 0.
-0.28000, 0.
-0.27000, 0.
-0.26000, 0.
-0.25000, 0.
-0.24000, 0.
-0.23000, 0.
-0.22000, 0.
-0.21000, 0.
-0.20000, 0.
-0.19000, 0.
-0.18000, 0.
-0.17000, 0.
-0.16000, 0.
-0.15000, 0.
-0.14000, 0.
-0.13000, 0.
-0.12000, 0.
-0.11000, 0.
-0.10000, 0.
-0.09000, 0.
-0.08000, 0.
-0.07000, 0.
-0.06000, 0.
-0.05000, 0.
-0.04000, 0.
-0.03000, 0.
-0.02000, 0.
-0.01000, 0.
0.00000, 0.
0.01000, 0.
0.02000, 0.
0.03000, 0.
0.04000, 0.
0.05000, 0.
0.06000, 0.
0.07000, 0.
0.08000, 0.
0.09000, 0.
0.10000, 0.
0.11000, 0.
0.12000, 0.
0.13000, 0.
0.14000, 0.
0.15000, 0.
0.16000, 0.
0.17000, 0.
0.18000, 0.
0.19000, 0.
0.20000, 0.
0.21000, 0.
0.22000, 0.
0.23000, 0.
0.24000, 0.
0.25000, 0.
0.26000, 0.
0.27000, 0.
0.28000, 0.
0.29000, 0.
0.30000, 0.
0.31000, 0.
0.32000, 0.
0.33000, 3.
0.34000, 3.
0.35000, 3.
0.36000, 14.
0.37000, 12.
0.38000, 21.
0.39000, 28.
0.40000, 35.
0.41000, 45.
0.42000, 47.
0.43000, 69.
0.44000, 62.
0.45000, 74.
0.46000, 77.
0.47000, 75.
0.48000, 67.
0.49000, 80.
0.50000, 74.
0.51000, 76.
0.52000, 59.
0.53000, 72.
0.54000, 69.
0.55000, 97.
0.56000, 77.
0.57000, 96.
0.58000, 72.
0.59000, 69.
0.60000, 76.
0.61000, 82.
0.62000, 78.
0.63000, 71.
0.64000, 64.
0.65000, 79.
0.66000, 47.
0.67000, 58.
0.68000, 65.
0.69000, 78.
0.70000, 61.
0.71000, 62.
0.72000, 73.
0.73000, 68.
0.74000, 76.
0.75000, 74.
0.76000, 48.
0.77000, 73.
0.78000, 60.
0.79000, 61.
0.80000, 60.
0.81000, 68.
0.82000, 54.
0.83000, 64.
0.84000, 57.
0.85000, 59.
0.86000, 49.
0.87000, 73.
0.88000, 65.
0.89000, 53.
0.90000, 64.
0.91000, 88.
0.92000, 80.
0.93000, 66.
0.94000, 63.
0.95000, 74.
0.96000, 62.
0.97000, 61.
0.98000, 75.
0.99000, 66.
1.00000, 67.
1.01000, 57.
1.02000, 73.
1.03000, 70.
1.04000, 59.
1.05000, 76.
1.06000, 63.
1.07000, 45.
1.08000, 80.
1.09000, 77.
1.10000, 75.
1.11000, 85.
1.12000, 84.
1.13000, 75.
1.14000, 79.
1.15000, 65.
1.16000, 72.
1.17000, 71.
1.18000, 84.
1.19000, 82.
1.20000, 85.
1.21000, 92.
1.22000, 114.
1.23000, 108.
1.24000, 113.
1.25000, 109.
1.26000, 109.
1.27000, 126.
1.28000, 104.
1.29000, 90.
1.30000, 94.
1.31000, 92.
1.32000, 87.
1.33000, 60.
1.34000, 62.
1.35000, 42.
1.36000, 56.
1.37000, 58.
1.38000, 50.
1.39000, 56.
1.40000, 53.
1.41000, 55.
1.42000, 61.
1.43000, 63.
1.44000, 89.
1.45000, 61.
1.46000, 78.
1.47000, 80.
1.48000, 73.
1.49000, 93.
1.50000, 79.
1.51000, 68.
1.52000, 81.
1.53000, 74.
1.54000, 63.
1.55000, 56.
1.56000, 51.
1.57000, 40.
1.58000, 61.
1.59000, 46.
1.60000, 54.
1.61000, 47.
1.62000, 68.
1.63000, 54.
1.64000, 70.
1.65000, 80.
1.66000, 100.
1.67000, 126.
1.68000, 148.
1.69000, 235.
1.70000, 282.
1.71000, 343.
1.72000, 378.
1.73000, 432.
1.74000, 488.
1.75000, 510.
1.76000, 501.
1.77000, 429.
1.78000, 437.
1.79000, 385.
1.80000, 315.
1.81000, 311.
1.82000, 323.
1.83000, 243.
1.84000, 262.
1.85000, 259.
1.86000, 251.
1.87000, 323.
1.88000, 363.
1.89000, 436.
1.90000, 512.
1.91000, 591.
1.92000, 707.
1.93000, 767.
1.94000, 822.
1.95000, 815.
1.96000, 798.
1.97000, 764.
1.98000, 676.
1.99000, 589.
2.00000, 451.
2.01000, 379.
2.02000, 307.
2.03000, 241.
2.04000, 186.
2.05000, 155.
2.06000, 118.
2.07000, 125.
2.08000, 112.
2.09000, 109.
2.10000, 103.
2.11000, 102.
2.12000, 100.
2.13000, 119.
2.14000, 124.
2.15000, 141.
2.16000, 153.
2.17000, 124.
2.18000, 160.
2.19000, 167.
2.20000, 200.
2.21000, 228.
2.22000, 282.
2.23000, 310.
2.24000, 370.
2.25000, 505.
2.26000, 617.
2.27000, 643.
2.28000, 826.
2.29000, 826.
2.30000, 901.
2.31000, 882.
2.32000, 937.
2.33000, 866.
2.34000, 758.
2.35000, 685.
2.36000, 553.
2.37000, 454.
2.38000, 381.
2.39000, 292.
2.40000, 246.
2.41000, 196.
2.42000, 204.
2.43000, 163.
2.44000, 158.
2.45000, 145.
2.46000, 161.
2.47000, 149.
2.48000, 123.
2.49000, 107.
2.50000, 136.
2.51000, 122.
2.52000, 106.
2.53000, 107.
2.54000, 133.
2.55000, 126.
2.56000, 128.
2.57000, 132.
2.58000, 177.
2.59000, 203.
2.60000, 250.
2.61000, 303.
2.62000, 416.
2.63000, 478.
2.64000, 563.
2.65000, 678.
2.66000, 776.
2.67000, 834.
2.68000, 976.
2.69000, 1006.
2.70000, 1037.
2.71000, 1086.
2.72000, 986.
2.73000, 1011.
2.74000, 870.
2.75000, 912.
2.76000, 910.
2.77000, 961.
2.78000, 1001.
2.79000, 1065.
2.80000, 1287.
2.81000, 1404.
2.82000, 1489.
2.83000, 1579.
2.84000, 1633.
2.85000, 1667.
2.86000, 1602.
2.87000, 1487.
2.88000, 1235.
2.89000, 1168.
2.90000, 1053.
2.91000, 943.
2.92000, 789.
2.93000, 686.
2.94000, 579.
2.95000, 480.
2.96000, 415.
2.97000, 346.
2.98000, 292.
2.99000, 255.
3.00000, 235.
3.01000, 197.
3.02000, 190.
3.03000, 187.
3.04000, 151.
3.05000, 171.
3.06000, 163.
3.07000, 116.
3.08000, 144.
3.09000, 117.
3.10000, 164.
3.11000, 189.
3.12000, 177.
3.13000, 171.
3.14000, 186.
3.15000, 186.
3.16000, 159.
3.17000, 177.
3.18000, 170.
3.19000, 145.
3.20000, 164.
3.21000, 162.
3.22000, 160.
3.23000, 158.
3.24000, 159.
3.25000, 162.
3.26000, 166.
3.27000, 152.
3.28000, 177.
3.29000, 178.
3.30000, 160.
3.31000, 183.
3.32000, 192.
3.33000, 202.
3.34000, 209.
3.35000, 186.
3.36000, 200.
3.37000, 182.
3.38000, 183.
3.39000, 199.
3.40000, 190.
3.41000, 193.
3.42000, 197.
3.43000, 198.
3.44000, 194.
3.45000, 214.
3.46000, 241.
3.47000, 259.
3.48000, 277.
3.49000, 331.
3.50000, 366.
3.51000, 525.
3.52000, 641.
3.53000, 907.
3.54000, 1327.
3.55000, 1898.
3.56000, 2688.
3.57000, 4066.
3.58000, 5980.
3.59000, 8771.
3.60000, 12505.
3.61000, 17463.
3.62000, 23436.
3.63000, 30381.
3.64000, 37943.
3.65000, 45833.
3.66000, 53002.
3.67000, 59918.
3.68000, 65106.
3.69000, 68009.
3.70000, 67460.
3.71000, 65550.
3.72000, 60754.
3.73000, 53814.
3.74000, 45799.
3.75000, 38054.
3.76000, 30086.
3.77000, 22927.
3.78000, 17044.
3.79000, 12246.
3.80000, 8195.
3.81000, 5469.
3.82000, 3627.
3.83000, 2346.
3.84000, 1520.
3.85000, 1088.
3.86000, 927.
3.87000, 858.
3.88000, 857.
3.89000, 1103.
3.90000, 1349.
3.91000, 1728.
3.92000, 2270.
3.93000, 2830.
3.94000, 3718.
3.95000, 4688.
3.96000, 5494.
3.97000, 6672.
3.98000, 7540.
3.99000, 8395.
4.00000, 9309.
4.01000, 9645.
4.02000, 9660.
4.03000, 9462.
4.04000, 8790.
4.05000, 7910.
4.06000, 7089.
4.07000, 5806.
4.08000, 4734.
4.09000, 3758.
4.10000, 2830.
4.11000, 2014.
4.12000, 1492.
4.13000, 985.
4.14000, 688.
4.15000, 459.
4.16000, 284.
4.17000, 201.
4.18000, 133.
4.19000, 90.
4.20000, 76.
4.21000, 56.
4.22000, 62.
4.23000, 37.
4.24000, 51.
4.25000, 71.
4.26000, 59.
4.27000, 58.
4.28000, 66.
4.29000, 71.
4.30000, 69.
4.31000, 96.
4.32000, 89.
4.33000, 101.
4.34000, 124.
4.35000, 139.
4.36000, 186.
4.37000, 223.
4.38000, 269.
4.39000, 385.
4.40000, 467.
4.41000, 553.
4.42000, 609.
4.43000, 692.
4.44000, 763.
4.45000, 806.
4.46000, 933.
4.47000, 948.
4.48000, 902.
4.49000, 838.
4.50000, 789.
4.51000, 700.
4.52000, 631.
4.53000, 526.
4.54000, 459.
4.55000, 345.
4.56000, 316.
4.57000, 287.
4.58000, 232.
4.59000, 220.
4.60000, 188.
4.61000, 199.
4.62000, 192.
4.63000, 206.
4.64000, 184.
4.65000, 209.
4.66000, 194.
4.67000, 190.
4.68000, 208.
4.69000, 179.
4.70000, 183.
4.71000, 196.
4.72000, 207.
4.73000, 241.
4.74000, 272.
4.75000, 351.
4.76000, 403.
4.77000, 422.
4.78000, 559.
4.79000, 651.
4.80000, 741.
4.81000, 756.
4.82000, 893.
4.83000, 879.
4.84000, 907.
4.85000, 830.
4.86000, 803.
4.87000, 801.
4.88000, 744.
4.89000, 669.
4.90000, 601.
4.91000, 486.
4.92000, 456.
4.93000, 415.
4.94000, 351.
4.95000, 316.
4.96000, 278.
4.97000, 229.
4.98000, 228.
4.99000, 223.
5.00000, 229.
5.01000, 216.
5.02000, 171.
5.03000, 256.
5.04000, 222.
5.05000, 233.
5.06000, 238.
5.07000, 208.
5.08000, 244.
5.09000, 236.
5.10000, 254.
5.11000, 239.
5.12000, 289.
5.13000, 270.
5.14000, 272.
5.15000, 315.
5.16000, 331.
5.17000, 356.
5.18000, 369.
5.19000, 370.
5.20000, 340.
5.21000, 343.
5.22000, 353.
5.23000, 353.
5.24000, 327.
5.25000, 355.
5.26000, 351.
5.27000, 346.
5.28000, 292.
5.29000, 262.
5.30000, 249.
5.31000, 210.
5.32000, 216.
5.33000, 203.
5.34000, 180.
5.35000, 165.
5.36000, 189.
5.37000, 170.
5.38000, 157.
5.39000, 128.
5.40000, 159.
5.41000, 131.
5.42000, 142.
5.43000, 130.
5.44000, 120.
5.45000, 135.
5.46000, 134.
5.47000, 152.
5.48000, 150.
5.49000, 180.
5.50000, 155.
5.51000, 140.
5.52000, 178.
5.53000, 192.
5.54000, 192.
5.55000, 194.
5.56000, 208.
5.57000, 198.
5.58000, 163.
5.59000, 179.
5.60000, 173.
5.61000, 171.
5.62000, 178.
5.63000, 177.
5.64000, 162.
5.65000, 156.
5.66000, 164.
5.67000, 139.
5.68000, 152.
5.69000, 149.
5.70000, 168.
5.71000, 155.
5.72000, 158.
5.73000, 158.
5.74000, 160.
5.75000, 175.
5.76000, 176.
5.77000, 177.
5.78000, 187.
5.79000, 201.
5.80000, 156.
5.81000, 208.
5.82000, 224.
5.83000, 198.
5.84000, 228.
5.85000, 200.
5.86000, 235.
5.87000, 227.
5.88000, 249.
5.89000, 251.
5.90000, 229.
5.91000, 225.
5.92000, 213.
5.93000, 202.
5.94000, 212.
5.95000, 151.
5.96000, 177.
5.97000, 126.
5.98000, 121.
5.99000, 144.
6.00000, 105.
6.01000, 130.
6.02000, 127.
6.03000, 111.
6.04000, 115.
6.05000, 103.
6.06000, 113.
6.07000, 109.
6.08000, 99.
6.09000, 107.
6.10000, 118.
6.11000, 104.
6.12000, 107.
6.13000, 97.
6.14000, 101.
6.15000, 76.
6.16000, 100.
6.17000, 88.
6.18000, 102.
6.19000, 65.
6.20000, 93.
6.21000, 108.
6.22000, 120.
6.23000, 121.
6.24000, 135.
6.25000, 172.
6.26000, 199.
6.27000, 215.
6.28000, 274.
6.29000, 345.
6.30000, 414.
6.31000, 496.
6.32000, 579.
6.33000, 744.
6.34000, 839.
6.35000, 967.
6.36000, 1093.
6.37000, 1179.
6.38000, 1187.
6.39000, 1286.
6.40000, 1205.
6.41000, 1219.
6.42000, 1223.
6.43000, 1194.
6.44000, 1010.
6.45000, 940.
6.46000, 817.
6.47000, 729.
6.48000, 591.
6.49000, 525.
6.50000, 435.
6.51000, 369.
6.52000, 318.
6.53000, 241.
6.54000, 204.
6.55000, 180.
6.56000, 150.
6.57000, 142.
6.58000, 112.
6.59000, 123.
6.60000, 111.
6.61000, 114.
6.62000, 117.
6.63000, 103.
6.64000, 100.
6.65000, 89.
6.66000, 109.
6.67000, 104.
6.68000, 116.
6.69000, 93.
6.70000, 107.
6.71000, 109.
6.72000, 77.
6.73000, 98.
6.74000, 105.
6.75000, 111.
6.76000, 101.
6.77000, 120.
6.78000, 93.
6.79000, 88.
6.80000, 104.
6.81000, 120.
6.82000, 98.
6.83000, 98.
6.84000, 96.
6.85000, 116.
6.86000, 96.
6.87000, 118.
6.88000, 109.
6.89000, 98.
6.90000, 111.
6.91000, 128.
6.92000, 124.
6.93000, 140.
6.94000, 150.
6.95000, 158.
6.96000, 177.
6.97000, 144.
6.98000, 191.
6.99000, 220.
7.00000, 201.
7.01000, 223.
7.02000, 246.
7.03000, 269.
7.04000, 251.
7.05000, 250.
7.06000, 276.
7.07000, 283.
7.08000, 239.
7.09000, 210.
7.10000, 201.
7.11000, 222.
7.12000, 195.
7.13000, 174.
7.14000, 153.
7.15000, 131.
7.16000, 117.
7.17000, 127.
7.18000, 96.
7.19000, 114.
7.20000, 113.
7.21000, 108.
7.22000, 92.
7.23000, 100.
7.24000, 107.
7.25000, 110.
7.26000, 116.
7.27000, 135.
7.28000, 132.
7.29000, 162.
7.30000, 141.
7.31000, 203.
7.32000, 215.
7.33000, 260.
7.34000, 273.
7.35000, 288.
7.36000, 286.
7.37000, 324.
7.38000, 317.
7.39000, 373.
7.40000, 326.
7.41000, 353.
7.42000, 320.
7.43000, 305.
7.44000, 280.
7.45000, 258.
7.46000, 217.
7.47000, 212.
7.48000, 192.
7.49000, 173.
7.50000, 155.
7.51000, 145.
7.52000, 123.
7.53000, 105.
7.54000, 119.
7.55000, 89.
7.56000, 107.
7.57000, 106.
7.58000, 105.
7.59000, 92.
7.60000, 115.
7.61000, 116.
7.62000, 122.
7.63000, 118.
7.64000, 133.
7.65000, 141.
7.66000, 146.
7.67000, 148.
7.68000, 145.
7.69000, 138.
7.70000, 171.
7.71000, 163.
7.72000, 177.
7.73000, 169.
7.74000, 159.
7.75000, 162.
7.76000, 135.
7.77000, 171.
7.78000, 123.
7.79000, 161.
7.80000, 135.
7.81000, 112.
7.82000, 101.
7.83000, 109.
7.84000, 92.
7.85000, 106.
7.86000, 92.
7.87000, 104.
7.88000, 94.
7.89000, 96.
7.90000, 102.
7.91000, 97.
7.92000, 128.
7.93000, 101.
7.94000, 119.
7.95000, 113.
7.96000, 99.
7.97000, 116.
7.98000, 110.
7.99000, 135.
8.00000, 111.
8.01000, 116.
8.02000, 126.
8.03000, 128.
8.04000, 137.
8.05000, 139.
8.06000, 145.
8.07000, 145.
8.08000, 155.
8.09000, 141.
8.10000, 132.
8.11000, 145.
8.12000, 131.
8.13000, 127.
8.14000, 125.
8.15000, 131.
8.16000, 140.
8.17000, 135.
8.18000, 135.
8.19000, 135.
8.20000, 132.
8.21000, 145.
8.22000, 144.
8.23000, 125.
8.24000, 128.
8.25000, 115.
8.26000, 147.
8.27000, 139.
8.28000, 151.
8.29000, 142.
8.30000, 153.
8.31000, 131.
8.32000, 157.
8.33000, 136.
8.34000, 162.
8.35000, 142.
8.36000, 164.
8.37000, 146.
8.38000, 148.
8.39000, 159.
8.40000, 141.
8.41000, 160.
8.42000, 158.
8.43000, 155.
8.44000, 161.
8.45000, 169.
8.46000, 166.
8.47000, 162.
8.48000, 153.
8.49000, 173.
8.50000, 144.
8.51000, 139.
8.52000, 169.
8.53000, 164.
8.54000, 158.
8.55000, 144.
8.56000, 164.
8.57000, 129.
8.58000, 173.
8.59000, 155.
8.60000, 132.
8.61000, 145.
8.62000, 157.
8.63000, 158.
8.64000, 134.
8.65000, 124.
8.66000, 165.
8.67000, 176.
8.68000, 145.
8.69000, 147.
8.70000, 156.
8.71000, 171.
8.72000, 155.
8.73000, 140.
8.74000, 146.
8.75000, 126.
8.76000, 128.
8.77000, 132.
8.78000, 131.
8.79000, 146.
8.80000, 139.
8.81000, 133.
8.82000, 136.
8.83000, 138.
8.84000, 133.
8.85000, 141.
8.86000, 149.
8.87000, 149.
8.88000, 125.
8.89000, 157.
8.90000, 147.
8.91000, 138.
8.92000, 144.
8.93000, 165.
8.94000, 133.
8.95000, 122.
8.96000, 141.
8.97000, 121.
8.98000, 139.
8.99000, 135.
9.00000, 143.
9.01000, 138.
9.02000, 131.
9.03000, 154.
9.04000, 143.
9.05000, 125.
9.06000, 133.
9.07000, 129.
9.08000, 119.
9.09000, 134.
9.10000, 129.
9.11000, 154.
9.12000, 137.
9.13000, 134.
9.14000, 149.
9.15000, 163.
9.16000, 156.
9.17000, 161.
9.18000, 161.
9.19000, 152.
9.20000, 151.
9.21000, 145.
9.22000, 162.
9.23000, 154.
9.24000, 158.
9.25000, 168.
9.26000, 167.
9.27000, 143.
9.28000, 162.
9.29000, 180.
9.30000, 147.
9.31000, 142.
9.32000, 175.
9.33000, 169.
9.34000, 160.
9.35000, 131.
9.36000, 142.
9.37000, 154.
9.38000, 151.
9.39000, 166.
9.40000, 141.
9.41000, 161.
9.42000, 168.
9.43000, 158.
9.44000, 172.
9.45000, 142.
9.46000, 173.
9.47000, 156.
9.48000, 148.
9.49000, 170.
9.50000, 151.
9.51000, 186.
9.52000, 172.
9.53000, 144.
9.54000, 159.
9.55000, 164.
9.56000, 158.
9.57000, 180.
9.58000, 161.
9.59000, 170.
9.60000, 180.
9.61000, 160.
9.62000, 152.
9.63000, 170.
9.64000, 177.
9.65000, 204.
9.66000, 169.
9.67000, 160.
9.68000, 188.
9.69000, 148.
9.70000, 185.
9.71000, 154.
9.72000, 190.
9.73000, 189.
9.74000, 161.
9.75000, 166.
9.76000, 172.
9.77000, 155.
9.78000, 162.
9.79000, 174.
9.80000, 149.
9.81000, 171.
9.82000, 178.
9.83000, 171.
9.84000, 163.
9.85000, 173.
9.86000, 196.
9.87000, 183.
9.88000, 192.
9.89000, 181.
9.90000, 177.
9.91000, 154.
9.92000, 154.
9.93000, 166.
9.94000, 160.
9.95000, 195.
9.96000, 171.
9.97000, 188.
9.98000, 193.
9.99000, 156.
10.00000, 167.
10.01000, 181.
10.02000, 160.
10.03000, 158.
10.04000, 157.
10.05000, 174.
10.06000, 176.
10.07000, 179.
10.08000, 185.
10.09000, 184.
10.10000, 178.
10.11000, 171.
10.12000, 170.
10.13000, 176.
10.14000, 193.
10.15000, 152.
10.16000, 193.
10.17000, 185.
10.18000, 164.
10.19000, 168.
10.20000, 151.
10.21000, 150.
10.22000, 176.
10.23000, 175.
10.24000, 181.
10.25000, 178.
10.26000, 184.
10.27000, 165.
10.28000, 151.
10.29000, 180.
10.30000, 146.
10.31000, 181.
10.32000, 214.
10.33000, 169.
10.34000, 192.
10.35000, 190.
10.36000, 204.
10.37000, 203.
10.38000, 212.
10.39000, 196.
10.40000, 223.
10.41000, 186.
10.42000, 220.
10.43000, 255.
10.44000, 255.
10.45000, 274.
10.46000, 293.
10.47000, 269.
10.48000, 325.
10.49000, 294.
10.50000, 298.
10.51000, 333.
10.52000, 317.
10.53000, 325.
10.54000, 313.
10.55000, 313.
10.56000, 345.
10.57000, 338.
10.58000, 316.
10.59000, 312.
10.60000, 295.
10.61000, 289.
10.62000, 258.
10.63000, 270.
10.64000, 233.
10.65000, 236.
10.66000, 229.
10.67000, 209.
10.68000, 208.
10.69000, 199.
10.70000, 193.
10.71000, 204.
10.72000, 199.
10.73000, 181.
10.74000, 193.
10.75000, 193.
10.76000, 165.
10.77000, 174.
10.78000, 194.
10.79000, 192.
10.80000, 194.
10.81000, 189.
10.82000, 186.
10.83000, 187.
10.84000, 188.
10.85000, 182.
10.86000, 194.
10.87000, 167.
10.88000, 165.
10.89000, 183.
10.90000, 195.
10.91000, 190.
10.92000, 189.
10.93000, 187.
10.94000, 189.
10.95000, 184.
10.96000, 199.
10.97000, 193.
10.98000, 215.
10.99000, 199.
11.00000, 192.
11.01000, 172.
11.02000, 189.
11.03000, 179.
11.04000, 211.
11.05000, 190.
11.06000, 187.
11.07000, 190.
11.08000, 177.
11.09000, 182.
11.10000, 171.
11.11000, 170.
11.12000, 169.
11.13000, 197.
11.14000, 155.
11.15000, 198.
11.16000, 200.
11.17000, 191.
11.18000, 169.
11.19000, 154.
11.20000, 199.
11.21000, 166.
11.22000, 184.
11.23000, 190.
11.24000, 223.
11.25000, 198.
11.26000, 180.
11.27000, 200.
11.28000, 190.
11.29000, 197.
11.30000, 207.
11.31000, 201.
11.32000, 191.
11.33000, 199.
11.34000, 206.
11.35000, 216.
11.36000, 183.
11.37000, 191.
11.38000, 207.
11.39000, 219.
11.40000, 179.
11.41000, 203.
11.42000, 173.
11.43000, 208.
11.44000, 220.
11.45000, 210.
11.46000, 181.
11.47000, 213.
11.48000, 230.
11.49000, 200.
11.50000, 175.
11.51000, 196.
11.52000, 201.
11.53000, 177.
11.54000, 178.
11.55000, 222.
11.56000, 186.
11.57000, 204.
11.58000, 193.
11.59000, 212.
11.60000, 195.
11.61000, 199.
11.62000, 219.
11.63000, 191.
11.64000, 176.
11.65000, 197.
11.66000, 199.
11.67000, 180.
11.68000, 207.
11.69000, 175.
11.70000, 205.
11.71000, 210.
11.72000, 204.
11.73000, 190.
11.74000, 195.
11.75000, 188.
11.76000, 236.
11.77000, 179.
11.78000, 216.
11.79000, 180.
11.80000, 196.
11.81000, 181.
11.82000, 209.
11.83000, 210.
11.84000, 164.
11.85000, 195.
11.86000, 189.
11.87000, 203.
11.88000, 174.
11.89000, 206.
11.90000, 199.
11.91000, 199.
11.92000, 213.
11.93000, 174.
11.94000, 184.
11.95000, 205.
11.96000, 190.
11.97000, 181.
11.98000, 218.
11.99000, 223.
12.00000, 194.
12.01000, 187.
12.02000, 208.
12.03000, 196.
12.04000, 181.
12.05000, 207.
12.06000, 208.
12.07000, 206.
12.08000, 210.
12.09000, 195.
12.10000, 199.
12.11000, 182.
12.12000, 196.
12.13000, 190.
12.14000, 202.
12.15000, 199.
12.16000, 185.
12.17000, 205.
12.18000, 191.
12.19000, 227.
12.20000, 190.
12.21000, 206.
12.22000, 211.
12.23000, 191.
12.24000, 190.
12.25000, 241.
12.26000, 188.
12.27000, 223.
12.28000, 223.
12.29000, 204.
12.30000, 208.
12.31000, 187.
12.32000, 208.
12.33000, 207.
12.34000, 239.
12.35000, 189.
12.36000, 221.
12.37000, 218.
12.38000, 199.
12.39000, 198.
12.40000, 186.
12.41000, 194.
12.42000, 216.
12.43000, 192.
12.44000, 198.
12.45000, 209.
12.46000, 259.
12.47000, 253.
12.48000, 232.
12.49000, 269.
12.50000, 233.
12.51000, 282.
12.52000, 308.
12.53000, 285.
12.54000, 303.
12.55000, 312.
12.56000, 363.
12.57000, 293.
12.58000, 354.
12.59000, 347.
12.60000, 337.
12.61000, 371.
12.62000, 330.
12.63000, 328.
12.64000, 305.
12.65000, 313.
12.66000, 308.
12.67000, 307.
12.68000, 304.
12.69000, 279.
12.70000, 282.
12.71000, 254.
12.72000, 232.
12.73000, 266.
12.74000, 241.
12.75000, 244.
12.76000, 226.
12.77000, 240.
12.78000, 224.
12.79000, 216.
12.80000, 227.
12.81000, 201.
12.82000, 207.
12.83000, 227.
12.84000, 197.
12.85000, 204.
12.86000, 209.
12.87000, 211.
12.88000, 210.
12.89000, 201.
12.90000, 220.
12.91000, 213.
12.92000, 188.
12.93000, 207.
12.94000, 205.
12.95000, 214.
12.96000, 187.
12.97000, 213.
12.98000, 219.
12.99000, 217.
13.00000, 221.
13.01000, 227.
13.02000, 199.
13.03000, 210.
13.04000, 215.
13.05000, 207.
13.06000, 206.
13.07000, 197.
13.08000, 204.
13.09000, 202.
13.10000, 183.
13.11000, 196.
13.12000, 204.
13.13000, 223.
13.14000, 227.
13.15000, 192.
13.16000, 207.
13.17000, 190.
13.18000, 178.
13.19000, 187.
13.20000, 177.
13.21000, 187.
13.22000, 202.
13.23000, 227.
13.24000, 225.
13.25000, 188.
13.26000, 198.
13.27000, 202.
13.28000, 178.
13.29000, 214.
13.30000, 185.
13.31000, 209.
13.32000, 206.
13.33000, 197.
13.34000, 179.
13.35000, 191.
13.36000, 210.
13.37000, 193.
13.38000, 203.
13.39000, 217.
13.40000, 207.
13.41000, 248.
13.42000, 205.
13.43000, 220.
13.44000, 227.
13.45000, 224.
13.46000, 191.
13.47000, 196.
13.48000, 227.
13.49000, 173.
13.50000, 182.
13.51000, 206.
13.52000, 215.
13.53000, 211.
13.54000, 199.
13.55000, 206.
13.56000, 223.
13.57000, 206.
13.58000, 235.
13.59000, 211.
13.60000, 213.
13.61000, 213.
13.62000, 208.
13.63000, 209.
13.64000, 210.
13.65000, 242.
13.66000, 186.
13.67000, 215.
13.68000, 226.
13.69000, 216.
13.70000, 239.
13.71000, 212.
13.72000, 198.
13.73000, 205.
13.74000, 215.
13.75000, 191.
13.76000, 232.
13.77000, 219.
13.78000, 215.
13.79000, 261.
13.80000, 225.
13.81000, 235.
13.82000, 214.
13.83000, 239.
13.84000, 257.
13.85000, 273.
13.86000, 307.
13.87000, 284.
13.88000, 313.
13.89000, 393.
13.90000, 422.
13.91000, 474.
13.92000, 562.
13.93000, 694.
13.94000, 772.
13.95000, 919.
13.96000, 985.
13.97000, 1301.
13.98000, 1399.
13.99000, 1620.
14.00000, 1926.
14.01000, 2113.
14.02000, 2438.
14.03000, 2777.
14.04000, 3040.
14.05000, 3155.
14.06000, 3588.
14.07000, 3852.
14.08000, 3999.
14.09000, 4281.
14.10000, 4477.
14.11000, 4536.
14.12000, 4615.
14.13000, 4539.
14.14000, 4527.
14.15000, 4335.
14.16000, 4297.
14.17000, 4116.
14.18000, 4044.
14.19000, 3588.
14.20000, 3345.
14.21000, 2959.
14.22000, 2722.
14.23000, 2436.
14.24000, 2130.
14.25000, 1907.
14.26000, 1677.
14.27000, 1443.
14.28000, 1180.
14.29000, 1026.
14.30000, 866.
14.31000, 708.
14.32000, 626.
14.33000, 489.
14.34000, 423.
14.35000, 368.
14.36000, 320.
14.37000, 306.
14.38000, 252.
14.39000, 288.
14.40000, 239.
14.41000, 245.
14.42000, 221.
14.43000, 231.
14.44000, 204.
14.45000, 167.
14.46000, 200.
14.47000, 228.
14.48000, 213.
14.49000, 194.
14.50000, 186.
14.51000, 201.
14.52000, 222.
14.53000, 183.
14.54000, 187.
14.55000, 196.
14.56000, 189.
14.57000, 203.
14.58000, 193.
14.59000, 214.
14.60000, 208.
14.61000, 212.
14.62000, 224.
14.63000, 194.
14.64000, 222.
14.65000, 227.
14.66000, 221.
14.67000, 205.
14.68000, 229.
14.69000, 205.
14.70000, 195.
14.71000, 207.
14.72000, 245.
14.73000, 205.
14.74000, 219.
14.75000, 192.
14.76000, 246.
14.77000, 239.
14.78000, 200.
14.79000, 211.
14.80000, 242.
14.81000, 213.
14.82000, 222.
14.83000, 243.
14.84000, 215.
14.85000, 205.
14.86000, 228.
14.87000, 228.
14.88000, 216.
14.89000, 236.
14.90000, 226.
14.91000, 218.
14.92000, 244.
14.93000, 230.
14.94000, 200.
14.95000, 219.
14.96000, 219.
14.97000, 229.
14.98000, 187.
14.99000, 214.
15.00000, 225.
15.01000, 191.
15.02000, 195.
15.03000, 208.
15.04000, 208.
15.05000, 206.
15.06000, 206.
15.07000, 223.
15.08000, 204.
15.09000, 210.
15.10000, 216.
15.11000, 202.
15.12000, 197.
15.13000, 196.
15.14000, 212.
15.15000, 202.
15.16000, 183.
15.17000, 194.
15.18000, 201.
15.19000, 186.
15.20000, 204.
15.21000, 189.
15.22000, 210.
15.23000, 215.
15.24000, 196.
15.25000, 201.
15.26000, 196.
15.27000, 201.
15.28000, 202.
15.29000, 199.
15.30000, 189.
15.31000, 189.
15.32000, 186.
15.33000, 195.
15.34000, 182.
15.35000, 188.
15.36000, 169.
15.37000, 193.
15.38000, 204.
15.39000, 195.
15.40000, 182.
15.41000, 185.
15.42000, 197.
15.43000, 192.
15.44000, 194.
15.45000, 186.
15.46000, 173.
15.47000, 201.
15.48000, 223.
15.49000, 189.
15.50000, 205.
15.51000, 185.
15.52000, 191.
15.53000, 209.
15.54000, 213.
15.55000, 212.
15.56000, 211.
15.57000, 247.
15.58000, 224.
15.59000, 270.
15.60000, 244.
15.61000, 258.
15.62000, 281.
15.63000, 316.
15.64000, 296.
15.65000, 344.
15.66000, 357.
15.67000, 427.
15.68000, 450.
15.69000, 499.
15.70000, 549.
15.71000, 549.
15.72000, 644.
15.73000, 683.
15.74000, 724.
15.75000, 793.
15.76000, 830.
15.77000, 897.
15.78000, 909.
15.79000, 894.
15.80000, 939.
15.81000, 925.
15.82000, 956.
15.83000, 874.
15.84000, 905.
15.85000, 867.
15.86000, 821.
15.87000, 762.
15.88000, 779.
15.89000, 695.
15.90000, 641.
15.91000, 609.
15.92000, 541.
15.93000, 523.
15.94000, 486.
15.95000, 474.
15.96000, 415.
15.97000, 376.
15.98000, 339.
15.99000, 390.
16.00000, 315.
16.01000, 311.
16.02000, 323.
16.03000, 340.
16.04000, 324.
16.05000, 288.
16.06000, 272.
16.07000, 295.
16.08000, 314.
16.09000, 285.
16.10000, 290.
16.11000, 261.
16.12000, 274.
16.13000, 261.
16.14000, 235.
16.15000, 240.
16.16000, 249.
16.17000, 241.
16.18000, 208.
16.19000, 235.
16.20000, 231.
16.21000, 195.
16.22000, 208.
16.23000, 193.
16.24000, 200.
16.25000, 179.
16.26000, 190.
16.27000, 167.
16.28000, 147.
16.29000, 197.
16.30000, 184.
16.31000, 192.
16.32000, 178.
16.33000, 185.
16.34000, 187.
16.35000, 182.
16.36000, 182.
16.37000, 154.
16.38000, 168.
16.39000, 166.
16.40000, 159.
16.41000, 166.
16.42000, 163.
16.43000, 166.
16.44000, 177.
16.45000, 178.
16.46000, 151.
16.47000, 165.
16.48000, 165.
16.49000, 182.
16.50000, 186.
16.51000, 177.
16.52000, 162.
16.53000, 167.
16.54000, 166.
16.55000, 178.
16.56000, 189.
16.57000, 169.
16.58000, 167.
16.59000, 158.
16.60000, 173.
16.61000, 187.
16.62000, 173.
16.63000, 186.
16.64000, 170.
16.65000, 178.
16.66000, 173.
16.67000, 178.
16.68000, 166.
16.69000, 190.
16.70000, 146.
16.71000, 175.
16.72000, 175.
16.73000, 176.
16.74000, 189.
16.75000, 181.
16.76000, 168.
16.77000, 174.
16.78000, 187.
16.79000, 167.
16.80000, 171.
16.81000, 176.
16.82000, 174.
16.83000, 187.
16.84000, 189.
16.85000, 186.
16.86000, 174.
16.87000, 186.
16.88000, 182.
16.89000, 172.
16.90000, 201.
16.91000, 174.
16.92000, 167.
16.93000, 169.
16.94000, 174.
16.95000, 187.
16.96000, 174.
16.97000, 187.
16.98000, 196.
16.99000, 147.
17.00000, 193.
17.01000, 179.
17.02000, 170.
17.03000, 184.
17.04000, 169.
17.05000, 189.
17.06000, 174.
17.07000, 175.
17.08000, 159.
17.09000, 189.
17.10000, 169.
17.11000, 183.
17.12000, 192.
17.13000, 181.
17.14000, 168.
17.15000, 170.
17.16000, 148.
17.17000, 191.
17.18000, 189.
17.19000, 169.
17.20000, 161.
17.21000, 168.
17.22000, 198.
17.23000, 174.
17.24000, 181.
17.25000, 189.
17.26000, 171.
17.27000, 185.
17.28000, 189.
17.29000, 193.
17.30000, 176.
17.31000, 159.
17.32000, 180.
17.33000, 181.
17.34000, 195.
17.35000, 185.
17.36000, 188.
17.37000, 187.
17.38000, 190.
17.39000, 190.
17.40000, 204.
17.41000, 192.
17.42000, 184.
17.43000, 193.
17.44000, 186.
17.45000, 171.
17.46000, 206.
17.47000, 205.
17.48000, 172.
17.49000, 212.
17.50000, 207.
17.51000, 153.
17.52000, 201.
17.53000, 181.
17.54000, 177.
17.55000, 181.
17.56000, 196.
17.57000, 219.
17.58000, 210.
17.59000, 187.
17.60000, 181.
17.61000, 219.
17.62000, 212.
17.63000, 195.
17.64000, 176.
17.65000, 222.
17.66000, 226.
17.67000, 204.
17.68000, 205.
17.69000, 188.
17.70000, 231.
17.71000, 254.
17.72000, 238.
17.73000, 236.
17.74000, 252.
17.75000, 217.
17.76000, 237.
17.77000, 241.
17.78000, 220.
17.79000, 233.
17.80000, 254.
17.81000, 254.
17.82000, 269.
17.83000, 234.
17.84000, 258.
17.85000, 251.
17.86000, 252.
17.87000, 254.
17.88000, 257.
17.89000, 244.
17.90000, 220.
17.91000, 264.
17.92000, 232.
17.93000, 253.
17.94000, 258.
17.95000, 243.
17.96000, 232.
17.97000, 244.
17.98000, 246.
17.99000, 241.
18.00000, 249.
18.01000, 230.
18.02000, 221.
18.03000, 248.
18.04000, 243.
18.05000, 262.
18.06000, 235.
18.07000, 249.
18.08000, 222.
18.09000, 260.
18.10000, 238.
18.11000, 261.
18.12000, 269.
18.13000, 278.
18.14000, 273.
18.15000, 290.
18.16000, 287.
18.17000, 301.
18.18000, 287.
18.19000, 312.
18.20000, 276.
18.21000, 273.
18.22000, 297.
18.23000, 315.
18.24000, 308.
18.25000, 320.
18.26000, 315.
18.27000, 318.
18.28000, 311.
18.29000, 326.
18.30000, 318.
18.31000, 363.
18.32000, 340.
18.33000, 370.
18.34000, 393.
18.35000, 408.
18.36000, 382.
18.37000, 384.
18.38000, 382.
18.39000, 409.
18.40000, 447.
18.41000, 457.
18.42000, 464.
18.43000, 506.
18.44000, 436.
18.45000, 460.
18.46000, 545.
18.47000, 514.
18.48000, 529.
18.49000, 583.
18.50000, 566.
18.51000, 571.
18.52000, 592.
18.53000, 610.
18.54000, 692.
18.55000, 676.
18.56000, 639.
18.57000, 674.
18.58000, 702.
18.59000, 671.
18.60000, 785.
18.61000, 770.
18.62000, 791.
18.63000, 804.
18.64000, 813.
18.65000, 834.
18.66000, 809.
18.67000, 879.
18.68000, 829.
18.69000, 778.
18.70000, 852.
18.71000, 883.
18.72000, 930.
18.73000, 889.
18.74000, 920.
18.75000, 885.
18.76000, 917.
18.77000, 868.
18.78000, 947.
18.79000, 918.
18.80000, 911.
18.81000, 874.
18.82000, 893.
18.83000, 880.
18.84000, 908.
18.85000, 901.
18.86000, 842.
18.87000, 889.
18.88000, 842.
18.89000, 861.
18.90000, 846.
18.91000, 913.
18.92000, 860.
18.93000, 830.
18.94000, 811.
18.95000, 807.
18.96000, 746.
18.97000, 777.
18.98000, 698.
18.99000, 725.
19.00000, 751.
19.01000, 724.
19.02000, 725.
19.03000, 692.
19.04000, 702.
19.05000, 641.
19.06000, 650.
19.07000, 607.
19.08000, 595.
19.09000, 641.
19.10000, 551.
19.11000, 534.
19.12000, 556.
19.13000, 566.
19.14000, 523.
19.15000, 529.
19.16000, 480.
19.17000, 501.
19.18000, 492.
19.19000, 473.
19.20000, 481.
19.21000, 399.
19.22000, 414.
19.23000, 459.
19.24000, 405.
19.25000, 375.
19.26000, 411.
19.27000, 373.
19.28000, 395.
19.29000, 347.
19.30000, 330.
19.31000, 340.
19.32000, 344.
19.33000, 343.
19.34000, 298.
19.35000, 326.
19.36000, 312.
19.37000, 324.
19.38000, 271.
19.39000, 285.
19.40000, 283.
19.41000, 278.
19.42000, 278.
19.43000, 275.
19.44000, 284.
19.45000, 262.
19.46000, 244.
19.47000, 270.
19.48000, 249.
19.49000, 240.
19.50000, 256.
19.51000, 256.
19.52000, 221.
19.53000, 234.
19.54000, 243.
19.55000, 230.
19.56000, 227.
19.57000, 223.
19.58000, 213.
19.59000, 233.
19.60000, 210.
19.61000, 223.
19.62000, 193.
19.63000, 208.
19.64000, 214.
19.65000, 223.
19.66000, 200.
19.67000, 188.
19.68000, 186.
19.69000, 192.
19.70000, 192.
19.71000, 195.
19.72000, 175.
19.73000, 187.
19.74000, 179.
19.75000, 185.
19.76000, 174.
19.77000, 188.
19.78000, 191.
19.79000, 188.
19.80000, 185.
19.81000, 188.
19.82000, 185.
19.83000, 218.
19.84000, 194.
19.85000, 206.
19.86000, 239.
19.87000, 232.
19.88000, 247.
19.89000, 274.
19.90000, 256.
19.91000, 331.
19.92000, 328.
19.93000, 334.
19.94000, 376.
19.95000, 400.
19.96000, 444.
19.97000, 448.
19.98000, 502.
19.99000, 570.
20.00000, 553.
20.01000, 591.
20.02000, 596.
20.03000, 633.
20.04000, 646.
20.05000, 723.
20.06000, 750.
20.07000, 742.
20.08000, 788.
20.09000, 828.
20.10000, 804.
20.11000, 920.
20.12000, 882.
20.13000, 950.
20.14000, 908.
20.15000, 846.
20.16000, 936.
20.17000, 879.
20.18000, 867.
20.19000, 887.
20.20000, 799.
20.21000, 832.
20.22000, 797.
20.23000, 777.
20.24000, 693.
20.25000, 679.
20.26000, 625.
20.27000, 578.
20.28000, 522.
20.29000, 491.
20.30000, 443.
20.31000, 435.
20.32000, 374.
20.33000, 342.
20.34000, 316.
20.35000, 290.
20.36000, 273.
20.37000, 265.
20.38000, 216.
20.39000, 220.
20.40000, 177.
20.41000, 201.
20.42000, 189.
20.43000, 177.
20.44000, 159.
20.45000, 168.
20.46000, 177.
20.47000, 164.
20.48000, 158.
20.49000, 176.
20.50000, 184.
20.51000, 158.
20.52000, 158.
20.53000, 148.
20.54000, 170.
20.55000, 182.
20.56000, 166.
20.57000, 180.
20.58000, 186.
20.59000, 173.
20.60000, 162.
20.61000, 167.
20.62000, 192.
20.63000, 165.
20.64000, 163.
20.65000, 173.
20.66000, 187.
20.67000, 188.
20.68000, 181.
20.69000, 198.
20.70000, 193.
20.71000, 210.
20.72000, 217.
20.73000, 210.
20.74000, 208.
20.75000, 216.
20.76000, 211.
20.77000, 220.
20.78000, 222.
20.79000, 234.
20.80000, 229.
20.81000, 224.
20.82000, 246.
20.83000, 263.
20.84000, 224.
20.85000, 222.
20.86000, 226.
20.87000, 257.
20.88000, 260.
20.89000, 230.
20.90000, 237.
20.91000, 247.
20.92000, 259.
20.93000, 268.
20.94000, 223.
20.95000, 237.
20.96000, 258.
20.97000, 249.
20.98000, 249.
20.99000, 251.
21.00000, 221.
21.01000, 269.
21.02000, 252.
21.03000, 245.
21.04000, 246.
21.05000, 253.
21.06000, 256.
21.07000, 258.
21.08000, 255.
21.09000, 242.
21.10000, 239.
21.11000, 213.
21.12000, 271.
21.13000, 200.
21.14000, 244.
21.15000, 239.
21.16000, 209.
21.17000, 270.
21.18000, 252.
21.19000, 224.
21.20000, 217.
21.21000, 208.
21.22000, 233.
21.23000, 224.
21.24000, 217.
21.25000, 232.
21.26000, 196.
21.27000, 217.
21.28000, 201.
21.29000, 196.
21.30000, 181.
21.31000, 218.
21.32000, 183.
21.33000, 183.
21.34000, 183.
21.35000, 172.
21.36000, 174.
21.37000, 204.
21.38000, 179.
21.39000, 178.
21.40000, 180.
21.41000, 214.
21.42000, 177.
21.43000, 178.
21.44000, 164.
21.45000, 136.
21.46000, 199.
21.47000, 173.
21.48000, 154.
21.49000, 152.
21.50000, 171.
21.51000, 149.
21.52000, 149.
21.53000, 168.
21.54000, 130.
21.55000, 164.
21.56000, 153.
21.57000, 136.
21.58000, 150.
21.59000, 139.
21.60000, 142.
21.61000, 134.
21.62000, 113.
21.63000, 122.
21.64000, 140.
21.65000, 136.
21.66000, 129.
21.67000, 121.
21.68000, 147.
21.69000, 131.
21.70000, 138.
21.71000, 146.
21.72000, 138.
21.73000, 134.
21.74000, 117.
21.75000, 120.
21.76000, 122.
21.77000, 117.
21.78000, 114.
21.79000, 133.
21.80000, 107.
21.81000, 118.
21.82000, 125.
21.83000, 131.
21.84000, 114.
21.85000, 116.
21.86000, 123.
21.87000, 124.
21.88000, 107.
21.89000, 127.
21.90000, 107.
21.91000, 130.
21.92000, 103.
21.93000, 88.
21.94000, 116.
21.95000, 111.
21.96000, 118.
21.97000, 128.
21.98000, 125.
21.99000, 101.
22.00000, 96.
22.01000, 113.
22.02000, 112.
22.03000, 116.
22.04000, 103.
22.05000, 115.
22.06000, 115.
22.07000, 106.
22.08000, 108.
22.09000, 92.
22.10000, 96.
22.11000, 97.
22.12000, 100.
22.13000, 98.
22.14000, 96.
22.15000, 97.
22.16000, 96.
22.17000, 114.
22.18000, 102.
22.19000, 90.
22.20000, 102.
22.21000, 83.
22.22000, 96.
22.23000, 96.
22.24000, 94.
22.25000, 102.
22.26000, 100.
22.27000, 117.
22.28000, 99.
22.29000, 94.
22.30000, 92.
22.31000, 103.
22.32000, 96.
22.33000, 100.
22.34000, 110.
22.35000, 96.
22.36000, 99.
22.37000, 100.
22.38000, 95.
22.39000, 119.
22.40000, 111.
22.41000, 83.
22.42000, 82.
22.43000, 98.
22.44000, 124.
22.45000, 120.
22.46000, 105.
22.47000, 112.
22.48000, 119.
22.49000, 131.
22.50000, 148.
22.51000, 136.
22.52000, 129.
22.53000, 144.
22.54000, 145.
22.55000, 128.
22.56000, 164.
22.57000, 152.
22.58000, 185.
22.59000, 190.
22.60000, 196.
22.61000, 181.
22.62000, 180.
22.63000, 188.
22.64000, 208.
22.65000, 210.
22.66000, 225.
22.67000, 208.
22.68000, 197.
22.69000, 203.
22.70000, 187.
22.71000, 205.
22.72000, 189.
22.73000, 195.
22.74000, 176.
22.75000, 183.
22.76000, 152.
22.77000, 166.
22.78000, 150.
22.79000, 160.
22.80000, 149.
22.81000, 134.
22.82000, 133.
22.83000, 138.
22.84000, 114.
22.85000, 130.
22.86000, 105.
22.87000, 110.
22.88000, 89.
22.89000, 109.
22.90000, 92.
22.91000, 122.
22.92000, 105.
22.93000, 101.
22.94000, 94.
22.95000, 96.
22.96000, 95.
22.97000, 75.
22.98000, 87.
22.99000, 97.
23.00000, 106.
23.01000, 92.
23.02000, 104.
23.03000, 103.
23.04000, 101.
23.05000, 79.
23.06000, 103.
23.07000, 96.
23.08000, 105.
23.09000, 111.
23.10000, 85.
23.11000, 104.
23.12000, 85.
23.13000, 87.
23.14000, 90.
23.15000, 79.
23.16000, 116.
23.17000, 99.
23.18000, 112.
23.19000, 89.
23.20000, 92.
23.21000, 98.
23.22000, 84.
23.23000, 116.
23.24000, 103.
23.25000, 89.
23.26000, 71.
23.27000, 85.
23.28000, 95.
23.29000, 80.
23.30000, 87.
23.31000, 82.
23.32000, 58.
23.33000, 77.
23.34000, 84.
23.35000, 79.
23.36000, 80.
23.37000, 74.
23.38000, 78.
23.39000, 70.
23.40000, 82.
23.41000, 93.
23.42000, 70.
23.43000, 92.
23.44000, 66.
23.45000, 53.
23.46000, 65.
23.47000, 70.
23.48000, 58.
23.49000, 91.
23.50000, 64.
23.51000, 64.
23.52000, 76.
23.53000, 67.
23.54000, 75.
23.55000, 69.
23.56000, 85.
23.57000, 84.
23.58000, 80.
23.59000, 84.
23.60000, 88.
23.61000, 90.
23.62000, 60.
23.63000, 72.
23.64000, 56.
23.65000, 87.
23.66000, 87.
23.67000, 74.
23.68000, 66.
23.69000, 65.
23.70000, 84.
23.71000, 80.
23.72000, 72.
23.73000, 72.
23.74000, 79.
23.75000, 81.
23.76000, 76.
23.77000, 81.
23.78000, 65.
23.79000, 89.
23.80000, 65.
23.81000, 83.
23.82000, 64.
23.83000, 66.
23.84000, 99.
23.85000, 93.
23.86000, 78.
23.87000, 58.
23.88000, 72.
23.89000, 80.
23.90000, 76.
23.91000, 74.
23.92000, 77.
23.93000, 69.
23.94000, 75.
23.95000, 79.
23.96000, 80.
23.97000, 73.
23.98000, 65.
23.99000, 76.
24.00000, 76.
24.01000, 69.
24.02000, 83.
24.03000, 96.
24.04000, 69.
24.05000, 72.
24.06000, 79.
24.07000, 77.
24.08000, 74.
24.09000, 74.
24.10000, 79.
24.11000, 67.
24.12000, 57.
24.13000, 67.
24.14000, 70.
24.15000, 80.
24.16000, 67.
24.17000, 68.
24.18000, 62.
24.19000, 69.
24.20000, 80.
24.21000, 74.
24.22000, 49.
24.23000, 73.
24.24000, 76.
24.25000, 67.
24.26000, 72.
24.27000, 80.
24.28000, 69.
24.29000, 77.
24.30000, 52.
24.31000, 62.
24.32000, 72.
24.33000, 75.
24.34000, 77.
24.35000, 73.
24.36000, 81.
24.37000, 58.
24.38000, 65.
24.39000, 61.
24.40000, 75.
24.41000, 56.
24.42000, 56.
24.43000, 68.
24.44000, 82.
24.45000, 55.
24.46000, 65.
24.47000, 56.
24.48000, 68.
24.49000, 90.
24.50000, 78.
24.51000, 69.
24.52000, 68.
24.53000, 58.
24.54000, 72.
24.55000, 57.
24.56000, 65.
24.57000, 67.
24.58000, 69.
24.59000, 68.
24.60000, 68.
24.61000, 76.
24.62000, 74.
24.63000, 71.
24.64000, 71.
24.65000, 58.
24.66000, 65.
24.67000, 62.
24.68000, 74.
24.69000, 62.
24.70000, 81.
24.71000, 74.
24.72000, 67.
24.73000, 77.
24.74000, 70.
24.75000, 64.
24.76000, 71.
24.77000, 45.
24.78000, 61.
24.79000, 81.
24.80000, 46.
24.81000, 78.
24.82000, 70.
24.83000, 82.
24.84000, 74.
24.85000, 81.
24.86000, 63.
24.87000, 63.
24.88000, 84.
24.89000, 73.
24.90000, 77.
24.91000, 78.
24.92000, 75.
24.93000, 88.
24.94000, 92.
24.95000, 54.
24.96000, 76.
24.97000, 69.
24.98000, 75.
24.99000, 70.
25.00000, 63.
25.01000, 67.
25.02000, 78.
25.03000, 69.
25.04000, 85.
25.05000, 68.
25.06000, 92.
25.07000, 74.
25.08000, 67.
25.09000, 90.
25.10000, 73.
25.11000, 67.
25.12000, 74.
25.13000, 80.
25.14000, 76.
25.15000, 71.
25.16000, 77.
25.17000, 80.
25.18000, 71.
25.19000, 80.
25.20000, 97.
25.21000, 84.
25.22000, 87.
25.23000, 86.
25.24000, 80.
25.25000, 71.
25.26000, 68.
25.27000, 79.
25.28000, 76.
25.29000, 63.
25.30000, 62.
25.31000, 64.
25.32000, 68.
25.33000, 72.
25.34000, 72.
25.35000, 87.
25.36000, 71.
25.37000, 79.
25.38000, 56.
25.39000, 75.
25.40000, 72.
25.41000, 65.
25.42000, 60.
25.43000, 73.
25.44000, 62.
25.45000, 55.
25.46000, 62.
25.47000, 62.
25.48000, 64.
25.49000, 63.
25.50000, 73.
25.51000, 60.
25.52000, 80.
25.53000, 56.
25.54000, 61.
25.55000, 62.
25.56000, 61.
25.57000, 58.
25.58000, 48.
25.59000, 80.
25.60000, 65.
25.61000, 64.
25.62000, 46.
25.63000, 58.
25.64000, 72.
25.65000, 66.
25.66000, 57.
25.67000, 54.
25.68000, 71.
25.69000, 51.
25.70000, 60.
25.71000, 68.
25.72000, 73.
25.73000, 63.
25.74000, 72.
25.75000, 60.
25.76000, 52.
25.77000, 48.
25.78000, 49.
25.79000, 61.
25.80000, 57.
25.81000, 64.
25.82000, 73.
25.83000, 61.
25.84000, 52.
25.85000, 52.
25.86000, 58.
25.87000, 58.
25.88000, 71.
25.89000, 85.
25.90000, 61.
25.91000, 55.
25.92000, 62.
25.93000, 67.
25.94000, 53.
25.95000, 58.
25.96000, 51.
25.97000, 61.
25.98000, 62.
25.99000, 68.
26.00000, 56.
26.01000, 58.
26.02000, 61.
26.03000, 63.
26.04000, 59.
26.05000, 70.
26.06000, 61.
26.07000, 61.
26.08000, 58.
26.09000, 53.
26.10000, 62.
26.11000, 60.
26.12000, 44.
26.13000, 58.
26.14000, 66.
26.15000, 62.
26.16000, 68.
26.17000, 51.
26.18000, 46.
26.19000, 65.
26.20000, 68.
26.21000, 66.
26.22000, 68.
26.23000, 66.
26.24000, 64.
26.25000, 60.
26.26000, 72.
26.27000, 40.
26.28000, 63.
26.29000, 56.
26.30000, 57.
26.31000, 66.
26.32000, 60.
26.33000, 63.
26.34000, 59.
26.35000, 60.
26.36000, 59.
26.37000, 51.
26.38000, 57.
26.39000, 60.
26.40000, 62.
26.41000, 54.
26.42000, 55.
26.43000, 65.
26.44000, 60.
26.45000, 66.
26.46000, 75.
26.47000, 39.
26.48000, 60.
26.49000, 52.
26.50000, 47.
26.51000, 54.
26.52000, 52.
26.53000, 55.
26.54000, 56.
26.55000, 54.
26.56000, 53.
26.57000, 54.
26.58000, 71.
26.59000, 54.
26.60000, 52.
26.61000, 70.
26.62000, 59.
26.63000, 39.
26.64000, 47.
26.65000, 59.
26.66000, 64.
26.67000, 63.
26.68000, 55.
26.69000, 49.
26.70000, 49.
26.71000, 49.
26.72000, 55.
26.73000, 56.
26.74000, 58.
26.75000, 53.
26.76000, 61.
26.77000, 55.
26.78000, 60.
26.79000, 69.
26.80000, 44.
26.81000, 53.
26.82000, 53.
26.83000, 44.
26.84000, 57.
26.85000, 56.
26.86000, 63.
26.87000, 54.
26.88000, 63.
26.89000, 69.
26.90000, 59.
26.91000, 42.
26.92000, 62.
26.93000, 43.
26.94000, 60.
26.95000, 61.
26.96000, 58.
26.97000, 60.
26.98000, 53.
26.99000, 51.
27.00000, 58.
27.01000, 58.
27.02000, 55.
27.03000, 54.
27.04000, 52.
27.05000, 56.
27.06000, 56.
27.07000, 67.
27.08000, 55.
27.09000, 42.
27.10000, 62.
27.11000, 53.
27.12000, 50.
27.13000, 53.
27.14000, 50.
27.15000, 44.
27.16000, 62.
27.17000, 68.
27.18000, 59.
27.19000, 61.
27.20000, 62.
27.21000, 43.
27.22000, 55.
27.23000, 57.
27.24000, 61.
27.25000, 46.
27.26000, 60.
27.27000, 52.
27.28000, 54.
27.29000, 69.
27.30000, 48.
27.31000, 58.
27.32000, 56.
27.33000, 69.
27.34000, 70.
27.35000, 67.
27.36000, 55.
27.37000, 44.
27.38000, 44.
27.39000, 52.
27.40000, 48.
27.41000, 52.
27.42000, 51.
27.43000, 57.
27.44000, 48.
27.45000, 45.
27.46000, 45.
27.47000, 49.
27.48000, 47.
27.49000, 52.
27.50000, 46.
27.51000, 53.
27.52000, 59.
27.53000, 53.
27.54000, 53.
27.55000, 54.
27.56000, 59.
27.57000, 57.
27.58000, 46.
27.59000, 60.
27.60000, 47.
27.61000, 48.
27.62000, 55.
27.63000, 54.
27.64000, 61.
27.65000, 58.
27.66000, 40.
27.67000, 50.
27.68000, 58.
27.69000, 57.
27.70000, 54.
27.71000, 53.
27.72000, 48.
27.73000, 47.
27.74000, 55.
27.75000, 49.
27.76000, 45.
27.77000, 67.
27.78000, 42.
27.79000, 57.
27.80000, 49.
27.81000, 58.
27.82000, 63.
27.83000, 50.
27.84000, 52.
27.85000, 62.
27.86000, 53.
27.87000, 66.
27.88000, 46.
27.89000, 49.
27.90000, 42.
27.91000, 59.
27.92000, 65.
27.93000, 57.
27.94000, 45.
27.95000, 53.
27.96000, 41.
27.97000, 50.
27.98000, 56.
27.99000, 45.
28.00000, 51.
28.01000, 58.
28.02000, 53.
28.03000, 58.
28.04000, 44.
28.05000, 62.
28.06000, 51.
28.07000, 70.
28.08000, 53.
28.09000, 45.
28.10000, 54.
28.11000, 50.
28.12000, 61.
28.13000, 47.
28.14000, 58.
28.15000, 58.
28.16000, 46.
28.17000, 38.
28.18000, 53.
28.19000, 46.
28.20000, 49.
28.21000, 46.
28.22000, 55.
28.23000, 52.
28.24000, 52.
28.25000, 52.
28.26000, 59.
28.27000, 56.
28.28000, 57.
28.29000, 48.
28.30000, 44.
28.31000, 49.
28.32000, 58.
28.33000, 55.
28.34000, 63.
28.35000, 53.
28.36000, 52.
28.37000, 52.
28.38000, 61.
28.39000, 60.
28.40000, 43.
28.41000, 67.
28.42000, 59.
28.43000, 58.
28.44000, 41.
28.45000, 56.
28.46000, 45.
28.47000, 52.
28.48000, 47.
28.49000, 56.
28.50000, 59.
28.51000, 42.
28.52000, 49.
28.53000, 43.
28.54000, 50.
28.55000, 45.
28.56000, 46.
28.57000, 45.
28.58000, 54.
28.59000, 42.
28.60000, 58.
28.61000, 55.
28.62000, 60.
28.63000, 45.
28.64000, 55.
28.65000, 56.
28.66000, 44.
28.67000, 62.
28.68000, 46.
28.69000, 60.
28.70000, 41.
28.71000, 53.
28.72000, 48.
28.73000, 51.
28.74000, 43.
28.75000, 49.
28.76000, 40.
28.77000, 43.
28.78000, 49.
28.79000, 53.
28.80000, 40.
28.81000, 52.
28.82000, 67.
28.83000, 44.
28.84000, 50.
28.85000, 48.
28.86000, 51.
28.87000, 41.
28.88000, 58.
28.89000, 59.
28.90000, 43.
28.91000, 37.
28.92000, 49.
28.93000, 49.
28.94000, 56.
28.95000, 47.
28.96000, 40.
28.97000, 46.
28.98000, 50.
28.99000, 60.
29.00000, 53.
29.01000, 50.
29.02000, 38.
29.03000, 40.
29.04000, 47.
29.05000, 42.
29.06000, 67.
29.07000, 60.
29.08000, 55.
29.09000, 40.
29.10000, 41.
29.11000, 43.
29.12000, 46.
29.13000, 46.
29.14000, 52.
29.15000, 49.
29.16000, 49.
29.17000, 49.
29.18000, 50.
29.19000, 42.
29.20000, 43.
29.21000, 48.
29.22000, 58.
29.23000, 67.
29.24000, 40.
29.25000, 46.
29.26000, 63.
29.27000, 45.
29.28000, 50.
29.29000, 50.
29.30000, 48.
29.31000, 37.
29.32000, 46.
29.33000, 34.
29.34000, 38.
29.35000, 46.
29.36000, 43.
29.37000, 57.
29.38000, 57.
29.39000, 50.
29.40000, 41.
29.41000, 43.
29.42000, 56.
29.43000, 45.
29.44000, 49.
29.45000, 48.
29.46000, 40.
29.47000, 48.
29.48000, 43.
29.49000, 41.
29.50000, 38.
29.51000, 37.
29.52000, 56.
29.53000, 49.
29.54000, 54.
29.55000, 42.
29.56000, 38.
29.57000, 53.
29.58000, 41.
29.59000, 51.
29.60000, 53.
29.61000, 45.
29.62000, 42.
29.63000, 38.
29.64000, 47.
29.65000, 55.
29.66000, 44.
29.67000, 57.
29.68000, 48.
29.69000, 51.
29.70000, 53.
29.71000, 42.
29.72000, 54.
29.73000, 31.
29.74000, 48.
29.75000, 29.
29.76000, 54.
29.77000, 29.
29.78000, 28.
29.79000, 49.
29.80000, 34.
29.81000, 39.
29.82000, 35.
29.83000, 43.
29.84000, 48.
29.85000, 34.
29.86000, 42.
29.87000, 36.
29.88000, 32.
29.89000, 51.
29.90000, 40.
29.91000, 53.
29.92000, 46.
29.93000, 36.
29.94000, 55.
29.95000, 40.
29.96000, 46.
29.97000, 32.
29.98000, 37.
29.99000, 45.
30.00000, 32.
30.01000, 56.
30.02000, 49.
30.03000, 48.
30.04000, 48.
30.05000, 53.
30.06000, 48.
30.07000, 33.
30.08000, 52.
30.09000, 54.
30.10000, 43.
30.11000, 41.
30.12000, 42.
30.13000, 43.
30.14000, 36.
30.15000, 36.
30.16000, 33.
30.17000, 46.
30.18000, 44.
30.19000, 33.
30.20000, 48.
30.21000, 48.
30.22000, 40.
30.23000, 45.
30.24000, 51.
30.25000, 48.
30.26000, 41.
30.27000, 47.
30.28000, 46.
30.29000, 29.
30.30000, 52.
30.31000, 34.
30.32000, 35.
30.33000, 44.
30.34000, 31.
30.35000, 33.
30.36000, 42.
30.37000, 34.
30.38000, 37.
30.39000, 49.
30.40000, 37.
30.41000, 38.
30.42000, 40.
30.43000, 40.
30.44000, 42.
30.45000, 49.
30.46000, 55.
30.47000, 32.
30.48000, 53.
30.49000, 48.
30.50000, 54.
30.51000, 35.
30.52000, 28.
30.53000, 30.
30.54000, 34.
30.55000, 38.
30.56000, 38.
30.57000, 44.
30.58000, 43.
30.59000, 44.
30.60000, 43.
30.61000, 36.
30.62000, 45.
30.63000, 35.
30.64000, 36.
30.65000, 38.
30.66000, 35.
30.67000, 47.
30.68000, 42.
30.69000, 48.
30.70000, 35.
30.71000, 36.
30.72000, 46.
30.73000, 41.
30.74000, 39.
30.75000, 50.
30.76000, 41.
30.77000, 38.
30.78000, 40.
30.79000, 41.
30.80000, 43.
30.81000, 35.
30.82000, 42.
30.83000, 43.
30.84000, 32.
30.85000, 33.
30.86000, 39.
30.87000, 41.
30.88000, 40.
30.89000, 43.
30.90000, 55.
30.91000, 44.
30.92000, 30.
30.93000, 46.
30.94000, 34.
30.95000, 56.
30.96000, 49.
30.97000, 51.
30.98000, 52.
30.99000, 44.
31.00000, 45.
31.01000, 38.
31.02000, 37.
31.03000, 32.
31.04000, 35.
31.05000, 30.
31.06000, 46.
31.07000, 38.
31.08000, 37.
31.09000, 40.
31.10000, 33.
31.11000, 43.
31.12000, 40.
31.13000, 29.
31.14000, 40.
31.15000, 44.
31.16000, 36.
31.17000, 53.
31.18000, 34.
31.19000, 41.
31.20000, 41.
31.21000, 42.
31.22000, 33.
31.23000, 36.
31.24000, 44.
31.25000, 35.
31.26000, 46.
31.27000, 46.
31.28000, 42.
31.29000, 44.
31.30000, 33.
31.31000, 33.
31.32000, 40.
31.33000, 40.
31.34000, 37.
31.35000, 42.
31.36000, 31.
31.37000, 35.
31.38000, 47.
31.39000, 54.
31.40000, 33.
31.41000, 36.
31.42000, 46.
31.43000, 45.
31.44000, 40.
31.45000, 50.
31.46000, 39.
31.47000, 49.
31.48000, 41.
31.49000, 46.
31.50000, 63.
31.51000, 60.
31.52000, 60.
31.53000, 73.
31.54000, 76.
31.55000, 70.
31.56000, 95.
31.57000, 78.
31.58000, 85.
31.59000, 95.
31.60000, 114.
31.61000, 115.
31.62000, 118.
31.63000, 115.
31.64000, 137.
31.65000, 133.
31.66000, 139.
31.67000, 164.
31.68000, 160.
31.69000, 157.
31.70000, 187.
31.71000, 161.
31.72000, 188.
31.73000, 182.
31.74000, 182.
31.75000, 173.
31.76000, 184.
31.77000, 182.
31.78000, 197.
31.79000, 179.
31.80000, 194.
31.81000, 194.
31.82000, 189.
31.83000, 181.
31.84000, 165.
31.85000, 189.
31.86000, 168.
31.87000, 173.
31.88000, 171.
31.89000, 170.
31.90000, 152.
31.91000, 140.
31.92000, 140.
31.93000, 180.
31.94000, 176.
31.95000, 189.
31.96000, 184.
31.97000, 192.
31.98000, 189.
31.99000, 200.
32.00000, 230.
32.01000, 230.
32.02000, 243.
32.03000, 234.
32.04000, 246.
32.05000, 304.
32.06000, 241.
32.07000, 265.
32.08000, 315.
32.09000, 290.
32.10000, 297.
32.11000, 321.
32.12000, 337.
32.13000, 318.
32.14000, 293.
32.15000, 311.
32.16000, 338.
32.17000, 283.
32.18000, 307.
32.19000, 284.
32.20000, 282.
32.21000, 277.
32.22000, 239.
32.23000, 228.
32.24000, 215.
32.25000, 216.
32.26000, 187.
32.27000, 184.
32.28000, 169.
32.29000, 171.
32.30000, 138.
32.31000, 141.
32.32000, 122.
32.33000, 108.
32.34000, 86.
32.35000, 95.
32.36000, 85.
32.37000, 74.
32.38000, 63.
32.39000, 58.
32.40000, 62.
32.41000, 55.
32.42000, 41.
32.43000, 38.
32.44000, 45.
32.45000, 45.
32.46000, 32.
32.47000, 39.
32.48000, 46.
32.49000, 34.
32.50000, 31.
32.51000, 35.
32.52000, 33.
32.53000, 29.
32.54000, 32.
32.55000, 28.
32.56000, 38.
32.57000, 29.
32.58000, 30.
32.59000, 27.
32.60000, 22.
32.61000, 32.
32.62000, 28.
32.63000, 33.
32.64000, 33.
32.65000, 41.
32.66000, 29.
32.67000, 37.
32.68000, 34.
32.69000, 24.
32.70000, 27.
32.71000, 30.
32.72000, 22.
32.73000, 29.
32.74000, 22.
32.75000, 35.
32.76000, 35.
32.77000, 26.
32.78000, 33.
32.79000, 36.
32.80000, 34.
32.81000, 28.
32.82000, 34.
32.83000, 34.
32.84000, 41.
32.85000, 44.
32.86000, 38.
32.87000, 47.
32.88000, 43.
32.89000, 42.
32.90000, 39.
32.91000, 38.
32.92000, 31.
32.93000, 45.
32.94000, 42.
32.95000, 51.
32.96000, 46.
32.97000, 47.
32.98000, 48.
32.99000, 46.
33.00000, 48.
33.01000, 40.
33.02000, 42.
33.03000, 50.
33.04000, 35.
33.05000, 43.
33.06000, 51.
33.07000, 40.
33.08000, 41.
33.09000, 35.
33.10000, 40.
33.11000, 40.
33.12000, 42.
33.13000, 34.
33.14000, 30.
33.15000, 33.
33.16000, 32.
33.17000, 28.
33.18000, 33.
33.19000, 42.
33.20000, 47.
33.21000, 24.
33.22000, 37.
33.23000, 32.
33.24000, 37.
33.25000, 46.
33.26000, 49.
33.27000, 50.
33.28000, 36.
33.29000, 40.
33.30000, 46.
33.31000, 38.
33.32000, 42.
33.33000, 46.
33.34000, 63.
33.35000, 50.
33.36000, 50.
33.37000, 59.
33.38000, 40.
33.39000, 70.
33.40000, 58.
33.41000, 39.
33.42000, 48.
33.43000, 53.
33.44000, 49.
33.45000, 50.
33.46000, 38.
33.47000, 46.
33.48000, 41.
33.49000, 44.
33.50000, 30.
33.51000, 45.
33.52000, 37.
33.53000, 41.
33.54000, 26.
33.55000, 34.
33.56000, 30.
33.57000, 30.
33.58000, 27.
33.59000, 34.
33.60000, 27.
33.61000, 24.
33.62000, 19.
33.63000, 35.
33.64000, 33.
33.65000, 23.
33.66000, 20.
33.67000, 32.
33.68000, 20.
33.69000, 20.
33.70000, 25.
33.71000, 22.
33.72000, 25.
33.73000, 31.
33.74000, 26.
33.75000, 30.
33.76000, 31.
33.77000, 25.
33.78000, 16.
33.79000, 17.
33.80000, 24.
33.81000, 20.
33.82000, 26.
33.83000, 23.
33.84000, 32.
33.85000, 23.
33.86000, 29.
33.87000, 35.
33.88000, 29.
33.89000, 28.
33.90000, 25.
33.91000, 30.
33.92000, 22.
33.93000, 25.
33.94000, 22.
33.95000, 25.
33.96000, 30.
33.97000, 24.
33.98000, 33.
33.99000, 22.
34.00000, 30.
34.01000, 33.
34.02000, 29.
34.03000, 31.
34.04000, 21.
34.05000, 32.
34.06000, 29.
34.07000, 28.
34.08000, 33.
34.09000, 32.
34.10000, 27.
34.11000, 26.
34.12000, 29.
34.13000, 26.
34.14000, 38.
34.15000, 34.
34.16000, 47.
34.17000, 43.
34.18000, 43.
34.19000, 35.
34.20000, 42.
34.21000, 36.
34.22000, 30.
34.23000, 41.
34.24000, 39.
34.25000, 45.
34.26000, 26.
34.27000, 32.
34.28000, 29.
34.29000, 34.
34.30000, 22.
34.31000, 35.
34.32000, 37.
34.33000, 23.
34.34000, 38.
34.35000, 28.
34.36000, 27.
34.37000, 19.
34.38000, 31.
34.39000, 22.
34.40000, 31.
34.41000, 39.
34.42000, 25.
34.43000, 32.
34.44000, 22.
34.45000, 34.
34.46000, 35.
34.47000, 33.
34.48000, 38.
34.49000, 31.
34.50000, 42.
34.51000, 26.
34.52000, 40.
34.53000, 25.
34.54000, 32.
34.55000, 35.
34.56000, 36.
34.57000, 54.
34.58000, 37.
34.59000, 39.
34.60000, 44.
34.61000, 37.
34.62000, 37.
34.63000, 44.
34.64000, 57.
34.65000, 53.
34.66000, 40.
34.67000, 51.
34.68000, 35.
34.69000, 45.
34.70000, 38.
34.71000, 40.
34.72000, 47.
34.73000, 49.
34.74000, 36.
34.75000, 44.
34.76000, 38.
34.77000, 43.
34.78000, 30.
34.79000, 28.
34.80000, 29.
34.81000, 31.
34.82000, 31.
34.83000, 27.
34.84000, 30.
34.85000, 27.
34.86000, 24.
34.87000, 26.
34.88000, 23.
34.89000, 27.
34.90000, 24.
34.91000, 20.
34.92000, 22.
34.93000, 21.
34.94000, 15.
34.95000, 24.
34.96000, 21.
34.97000, 25.
34.98000, 19.
34.99000, 17.
35.00000, 14.
35.01000, 22.
35.02000, 14.
35.03000, 22.
35.04000, 16.
35.05000, 14.
35.06000, 20.
35.07000, 13.
35.08000, 13.
35.09000, 17.
35.10000, 24.
35.11000, 21.
35.12000, 19.
35.13000, 22.
35.14000, 22.
35.15000, 17.
35.16000, 20.
35.17000, 16.
35.18000, 12.
35.19000, 17.
35.20000, 10.
35.21000, 23.
35.22000, 20.
35.23000, 14.
35.24000, 24.
35.25000, 11.
35.26000, 18.
35.27000, 17.
35.28000, 18.
35.29000, 19.
35.30000, 16.
35.31000, 15.
35.32000, 18.
35.33000, 20.
35.34000, 15.
35.35000, 18.
35.36000, 30.
35.37000, 15.
35.38000, 16.
35.39000, 21.
35.40000, 16.
35.41000, 16.
35.42000, 18.
35.43000, 19.
35.44000, 5.
35.45000, 17.
35.46000, 22.
35.47000, 12.
35.48000, 16.
35.49000, 17.
35.50000, 19.
35.51000, 19.
35.52000, 16.
35.53000, 20.
35.54000, 14.
35.55000, 19.
35.56000, 20.
35.57000, 14.
35.58000, 21.
35.59000, 24.
35.60000, 16.
35.61000, 19.
35.62000, 18.
35.63000, 24.
35.64000, 23.
35.65000, 15.
35.66000, 19.
35.67000, 19.
35.68000, 20.
35.69000, 5.
35.70000, 29.
35.71000, 22.
35.72000, 16.
35.73000, 19.
35.74000, 22.
35.75000, 26.
35.76000, 12.
35.77000, 26.
35.78000, 21.
35.79000, 19.
35.80000, 13.
35.81000, 20.
35.82000, 21.
35.83000, 30.
35.84000, 21.
35.85000, 14.
35.86000, 24.
35.87000, 20.
35.88000, 24.
35.89000, 21.
35.90000, 24.
35.91000, 17.
35.92000, 20.
35.93000, 19.
35.94000, 21.
35.95000, 27.
35.96000, 21.
35.97000, 27.
35.98000, 29.
35.99000, 30.
36.00000, 31.
36.01000, 31.
36.02000, 30.
36.03000, 35.
36.04000, 39.
36.05000, 24.
36.06000, 36.
36.07000, 42.
36.08000, 46.
36.09000, 44.
36.10000, 32.
36.11000, 39.
36.12000, 52.
36.13000, 49.
36.14000, 49.
36.15000, 60.
36.16000, 62.
36.17000, 63.
36.18000, 57.
36.19000, 50.
36.20000, 70.
36.21000, 59.
36.22000, 65.
36.23000, 82.
36.24000, 60.
36.25000, 57.
36.26000, 65.
36.27000, 78.
36.28000, 68.
36.29000, 74.
36.30000, 88.
36.31000, 69.
36.32000, 63.
36.33000, 71.
36.34000, 67.
36.35000, 62.
36.36000, 60.
36.37000, 68.
36.38000, 52.
36.39000, 46.
36.40000, 53.
36.41000, 47.
36.42000, 54.
36.43000, 41.
36.44000, 42.
36.45000, 41.
36.46000, 31.
36.47000, 33.
36.48000, 37.
36.49000, 35.
36.50000, 37.
36.51000, 25.
36.52000, 28.
36.53000, 25.
36.54000, 29.
36.55000, 16.
36.56000, 18.
36.57000, 26.
36.58000, 18.
36.59000, 12.
36.60000, 14.
36.61000, 22.
36.62000, 11.
36.63000, 18.
36.64000, 16.
36.65000, 17.
36.66000, 19.
36.67000, 15.
36.68000, 7.
36.69000, 13.
36.70000, 14.
36.71000, 18.
36.72000, 16.
36.73000, 13.
36.74000, 17.
36.75000, 14.
36.76000, 21.
36.77000, 16.
36.78000, 23.
36.79000, 17.
36.80000, 15.
36.81000, 14.
36.82000, 15.
36.83000, 15.
36.84000, 18.
36.85000, 10.
36.86000, 12.
36.87000, 24.
36.88000, 12.
36.89000, 10.
36.90000, 13.
36.91000, 9.
36.92000, 27.
36.93000, 19.
36.94000, 12.
36.95000, 19.
36.96000, 15.
36.97000, 19.
36.98000, 17.
36.99000, 21.
37.00000, 21.
37.01000, 20.
37.02000, 14.
37.03000, 19.
37.04000, 19.
37.05000, 22.
37.06000, 26.
37.07000, 24.
37.08000, 28.
37.09000, 22.
37.10000, 21.
37.11000, 21.
37.12000, 27.
37.13000, 25.
37.14000, 29.
37.15000, 23.
37.16000, 28.
37.17000, 23.
37.18000, 27.
37.19000, 30.
37.20000, 25.
37.21000, 25.
37.22000, 30.
37.23000, 27.
37.24000, 43.
37.25000, 19.
37.26000, 33.
37.27000, 20.
37.28000, 27.
37.29000, 20.
37.30000, 21.
37.31000, 23.
37.32000, 21.
37.33000, 28.
37.34000, 21.
37.35000, 14.
37.36000, 20.
37.37000, 21.
37.38000, 26.
37.39000, 23.
37.40000, 17.
37.41000, 17.
37.42000, 18.
37.43000, 29.
37.44000, 21.
37.45000, 15.
37.46000, 20.
37.47000, 17.
37.48000, 19.
37.49000, 10.
37.50000, 12.
37.51000, 9.
37.52000, 13.
37.53000, 15.
37.54000, 16.
37.55000, 13.
37.56000, 15.
37.57000, 21.
37.58000, 15.
37.59000, 8.
37.60000, 13.
37.61000, 9.
37.62000, 17.
37.63000, 9.
37.64000, 9.
37.65000, 10.
37.66000, 18.
37.67000, 18.
37.68000, 16.
37.69000, 17.
37.70000, 13.
37.71000, 12.
37.72000, 7.
37.73000, 17.
37.74000, 13.
37.75000, 15.
37.76000, 14.
37.77000, 15.
37.78000, 14.
37.79000, 17.
37.80000, 11.
37.81000, 10.
37.82000, 4.
37.83000, 10.
37.84000, 9.
37.85000, 6.
37.86000, 11.
37.87000, 10.
37.88000, 16.
37.89000, 6.
37.90000, 14.
37.91000, 7.
37.92000, 7.
37.93000, 6.
37.94000, 14.
37.95000, 8.
37.96000, 8.
37.97000, 17.
37.98000, 9.
37.99000, 10.
38.00000, 9.
38.01000, 6.
38.02000, 11.
38.03000, 14.
38.04000, 11.
38.05000, 11.
38.06000, 12.
38.07000, 11.
38.08000, 10.
38.09000, 8.
38.10000, 13.
38.11000, 9.
38.12000, 9.
38.13000, 12.
38.14000, 11.
38.15000, 12.
38.16000, 6.
38.17000, 10.
38.18000, 15.
38.19000, 7.
38.20000, 5.
38.21000, 8.
38.22000, 7.
38.23000, 6.
38.24000, 13.
38.25000, 7.
38.26000, 12.
38.27000, 12.
38.28000, 10.
38.29000, 5.
38.30000, 4.
38.31000, 3.
38.32000, 4.
38.33000, 10.
38.34000, 3.
38.35000, 8.
38.36000, 14.
38.37000, 7.
38.38000, 9.
38.39000, 8.
38.40000, 5.
38.41000, 9.
38.42000, 8.
38.43000, 7.
38.44000, 14.
38.45000, 4.
38.46000, 4.
38.47000, 10.
38.48000, 7.
38.49000, 8.
38.50000, 12.
38.51000, 14.
38.52000, 9.
38.53000, 11.
38.54000, 7.
38.55000, 13.
38.56000, 11.
38.57000, 10.
38.58000, 2.
38.59000, 7.
38.60000, 10.
38.61000, 8.
38.62000, 7.
38.63000, 8.
38.64000, 8.
38.65000, 9.
38.66000, 11.
38.67000, 13.
38.68000, 8.
38.69000, 13.
38.70000, 9.
38.71000, 7.
38.72000, 8.
38.73000, 14.
38.74000, 10.
38.75000, 5.
38.76000, 10.
38.77000, 6.
38.78000, 9.
38.79000, 9.
38.80000, 7.
38.81000, 4.
38.82000, 7.
38.83000, 10.
38.84000, 6.
38.85000, 10.
38.86000, 6.
38.87000, 13.
38.88000, 5.
38.89000, 9.
38.90000, 13.
38.91000, 10.
38.92000, 8.
38.93000, 9.
38.94000, 13.
38.95000, 8.
38.96000, 5.
38.97000, 10.
38.98000, 8.
38.99000, 8.
39.00000, 10.
39.01000, 17.
39.02000, 9.
39.03000, 10.
39.04000, 11.
39.05000, 6.
39.06000, 13.
39.07000, 11.
39.08000, 7.
39.09000, 13.
39.10000, 10.
39.11000, 15.
39.12000, 8.
39.13000, 20.
39.14000, 8.
39.15000, 12.
39.16000, 11.
39.17000, 8.
39.18000, 10.
39.19000, 17.
39.20000, 6.
39.21000, 16.
39.22000, 15.
39.23000, 8.
39.24000, 5.
39.25000, 11.
39.26000, 7.
39.27000, 7.
39.28000, 11.
39.29000, 14.
39.30000, 3.
39.31000, 16.
39.32000, 15.
39.33000, 7.
39.34000, 8.
39.35000, 13.
39.36000, 6.
39.37000, 5.
39.38000, 8.
39.39000, 5.
39.40000, 13.
39.41000, 7.
39.42000, 13.
39.43000, 6.
39.44000, 4.
39.45000, 7.
39.46000, 6.
39.47000, 10.
39.48000, 2.
39.49000, 6.
39.50000, 6.
39.51000, 9.
39.52000, 4.
39.53000, 7.
39.54000, 6.
39.55000, 9.
39.56000, 2.
39.57000, 5.
39.58000, 6.
39.59000, 8.
39.60000, 15.
39.61000, 6.
39.62000, 7.
39.63000, 10.
39.64000, 7.
39.65000, 4.
39.66000, 4.
39.67000, 2.
39.68000, 6.
39.69000, 13.
39.70000, 4.
39.71000, 4.
39.72000, 4.
39.73000, 5.
39.74000, 3.
39.75000, 3.
39.76000, 6.
39.77000, 9.
39.78000, 2.
39.79000, 7.
39.80000, 14.
39.81000, 5.
39.82000, 2.
39.83000, 5.
39.84000, 7.
39.85000, 5.
39.86000, 9.
39.87000, 9.
39.88000, 8.
39.89000, 3.
39.90000, 3.
39.91000, 5.
39.92000, 12.
39.93000, 4.
39.94000, 6.
39.95000, 2.
39.96000, 7.
39.97000, 4.
39.98000, 7.
39.99000, 8.
40.00000, 9.
40.01000, 6.
40.02000, 6.
40.03000, 4.
40.04000, 4.
40.05000, 7.
40.06000, 8.
40.07000, 14.
40.08000, 4.
40.09000, 7.
40.10000, 11.
40.11000, 2.
40.12000, 6.
40.13000, 4.
40.14000, 6.
40.15000, 6.
40.16000, 4.
40.17000, 3.
40.18000, 5.
40.19000, 8.
40.20000, 6.
40.21000, 5.
40.22000, 16.
40.23000, 7.
40.24000, 9.
40.25000, 4.
40.26000, 5.
40.27000, 5.
40.28000, 8.
40.29000, 6.
40.30000, 14.
40.31000, 4.
40.32000, 2.
40.33000, 4.
40.34000, 7.
40.35000, 10.
40.36000, 10.
40.37000, 7.
40.38000, 5.
40.39000, 4.
40.40000, 6.
40.41000, 3.
40.42000, 6.
40.43000, 5.
40.44000, 3.
40.45000, 5.
40.46000, 2.
40.47000, 6.
40.48000, 4.
40.49000, 4.
40.50000, 3.
40.51000, 7.
40.52000, 8.
40.53000, 6.
40.54000, 2.
40.55000, 0.
#ENDOFDATA   : 
