#FORMAT      : EMSA/MAS Spectral Data File
#VERSION     : 1.0
#TITLE       : mid 1
#DATE        : 24-JUL-2026
#TIME        : 11:26
#OWNER       : XGT7200
#NPOINTS     : 4096.
#NCOLUMNS    : 1.
#XUNITS      : keV
#YUNITS      : counts
#DATATYPE    : XY
#XPERCHAN    : 0.0100000
#OFFSET      : -0.400000
#SIGNALTYPE  : EDS
#CHOFFSET    : 40.0000
#LIVETIME    : 60.000000
#REALTIME    : 79.891956
#BEAMKV      : 50.0000
#PROBECUR    : 652000.
#MAGCAM      : 100.000
#XTILTSTGE   : 0.0
#AZIMANGLE   : 0.0
#ELEVANGLE   : 45.0
#XPOSITION mm: 0.0000
#YPOSITION mm: 0.0000
#ZPOSITION mm: 0.0000
##OXINSTPT   : 4
##OXINSTSTROB: 72.05
##OXINSTELEMS: 12,13,14,16,20,25,26,38,45,56,58,70,82
##OXINSTLABEL: 82, 10.552, Pb
##OXINSTLABEL: 82, 12.614, Pb
##OXINSTLABEL: 82, 12.623, Pb
##OXINSTLABEL: 82, 11.350, Pb
##OXINSTLABEL: 82, 14.765, Pb
##OXINSTLABEL: 82, 15.101, Pb
##OXINSTLABEL: 82, 9.185, Pb
##OXINSTLABEL: 82, 2.345, Pb
##OXINSTLABEL: 82, 2.653, Pb
##OXINSTLABEL: 82, 1.823, Pb
##OXINSTLABEL: 58, 34.720, Ce
##OXINSTLABEL: 58, 34.279, Ce
##OXINSTLABEL: 58, 39.258, Ce
##OXINSTLABEL: 58, 4.840, Ce
##OXINSTLABEL: 58, 5.262, Ce
##OXINSTLABEL: 58, 5.613, Ce
##OXINSTLABEL: 58, 4.732, Ce
##OXINSTLABEL: 58, 6.052, Ce
##OXINSTLABEL: 58, 6.325, Ce
##OXINSTLABEL: 58, 4.288, Ce
##OXINSTLABEL: 58, 0.883, Ce
##OXINSTLABEL: 58, 1.075, Ce
##OXINSTLABEL: 58, 0.676, Ce
##OXINSTLABEL: 38, 14.165, Sr
##OXINSTLABEL: 38, 15.836, Sr
##OXINSTLABEL: 38, 16.085, Sr
##OXINSTLABEL: 38, 1.807, Sr
##OXINSTLABEL: 38, 1.649, Sr
##OXINSTLABEL: 38, 1.582, Sr
##OXINSTLABEL: 20, 3.692, Ca
##OXINSTLABEL: 20, 4.013, Ca
##OXINSTLABEL: 20, 0.341, Ca
##OXINSTLABEL: 20, 0.306, Ca
##OXINSTLABEL: 16, 2.308, S
##OXINSTLABEL: 16, 2.464, S
##OXINSTLABEL: 26, 6.404, Fe
##OXINSTLABEL: 26, 7.058, Fe
##OXINSTLABEL: 26, 0.705, Fe
##OXINSTLABEL: 26, 0.628, Fe
##OXINSTLABEL: 45, 20.216, Rh
##OXINSTLABEL: 45, 22.724, Rh
##OXINSTLABEL: 45, 23.173, Rh
##OXINSTLABEL: 45, 2.697, Rh
##OXINSTLABEL: 45, 2.834, Rh
##OXINSTLABEL: 45, 2.519, Rh
##OXINSTLABEL: 45, 3.364, Rh
##OXINSTLABEL: 45, 2.377, Rh
##OXINSTLABEL: 12, 1.254, Mg
##OXINSTLABEL: 14, 1.740, Si
##OXINSTLABEL: 13, 1.487, Al
##OXINSTLABEL: 56, 32.194, Ba
##OXINSTLABEL: 56, 31.818, Ba
##OXINSTLABEL: 56, 36.379, Ba
##OXINSTLABEL: 56, 37.258, Ba
##OXINSTLABEL: 56, 4.466, Ba
##OXINSTLABEL: 56, 4.828, Ba
##OXINSTLABEL: 56, 5.157, Ba
##OXINSTLABEL: 56, 4.331, Ba
##OXINSTLABEL: 56, 5.531, Ba
##OXINSTLABEL: 56, 5.797, Ba
##OXINSTLABEL: 56, 3.954, Ba
##OXINSTLABEL: 25, 5.899, Mn
##OXINSTLABEL: 25, 6.491, Mn
##OXINSTLABEL: 25, 0.636, Mn
##OXINSTLABEL: 25, 0.567, Mn
##OXINSTLABEL: 70, 7.416, Yb
##OXINSTLABEL: 70, 8.402, Yb
##OXINSTLABEL: 70, 8.759, Yb
##OXINSTLABEL: 70, 7.580, Yb
##OXINSTLABEL: 70, 9.780, Yb
##OXINSTLABEL: 70, 10.090, Yb
##OXINSTLABEL: 70, 6.546, Yb
##OXINSTLABEL: 70, 1.521, Yb
##OXINSTLABEL: 70, 1.765, Yb
##OXINSTLABEL: 70, 1.183, Yb
#SPECTRUM    : Spectral Data Starts Here
-0.40000, 0.
-0.39000, 0.
-0.38000, 0.
-0.37000, 0.
-0.36000, 0.
-0.35000, 0.
-0.34000, 0.
-0.33000, 0.
-0.32000, 0.
-0.31000, 0.
-0.30000, 0.
-0.29000, 0.
-0.28000, 0.
-0.27000, 0.
-0.26000, 0.
-0.25000, 0.
-0.24000, 0.
-0.23000, 0.
-0.22000, 0.
-0.21000, 0.
-0.20000, 0.
-0.19000, 0.
-0.18000, 0.
-0.17000, 0.
-0.16000, 0.
-0.15000, 0.
-0.14000, 0.
-0.13000, 0.
-0.12000, 0.
-0.11000, 0.
-0.10000, 0.
-0.09000, 0.
-0.08000, 0.
-0.07000, 0.
-0.06000, 0.
-0.05000, 0.
-0.04000, 0.
-0.03000, 0.
-0.02000, 0.
-0.01000, 0.
0.00000, 0.
0.01000, 0.
0.02000, 0.
0.03000, 0.
0.04000, 0.
0.05000, 0.
0.06000, 0.
0.07000, 0.
0.08000, 0.
0.09000, 0.
0.10000, 0.
0.11000, 0.
0.12000, 0.
0.13000, 0.
0.14000, 0.
0.15000, 0.
0.16000, 0.
0.17000, 0.
0.18000, 0.
0.19000, 0.
0.20000, 0.
0.21000, 0.
0.22000, 0.
0.23000, 0.
0.24000, 0.
0.25000, 0.
0.26000, 0.
0.27000, 0.
0.28000, 0.
0.29000, 0.
0.30000, 0.
0.31000, 0.
0.32000, 0.
0.33000, 2.
0.34000, 2.
0.35000, 7.
0.36000, 9.
0.37000, 13.
0.38000, 17.
0.39000, 31.
0.40000, 30.
0.41000, 51.
0.42000, 40.
0.43000, 66.
0.44000, 64.
0.45000, 65.
0.46000, 66.
0.47000, 76.
0.48000, 80.
0.49000, 75.
0.50000, 89.
0.51000, 76.
0.52000, 88.
0.53000, 98.
0.54000, 97.
0.55000, 98.
0.56000, 78.
0.57000, 75.
0.58000, 86.
0.59000, 85.
0.60000, 79.
0.61000, 85.
0.62000, 70.
0.63000, 65.
0.64000, 72.
0.65000, 66.
0.66000, 70.
0.67000, 64.
0.68000, 73.
0.69000, 62.
0.70000, 55.
0.71000, 67.
0.72000, 63.
0.73000, 62.
0.74000, 68.
0.75000, 73.
0.76000, 74.
0.77000, 66.
0.78000, 61.
0.79000, 63.
0.80000, 49.
0.81000, 47.
0.82000, 73.
0.83000, 63.
0.84000, 63.
0.85000, 78.
0.86000, 75.
0.87000, 70.
0.88000, 74.
0.89000, 59.
0.90000, 43.
0.91000, 69.
0.92000, 62.
0.93000, 80.
0.94000, 81.
0.95000, 84.
0.96000, 55.
0.97000, 75.
0.98000, 66.
0.99000, 64.
1.00000, 62.
1.01000, 69.
1.02000, 68.
1.03000, 83.
1.04000, 81.
1.05000, 63.
1.06000, 70.
1.07000, 80.
1.08000, 63.
1.09000, 68.
1.10000, 76.
1.11000, 73.
1.12000, 65.
1.13000, 66.
1.14000, 79.
1.15000, 74.
1.16000, 63.
1.17000, 73.
1.18000, 71.
1.19000, 81.
1.20000, 85.
1.21000, 81.
1.22000, 92.
1.23000, 114.
1.24000, 138.
1.25000, 135.
1.26000, 133.
1.27000, 117.
1.28000, 93.
1.29000, 115.
1.30000, 92.
1.31000, 87.
1.32000, 81.
1.33000, 74.
1.34000, 63.
1.35000, 57.
1.36000, 50.
1.37000, 39.
1.38000, 45.
1.39000, 58.
1.40000, 39.
1.41000, 51.
1.42000, 54.
1.43000, 46.
1.44000, 62.
1.45000, 71.
1.46000, 80.
1.47000, 79.
1.48000, 94.
1.49000, 78.
1.50000, 91.
1.51000, 97.
1.52000, 81.
1.53000, 65.
1.54000, 68.
1.55000, 81.
1.56000, 49.
1.57000, 60.
1.58000, 50.
1.59000, 50.
1.60000, 58.
1.61000, 40.
1.62000, 60.
1.63000, 65.
1.64000, 68.
1.65000, 81.
1.66000, 118.
1.67000, 131.
1.68000, 181.
1.69000, 237.
1.70000, 302.
1.71000, 369.
1.72000, 429.
1.73000, 472.
1.74000, 535.
1.75000, 560.
1.76000, 543.
1.77000, 508.
1.78000, 442.
1.79000, 423.
1.80000, 354.
1.81000, 362.
1.82000, 281.
1.83000, 278.
1.84000, 266.
1.85000, 256.
1.86000, 292.
1.87000, 300.
1.88000, 366.
1.89000, 413.
1.90000, 540.
1.91000, 615.
1.92000, 617.
1.93000, 771.
1.94000, 835.
1.95000, 840.
1.96000, 828.
1.97000, 719.
1.98000, 677.
1.99000, 592.
2.00000, 535.
2.01000, 423.
2.02000, 297.
2.03000, 248.
2.04000, 191.
2.05000, 153.
2.06000, 114.
2.07000, 92.
2.08000, 110.
2.09000, 109.
2.10000, 91.
2.11000, 97.
2.12000, 111.
2.13000, 125.
2.14000, 97.
2.15000, 102.
2.16000, 118.
2.17000, 143.
2.18000, 142.
2.19000, 182.
2.20000, 176.
2.21000, 209.
2.22000, 266.
2.23000, 312.
2.24000, 406.
2.25000, 454.
2.26000, 580.
2.27000, 651.
2.28000, 722.
2.29000, 828.
2.30000, 911.
2.31000, 936.
2.32000, 816.
2.33000, 778.
2.34000, 752.
2.35000, 604.
2.36000, 524.
2.37000, 388.
2.38000, 330.
2.39000, 249.
2.40000, 232.
2.41000, 192.
2.42000, 199.
2.43000, 158.
2.44000, 139.
2.45000, 152.
2.46000, 130.
2.47000, 126.
2.48000, 142.
2.49000, 128.
2.50000, 112.
2.51000, 117.
2.52000, 120.
2.53000, 114.
2.54000, 152.
2.55000, 107.
2.56000, 128.
2.57000, 171.
2.58000, 190.
2.59000, 229.
2.60000, 284.
2.61000, 328.
2.62000, 429.
2.63000, 471.
2.64000, 657.
2.65000, 713.
2.66000, 871.
2.67000, 954.
2.68000, 1045.
2.69000, 1155.
2.70000, 1226.
2.71000, 1079.
2.72000, 1095.
2.73000, 1042.
2.74000, 1015.
2.75000, 955.
2.76000, 875.
2.77000, 894.
2.78000, 914.
2.79000, 991.
2.80000, 1093.
2.81000, 1155.
2.82000, 1281.
2.83000, 1354.
2.84000, 1349.
2.85000, 1285.
2.86000, 1345.
2.87000, 1261.
2.88000, 1126.
2.89000, 1090.
2.90000, 968.
2.91000, 876.
2.92000, 734.
2.93000, 637.
2.94000, 592.
2.95000, 483.
2.96000, 428.
2.97000, 384.
2.98000, 331.
2.99000, 304.
3.00000, 243.
3.01000, 214.
3.02000, 193.
3.03000, 216.
3.04000, 184.
3.05000, 163.
3.06000, 167.
3.07000, 175.
3.08000, 144.
3.09000, 159.
3.10000, 162.
3.11000, 148.
3.12000, 162.
3.13000, 177.
3.14000, 166.
3.15000, 173.
3.16000, 178.
3.17000, 152.
3.18000, 175.
3.19000, 143.
3.20000, 185.
3.21000, 140.
3.22000, 145.
3.23000, 149.
3.24000, 160.
3.25000, 187.
3.26000, 154.
3.27000, 179.
3.28000, 193.
3.29000, 166.
3.30000, 177.
3.31000, 174.
3.32000, 154.
3.33000, 177.
3.34000, 202.
3.35000, 175.
3.36000, 211.
3.37000, 154.
3.38000, 163.
3.39000, 169.
3.40000, 177.
3.41000, 179.
3.42000, 166.
3.43000, 160.
3.44000, 187.
3.45000, 223.
3.46000, 217.
3.47000, 221.
3.48000, 327.
3.49000, 333.
3.50000, 409.
3.51000, 558.
3.52000, 694.
3.53000, 885.
3.54000, 1342.
3.55000, 1870.
3.56000, 2756.
3.57000, 4121.
3.58000, 6018.
3.59000, 8868.
3.60000, 12490.
3.61000, 17705.
3.62000, 23602.
3.63000, 30666.
3.64000, 38314.
3.65000, 46349.
3.66000, 54139.
3.67000, 60807.
3.68000, 65705.
3.69000, 68458.
3.70000, 68613.
3.71000, 65746.
3.72000, 60799.
3.73000, 54583.
3.74000, 46498.
3.75000, 38461.
3.76000, 30711.
3.77000, 23384.
3.78000, 16931.
3.79000, 12329.
3.80000, 8164.
3.81000, 5498.
3.82000, 3681.
3.83000, 2285.
3.84000, 1556.
3.85000, 1184.
3.86000, 833.
3.87000, 838.
3.88000, 918.
3.89000, 1034.
3.90000, 1310.
3.91000, 1756.
3.92000, 2316.
3.93000, 2947.
3.94000, 3688.
3.95000, 4624.
3.96000, 5529.
3.97000, 6882.
3.98000, 7834.
3.99000, 8597.
4.00000, 9304.
4.01000, 9605.
4.02000, 9544.
4.03000, 9373.
4.04000, 8860.
4.05000, 7984.
4.06000, 7079.
4.07000, 5908.
4.08000, 4848.
4.09000, 3790.
4.10000, 2864.
4.11000, 2058.
4.12000, 1484.
4.13000, 1030.
4.14000, 717.
4.15000, 497.
4.16000, 272.
4.17000, 216.
4.18000, 132.
4.19000, 90.
4.20000, 84.
4.21000, 81.
4.22000, 50.
4.23000, 71.
4.24000, 59.
4.25000, 54.
4.26000, 51.
4.27000, 58.
4.28000, 67.
4.29000, 68.
4.30000, 66.
4.31000, 85.
4.32000, 76.
4.33000, 99.
4.34000, 113.
4.35000, 132.
4.36000, 198.
4.37000, 232.
4.38000, 286.
4.39000, 314.
4.40000, 394.
4.41000, 487.
4.42000, 597.
4.43000, 674.
4.44000, 761.
4.45000, 832.
4.46000, 811.
4.47000, 868.
4.48000, 855.
4.49000, 812.
4.50000, 770.
4.51000, 649.
4.52000, 552.
4.53000, 495.
4.54000, 483.
4.55000, 295.
4.56000, 268.
4.57000, 240.
4.58000, 205.
4.59000, 192.
4.60000, 173.
4.61000, 152.
4.62000, 174.
4.63000, 184.
4.64000, 181.
4.65000, 173.
4.66000, 171.
4.67000, 158.
4.68000, 200.
4.69000, 141.
4.70000, 168.
4.71000, 202.
4.72000, 208.
4.73000, 236.
4.74000, 258.
4.75000, 274.
4.76000, 353.
4.77000, 467.
4.78000, 496.
4.79000, 624.
4.80000, 645.
4.81000, 711.
4.82000, 775.
4.83000, 774.
4.84000, 806.
4.85000, 761.
4.86000, 804.
4.87000, 731.
4.88000, 721.
4.89000, 600.
4.90000, 571.
4.91000, 478.
4.92000, 426.
4.93000, 410.
4.94000, 330.
4.95000, 303.
4.96000, 250.
4.97000, 259.
4.98000, 211.
4.99000, 209.
5.00000, 204.
5.01000, 195.
5.02000, 182.
5.03000, 191.
5.04000, 194.
5.05000, 214.
5.06000, 192.
5.07000, 189.
5.08000, 235.
5.09000, 224.
5.10000, 248.
5.11000, 243.
5.12000, 249.
5.13000, 299.
5.14000, 256.
5.15000, 281.
5.16000, 296.
5.17000, 309.
5.18000, 326.
5.19000, 311.
5.20000, 290.
5.21000, 301.
5.22000, 306.
5.23000, 294.
5.24000, 318.
5.25000, 279.
5.26000, 301.
5.27000, 278.
5.28000, 268.
5.29000, 236.
5.30000, 225.
5.31000, 190.
5.32000, 188.
5.33000, 198.
5.34000, 180.
5.35000, 159.
5.36000, 156.
5.37000, 139.
5.38000, 140.
5.39000, 133.
5.40000, 119.
5.41000, 135.
5.42000, 120.
5.43000, 124.
5.44000, 124.
5.45000, 116.
5.46000, 138.
5.47000, 133.
5.48000, 139.
5.49000, 144.
5.50000, 168.
5.51000, 182.
5.52000, 170.
5.53000, 160.
5.54000, 182.
5.55000, 186.
5.56000, 168.
5.57000, 169.
5.58000, 183.
5.59000, 158.
5.60000, 164.
5.61000, 144.
5.62000, 133.
5.63000, 140.
5.64000, 137.
5.65000, 143.
5.66000, 147.
5.67000, 141.
5.68000, 125.
5.69000, 126.
5.70000, 139.
5.71000, 131.
5.72000, 143.
5.73000, 148.
5.74000, 145.
5.75000, 156.
5.76000, 193.
5.77000, 188.
5.78000, 182.
5.79000, 169.
5.80000, 205.
5.81000, 206.
5.82000, 193.
5.83000, 201.
5.84000, 241.
5.85000, 234.
5.86000, 235.
5.87000, 226.
5.88000, 215.
5.89000, 208.
5.90000, 195.
5.91000, 227.
5.92000, 228.
5.93000, 218.
5.94000, 172.
5.95000, 165.
5.96000, 164.
5.97000, 135.
5.98000, 141.
5.99000, 132.
6.00000, 117.
6.01000, 126.
6.02000, 126.
6.03000, 98.
6.04000, 106.
6.05000, 110.
6.06000, 101.
6.07000, 106.
6.08000, 91.
6.09000, 86.
6.10000, 94.
6.11000, 75.
6.12000, 94.
6.13000, 77.
6.14000, 87.
6.15000, 77.
6.16000, 76.
6.17000, 88.
6.18000, 78.
6.19000, 85.
6.20000, 76.
6.21000, 96.
6.22000, 107.
6.23000, 137.
6.24000, 163.
6.25000, 148.
6.26000, 212.
6.27000, 221.
6.28000, 267.
6.29000, 345.
6.30000, 441.
6.31000, 538.
6.32000, 618.
6.33000, 730.
6.34000, 873.
6.35000, 933.
6.36000, 1068.
6.37000, 1142.
6.38000, 1256.
6.39000, 1381.
6.40000, 1293.
6.41000, 1264.
6.42000, 1215.
6.43000, 1102.
6.44000, 1081.
6.45000, 986.
6.46000, 827.
6.47000, 705.
6.48000, 651.
6.49000, 517.
6.50000, 426.
6.51000, 349.
6.52000, 290.
6.53000, 248.
6.54000, 182.
6.55000, 185.
6.56000, 166.
6.57000, 130.
6.58000, 133.
6.59000, 110.
6.60000, 117.
6.61000, 121.
6.62000, 87.
6.63000, 91.
6.64000, 98.
6.65000, 106.
6.66000, 93.
6.67000, 110.
6.68000, 86.
6.69000, 86.
6.70000, 91.
6.71000, 98.
6.72000, 90.
6.73000, 96.
6.74000, 101.
6.75000, 110.
6.76000, 109.
6.77000, 88.
6.78000, 107.
6.79000, 92.
6.80000, 89.
6.81000, 104.
6.82000, 103.
6.83000, 117.
6.84000, 94.
6.85000, 98.
6.86000, 83.
6.87000, 113.
6.88000, 87.
6.89000, 106.
6.90000, 127.
6.91000, 136.
6.92000, 130.
6.93000, 138.
6.94000, 149.
6.95000, 160.
6.96000, 155.
6.97000, 172.
6.98000, 211.
6.99000, 192.
7.00000, 212.
7.01000, 235.
7.02000, 217.
7.03000, 267.
7.04000, 278.
7.05000, 257.
7.06000, 267.
7.07000, 277.
7.08000, 242.
7.09000, 233.
7.10000, 221.
7.11000, 166.
7.12000, 203.
7.13000, 166.
7.14000, 156.
7.15000, 122.
7.16000, 133.
7.17000, 141.
7.18000, 110.
7.19000, 93.
7.20000, 108.
7.21000, 114.
7.22000, 98.
7.23000, 91.
7.24000, 105.
7.25000, 117.
7.26000, 141.
7.27000, 135.
7.28000, 148.
7.29000, 164.
7.30000, 186.
7.31000, 203.
7.32000, 261.
7.33000, 241.
7.34000, 279.
7.35000, 288.
7.36000, 322.
7.37000, 315.
7.38000, 318.
7.39000, 358.
7.40000, 325.
7.41000, 314.
7.42000, 333.
7.43000, 332.
7.44000, 300.
7.45000, 284.
7.46000, 254.
7.47000, 217.
7.48000, 201.
7.49000, 157.
7.50000, 168.
7.51000, 144.
7.52000, 131.
7.53000, 115.
7.54000, 124.
7.55000, 105.
7.56000, 112.
7.57000, 105.
7.58000, 104.
7.59000, 133.
7.60000, 103.
7.61000, 129.
7.62000, 116.
7.63000, 128.
7.64000, 119.
7.65000, 136.
7.66000, 147.
7.67000, 158.
7.68000, 141.
7.69000, 148.
7.70000, 171.
7.71000, 188.
7.72000, 151.
7.73000, 145.
7.74000, 169.
7.75000, 162.
7.76000, 135.
7.77000, 160.
7.78000, 151.
7.79000, 141.
7.80000, 146.
7.81000, 126.
7.82000, 105.
7.83000, 93.
7.84000, 107.
7.85000, 97.
7.86000, 122.
7.87000, 93.
7.88000, 102.
7.89000, 99.
7.90000, 97.
7.91000, 80.
7.92000, 78.
7.93000, 97.
7.94000, 113.
7.95000, 108.
7.96000, 95.
7.97000, 109.
7.98000, 93.
7.99000, 98.
8.00000, 119.
8.01000, 110.
8.02000, 139.
8.03000, 118.
8.04000, 124.
8.05000, 105.
8.06000, 119.
8.07000, 148.
8.08000, 130.
8.09000, 126.
8.10000, 138.
8.11000, 123.
8.12000, 122.
8.13000, 131.
8.14000, 152.
8.15000, 118.
8.16000, 133.
8.17000, 116.
8.18000, 113.
8.19000, 111.
8.20000, 130.
8.21000, 134.
8.22000, 132.
8.23000, 140.
8.24000, 147.
8.25000, 134.
8.26000, 151.
8.27000, 120.
8.28000, 134.
8.29000, 132.
8.30000, 116.
8.31000, 142.
8.32000, 156.
8.33000, 147.
8.34000, 133.
8.35000, 154.
8.36000, 141.
8.37000, 180.
8.38000, 182.
8.39000, 154.
8.40000, 176.
8.41000, 156.
8.42000, 168.
8.43000, 143.
8.44000, 188.
8.45000, 150.
8.46000, 154.
8.47000, 158.
8.48000, 138.
8.49000, 162.
8.50000, 144.
8.51000, 132.
8.52000, 147.
8.53000, 165.
8.54000, 177.
8.55000, 150.
8.56000, 163.
8.57000, 148.
8.58000, 163.
8.59000, 159.
8.60000, 165.
8.61000, 165.
8.62000, 162.
8.63000, 164.
8.64000, 155.
8.65000, 167.
8.66000, 153.
8.67000, 162.
8.68000, 151.
8.69000, 148.
8.70000, 148.
8.71000, 151.
8.72000, 147.
8.73000, 157.
8.74000, 141.
8.75000, 144.
8.76000, 134.
8.77000, 166.
8.78000, 152.
8.79000, 146.
8.80000, 151.
8.81000, 150.
8.82000, 146.
8.83000, 127.
8.84000, 130.
8.85000, 157.
8.86000, 136.
8.87000, 173.
8.88000, 141.
8.89000, 133.
8.90000, 128.
8.91000, 133.
8.92000, 130.
8.93000, 119.
8.94000, 139.
8.95000, 153.
8.96000, 150.
8.97000, 135.
8.98000, 143.
8.99000, 151.
9.00000, 132.
9.01000, 140.
9.02000, 140.
9.03000, 133.
9.04000, 130.
9.05000, 135.
9.06000, 144.
9.07000, 140.
9.08000, 144.
9.09000, 132.
9.10000, 127.
9.11000, 142.
9.12000, 142.
9.13000, 160.
9.14000, 146.
9.15000, 159.
9.16000, 183.
9.17000, 154.
9.18000, 162.
9.19000, 140.
9.20000, 163.
9.21000, 170.
9.22000, 167.
9.23000, 168.
9.24000, 159.
9.25000, 155.
9.26000, 146.
9.27000, 189.
9.28000, 169.
9.29000, 166.
9.30000, 146.
9.31000, 133.
9.32000, 168.
9.33000, 155.
9.34000, 163.
9.35000, 148.
9.36000, 141.
9.37000, 159.
9.38000, 158.
9.39000, 167.
9.40000, 166.
9.41000, 164.
9.42000, 167.
9.43000, 166.
9.44000, 167.
9.45000, 142.
9.46000, 152.
9.47000, 136.
9.48000, 151.
9.49000, 166.
9.50000, 160.
9.51000, 163.
9.52000, 151.
9.53000, 166.
9.54000, 179.
9.55000, 189.
9.56000, 179.
9.57000, 163.
9.58000, 189.
9.59000, 185.
9.60000, 162.
9.61000, 178.
9.62000, 171.
9.63000, 169.
9.64000, 160.
9.65000, 157.
9.66000, 184.
9.67000, 159.
9.68000, 151.
9.69000, 188.
9.70000, 159.
9.71000, 162.
9.72000, 154.
9.73000, 192.
9.74000, 161.
9.75000, 174.
9.76000, 182.
9.77000, 186.
9.78000, 152.
9.79000, 183.
9.80000, 188.
9.81000, 176.
9.82000, 175.
9.83000, 148.
9.84000, 175.
9.85000, 178.
9.86000, 169.
9.87000, 164.
9.88000, 173.
9.89000, 187.
9.90000, 160.
9.91000, 143.
9.92000, 168.
9.93000, 145.
9.94000, 174.
9.95000, 173.
9.96000, 171.
9.97000, 151.
9.98000, 170.
9.99000, 191.
10.00000, 169.
10.01000, 149.
10.02000, 175.
10.03000, 166.
10.04000, 205.
10.05000, 159.
10.06000, 177.
10.07000, 169.
10.08000, 162.
10.09000, 156.
10.10000, 181.
10.11000, 134.
10.12000, 176.
10.13000, 161.
10.14000, 165.
10.15000, 167.
10.16000, 183.
10.17000, 172.
10.18000, 171.
10.19000, 158.
10.20000, 186.
10.21000, 158.
10.22000, 169.
10.23000, 161.
10.24000, 165.
10.25000, 195.
10.26000, 171.
10.27000, 151.
10.28000, 190.
10.29000, 180.
10.30000, 146.
10.31000, 163.
10.32000, 161.
10.33000, 158.
10.34000, 165.
10.35000, 181.
10.36000, 182.
10.37000, 182.
10.38000, 174.
10.39000, 200.
10.40000, 183.
10.41000, 228.
10.42000, 246.
10.43000, 250.
10.44000, 246.
10.45000, 263.
10.46000, 301.
10.47000, 279.
10.48000, 303.
10.49000, 311.
10.50000, 295.
10.51000, 306.
10.52000, 284.
10.53000, 351.
10.54000, 363.
10.55000, 349.
10.56000, 314.
10.57000, 300.
10.58000, 327.
10.59000, 319.
10.60000, 280.
10.61000, 278.
10.62000, 253.
10.63000, 257.
10.64000, 241.
10.65000, 233.
10.66000, 234.
10.67000, 227.
10.68000, 215.
10.69000, 214.
10.70000, 211.
10.71000, 189.
10.72000, 179.
10.73000, 176.
10.74000, 199.
10.75000, 160.
10.76000, 182.
10.77000, 191.
10.78000, 188.
10.79000, 175.
10.80000, 146.
10.81000, 168.
10.82000, 193.
10.83000, 207.
10.84000, 182.
10.85000, 193.
10.86000, 184.
10.87000, 185.
10.88000, 179.
10.89000, 178.
10.90000, 202.
10.91000, 198.
10.92000, 173.
10.93000, 186.
10.94000, 174.
10.95000, 177.
10.96000, 197.
10.97000, 196.
10.98000, 203.
10.99000, 200.
11.00000, 201.
11.01000, 174.
11.02000, 190.
11.03000, 171.
11.04000, 177.
11.05000, 173.
11.06000, 209.
11.07000, 200.
11.08000, 167.
11.09000, 179.
11.10000, 197.
11.11000, 197.
11.12000, 158.
11.13000, 193.
11.14000, 192.
11.15000, 201.
11.16000, 203.
11.17000, 193.
11.18000, 203.
11.19000, 186.
11.20000, 197.
11.21000, 182.
11.22000, 175.
11.23000, 202.
11.24000, 199.
11.25000, 194.
11.26000, 167.
11.27000, 175.
11.28000, 197.
11.29000, 188.
11.30000, 206.
11.31000, 186.
11.32000, 176.
11.33000, 184.
11.34000, 211.
11.35000, 205.
11.36000, 199.
11.37000, 191.
11.38000, 206.
11.39000, 167.
11.40000, 211.
11.41000, 193.
11.42000, 214.
11.43000, 186.
11.44000, 195.
11.45000, 195.
11.46000, 187.
11.47000, 212.
11.48000, 183.
11.49000, 214.
11.50000, 186.
11.51000, 218.
11.52000, 211.
11.53000, 206.
11.54000, 196.
11.55000, 200.
11.56000, 217.
11.57000, 187.
11.58000, 212.
11.59000, 181.
11.60000, 185.
11.61000, 225.
11.62000, 212.
11.63000, 178.
11.64000, 192.
11.65000, 177.
11.66000, 165.
11.67000, 190.
11.68000, 227.
11.69000, 202.
11.70000, 230.
11.71000, 197.
11.72000, 187.
11.73000, 226.
11.74000, 198.
11.75000, 214.
11.76000, 196.
11.77000, 180.
11.78000, 199.
11.79000, 197.
11.80000, 211.
11.81000, 195.
11.82000, 206.
11.83000, 207.
11.84000, 165.
11.85000, 182.
11.86000, 186.
11.87000, 193.
11.88000, 178.
11.89000, 191.
11.90000, 155.
11.91000, 186.
11.92000, 183.
11.93000, 185.
11.94000, 178.
11.95000, 202.
11.96000, 189.
11.97000, 188.
11.98000, 231.
11.99000, 211.
12.00000, 213.
12.01000, 212.
12.02000, 191.
12.03000, 212.
12.04000, 185.
12.05000, 212.
12.06000, 204.
12.07000, 217.
12.08000, 187.
12.09000, 207.
12.10000, 219.
12.11000, 196.
12.12000, 199.
12.13000, 199.
12.14000, 213.
12.15000, 188.
12.16000, 192.
12.17000, 197.
12.18000, 207.
12.19000, 230.
12.20000, 224.
12.21000, 215.
12.22000, 217.
12.23000, 214.
12.24000, 201.
12.25000, 221.
12.26000, 239.
12.27000, 215.
12.28000, 237.
12.29000, 217.
12.30000, 203.
12.31000, 225.
12.32000, 222.
12.33000, 216.
12.34000, 214.
12.35000, 209.
12.36000, 249.
12.37000, 221.
12.38000, 219.
12.39000, 220.
12.40000, 203.
12.41000, 201.
12.42000, 225.
12.43000, 225.
12.44000, 204.
12.45000, 247.
12.46000, 239.
12.47000, 251.
12.48000, 262.
12.49000, 223.
12.50000, 269.
12.51000, 270.
12.52000, 294.
12.53000, 307.
12.54000, 298.
12.55000, 297.
12.56000, 310.
12.57000, 333.
12.58000, 322.
12.59000, 390.
12.60000, 322.
12.61000, 373.
12.62000, 352.
12.63000, 312.
12.64000, 306.
12.65000, 356.
12.66000, 287.
12.67000, 293.
12.68000, 293.
12.69000, 264.
12.70000, 278.
12.71000, 268.
12.72000, 271.
12.73000, 274.
12.74000, 239.
12.75000, 239.
12.76000, 223.
12.77000, 219.
12.78000, 214.
12.79000, 216.
12.80000, 212.
12.81000, 222.
12.82000, 212.
12.83000, 188.
12.84000, 182.
12.85000, 226.
12.86000, 206.
12.87000, 219.
12.88000, 214.
12.89000, 232.
12.90000, 221.
12.91000, 191.
12.92000, 235.
12.93000, 192.
12.94000, 204.
12.95000, 229.
12.96000, 196.
12.97000, 247.
12.98000, 210.
12.99000, 220.
13.00000, 219.
13.01000, 216.
13.02000, 221.
13.03000, 180.
13.04000, 206.
13.05000, 238.
13.06000, 198.
13.07000, 232.
13.08000, 178.
13.09000, 193.
13.10000, 184.
13.11000, 225.
13.12000, 193.
13.13000, 194.
13.14000, 224.
13.15000, 205.
13.16000, 205.
13.17000, 195.
13.18000, 227.
13.19000, 204.
13.20000, 207.
13.21000, 233.
13.22000, 211.
13.23000, 189.
13.24000, 181.
13.25000, 181.
13.26000, 201.
13.27000, 182.
13.28000, 198.
13.29000, 204.
13.30000, 217.
13.31000, 205.
13.32000, 222.
13.33000, 197.
13.34000, 208.
13.35000, 214.
13.36000, 211.
13.37000, 211.
13.38000, 203.
13.39000, 213.
13.40000, 204.
13.41000, 200.
13.42000, 212.
13.43000, 198.
13.44000, 197.
13.45000, 201.
13.46000, 212.
13.47000, 211.
13.48000, 197.
13.49000, 193.
13.50000, 219.
13.51000, 206.
13.52000, 203.
13.53000, 208.
13.54000, 218.
13.55000, 197.
13.56000, 230.
13.57000, 214.
13.58000, 198.
13.59000, 206.
13.60000, 209.
13.61000, 207.
13.62000, 226.
13.63000, 212.
13.64000, 219.
13.65000, 208.
13.66000, 217.
13.67000, 210.
13.68000, 194.
13.69000, 194.
13.70000, 226.
13.71000, 186.
13.72000, 236.
13.73000, 206.
13.74000, 236.
13.75000, 224.
13.76000, 222.
13.77000, 228.
13.78000, 236.
13.79000, 233.
13.80000, 214.
13.81000, 264.
13.82000, 240.
13.83000, 217.
13.84000, 261.
13.85000, 280.
13.86000, 291.
13.87000, 283.
13.88000, 357.
13.89000, 421.
13.90000, 470.
13.91000, 481.
13.92000, 535.
13.93000, 664.
13.94000, 756.
13.95000, 910.
13.96000, 1054.
13.97000, 1214.
13.98000, 1413.
13.99000, 1662.
14.00000, 1915.
14.01000, 2065.
14.02000, 2437.
14.03000, 2632.
14.04000, 2943.
14.05000, 3361.
14.06000, 3567.
14.07000, 3852.
14.08000, 4084.
14.09000, 4236.
14.10000, 4346.
14.11000, 4411.
14.12000, 4636.
14.13000, 4485.
14.14000, 4570.
14.15000, 4519.
14.16000, 4287.
14.17000, 3979.
14.18000, 3666.
14.19000, 3564.
14.20000, 3279.
14.21000, 3005.
14.22000, 2680.
14.23000, 2468.
14.24000, 2229.
14.25000, 1903.
14.26000, 1635.
14.27000, 1398.
14.28000, 1200.
14.29000, 991.
14.30000, 828.
14.31000, 713.
14.32000, 623.
14.33000, 524.
14.34000, 438.
14.35000, 375.
14.36000, 323.
14.37000, 321.
14.38000, 290.
14.39000, 269.
14.40000, 252.
14.41000, 244.
14.42000, 216.
14.43000, 215.
14.44000, 202.
14.45000, 210.
14.46000, 205.
14.47000, 228.
14.48000, 206.
14.49000, 204.
14.50000, 242.
14.51000, 221.
14.52000, 164.
14.53000, 163.
14.54000, 210.
14.55000, 204.
14.56000, 194.
14.57000, 187.
14.58000, 195.
14.59000, 189.
14.60000, 192.
14.61000, 218.
14.62000, 211.
14.63000, 210.
14.64000, 190.
14.65000, 216.
14.66000, 224.
14.67000, 209.
14.68000, 217.
14.69000, 220.
14.70000, 208.
14.71000, 213.
14.72000, 228.
14.73000, 230.
14.74000, 235.
14.75000, 249.
14.76000, 237.
14.77000, 243.
14.78000, 206.
14.79000, 225.
14.80000, 233.
14.81000, 225.
14.82000, 231.
14.83000, 217.
14.84000, 220.
14.85000, 233.
14.86000, 210.
14.87000, 223.
14.88000, 208.
14.89000, 190.
14.90000, 217.
14.91000, 229.
14.92000, 211.
14.93000, 273.
14.94000, 231.
14.95000, 214.
14.96000, 226.
14.97000, 216.
14.98000, 211.
14.99000, 224.
15.00000, 228.
15.01000, 212.
15.02000, 201.
15.03000, 213.
15.04000, 202.
15.05000, 180.
15.06000, 252.
15.07000, 220.
15.08000, 193.
15.09000, 178.
15.10000, 205.
15.11000, 197.
15.12000, 221.
15.13000, 202.
15.14000, 185.
15.15000, 205.
15.16000, 190.
15.17000, 226.
15.18000, 199.
15.19000, 193.
15.20000, 189.
15.21000, 205.
15.22000, 194.
15.23000, 231.
15.24000, 184.
15.25000, 186.
15.26000, 199.
15.27000, 179.
15.28000, 202.
15.29000, 188.
15.30000, 211.
15.31000, 169.
15.32000, 198.
15.33000, 169.
15.34000, 179.
15.35000, 210.
15.36000, 193.
15.37000, 191.
15.38000, 176.
15.39000, 180.
15.40000, 205.
15.41000, 191.
15.42000, 222.
15.43000, 211.
15.44000, 192.
15.45000, 212.
15.46000, 188.
15.47000, 225.
15.48000, 176.
15.49000, 182.
15.50000, 212.
15.51000, 223.
15.52000, 200.
15.53000, 195.
15.54000, 207.
15.55000, 214.
15.56000, 205.
15.57000, 232.
15.58000, 220.
15.59000, 245.
15.60000, 231.
15.61000, 245.
15.62000, 254.
15.63000, 290.
15.64000, 310.
15.65000, 374.
15.66000, 377.
15.67000, 424.
15.68000, 451.
15.69000, 475.
15.70000, 531.
15.71000, 557.
15.72000, 614.
15.73000, 716.
15.74000, 720.
15.75000, 760.
15.76000, 827.
15.77000, 896.
15.78000, 903.
15.79000, 888.
15.80000, 902.
15.81000, 979.
15.82000, 947.
15.83000, 898.
15.84000, 875.
15.85000, 884.
15.86000, 825.
15.87000, 778.
15.88000, 826.
15.89000, 692.
15.90000, 668.
15.91000, 596.
15.92000, 528.
15.93000, 481.
15.94000, 463.
15.95000, 458.
15.96000, 422.
15.97000, 398.
15.98000, 345.
15.99000, 341.
16.00000, 369.
16.01000, 348.
16.02000, 299.
16.03000, 352.
16.04000, 317.
16.05000, 341.
16.06000, 269.
16.07000, 290.
16.08000, 266.
16.09000, 280.
16.10000, 278.
16.11000, 253.
16.12000, 259.
16.13000, 272.
16.14000, 297.
16.15000, 225.
16.16000, 254.
16.17000, 237.
16.18000, 219.
16.19000, 208.
16.20000, 222.
16.21000, 198.
16.22000, 205.
16.23000, 210.
16.24000, 202.
16.25000, 200.
16.26000, 186.
16.27000, 183.
16.28000, 180.
16.29000, 187.
16.30000, 185.
16.31000, 185.
16.32000, 197.
16.33000, 189.
16.34000, 195.
16.35000, 186.
16.36000, 177.
16.37000, 195.
16.38000, 158.
16.39000, 191.
16.40000, 142.
16.41000, 168.
16.42000, 175.
16.43000, 158.
16.44000, 180.
16.45000, 179.
16.46000, 193.
16.47000, 177.
16.48000, 172.
16.49000, 170.
16.50000, 177.
16.51000, 184.
16.52000, 201.
16.53000, 175.
16.54000, 168.
16.55000, 172.
16.56000, 189.
16.57000, 170.
16.58000, 180.
16.59000, 187.
16.60000, 190.
16.61000, 179.
16.62000, 175.
16.63000, 196.
16.64000, 197.
16.65000, 162.
16.66000, 167.
16.67000, 181.
16.68000, 170.
16.69000, 203.
16.70000, 175.
16.71000, 173.
16.72000, 204.
16.73000, 181.
16.74000, 132.
16.75000, 164.
16.76000, 207.
16.77000, 186.
16.78000, 179.
16.79000, 169.
16.80000, 158.
16.81000, 191.
16.82000, 164.
16.83000, 163.
16.84000, 170.
16.85000, 192.
16.86000, 180.
16.87000, 195.
16.88000, 167.
16.89000, 192.
16.90000, 163.
16.91000, 183.
16.92000, 175.
16.93000, 194.
16.94000, 176.
16.95000, 180.
16.96000, 182.
16.97000, 183.
16.98000, 186.
16.99000, 162.
17.00000, 174.
17.01000, 202.
17.02000, 193.
17.03000, 182.
17.04000, 161.
17.05000, 188.
17.06000, 173.
17.07000, 175.
17.08000, 184.
17.09000, 172.
17.10000, 149.
17.11000, 168.
17.12000, 146.
17.13000, 199.
17.14000, 171.
17.15000, 199.
17.16000, 186.
17.17000, 194.
17.18000, 187.
17.19000, 203.
17.20000, 199.
17.21000, 187.
17.22000, 187.
17.23000, 195.
17.24000, 148.
17.25000, 194.
17.26000, 183.
17.27000, 177.
17.28000, 184.
17.29000, 172.
17.30000, 182.
17.31000, 193.
17.32000, 170.
17.33000, 177.
17.34000, 162.
17.35000, 180.
17.36000, 223.
17.37000, 183.
17.38000, 181.
17.39000, 191.
17.40000, 199.
17.41000, 190.
17.42000, 187.
17.43000, 202.
17.44000, 199.
17.45000, 171.
17.46000, 222.
17.47000, 198.
17.48000, 195.
17.49000, 177.
17.50000, 197.
17.51000, 188.
17.52000, 182.
17.53000, 196.
17.54000, 176.
17.55000, 181.
17.56000, 189.
17.57000, 206.
17.58000, 213.
17.59000, 197.
17.60000, 207.
17.61000, 235.
17.62000, 217.
17.63000, 209.
17.64000, 191.
17.65000, 231.
17.66000, 201.
17.67000, 198.
17.68000, 211.
17.69000, 225.
17.70000, 197.
17.71000, 237.
17.72000, 199.
17.73000, 233.
17.74000, 256.
17.75000, 249.
17.76000, 266.
17.77000, 254.
17.78000, 225.
17.79000, 256.
17.80000, 271.
17.81000, 275.
17.82000, 247.
17.83000, 242.
17.84000, 217.
17.85000, 245.
17.86000, 233.
17.87000, 256.
17.88000, 286.
17.89000, 273.
17.90000, 267.
17.91000, 286.
17.92000, 253.
17.93000, 245.
17.94000, 244.
17.95000, 247.
17.96000, 241.
17.97000, 247.
17.98000, 251.
17.99000, 230.
18.00000, 231.
18.01000, 234.
18.02000, 254.
18.03000, 251.
18.04000, 272.
18.05000, 238.
18.06000, 246.
18.07000, 248.
18.08000, 253.
18.09000, 251.
18.10000, 250.
18.11000, 280.
18.12000, 242.
18.13000, 275.
18.14000, 273.
18.15000, 262.
18.16000, 244.
18.17000, 251.
18.18000, 272.
18.19000, 274.
18.20000, 279.
18.21000, 295.
18.22000, 307.
18.23000, 307.
18.24000, 269.
18.25000, 323.
18.26000, 330.
18.27000, 343.
18.28000, 334.
18.29000, 335.
18.30000, 378.
18.31000, 349.
18.32000, 374.
18.33000, 384.
18.34000, 368.
18.35000, 375.
18.36000, 409.
18.37000, 423.
18.38000, 427.
18.39000, 428.
18.40000, 481.
18.41000, 441.
18.42000, 463.
18.43000, 462.
18.44000, 478.
18.45000, 552.
18.46000, 537.
18.47000, 542.
18.48000, 517.
18.49000, 592.
18.50000, 538.
18.51000, 538.
18.52000, 640.
18.53000, 683.
18.54000, 618.
18.55000, 630.
18.56000, 716.
18.57000, 716.
18.58000, 694.
18.59000, 707.
18.60000, 717.
18.61000, 729.
18.62000, 761.
18.63000, 804.
18.64000, 813.
18.65000, 831.
18.66000, 837.
18.67000, 810.
18.68000, 891.
18.69000, 846.
18.70000, 936.
18.71000, 932.
18.72000, 906.
18.73000, 906.
18.74000, 951.
18.75000, 951.
18.76000, 957.
18.77000, 934.
18.78000, 879.
18.79000, 921.
18.80000, 904.
18.81000, 906.
18.82000, 894.
18.83000, 972.
18.84000, 866.
18.85000, 889.
18.86000, 887.
18.87000, 843.
18.88000, 899.
18.89000, 893.
18.90000, 863.
18.91000, 861.
18.92000, 872.
18.93000, 917.
18.94000, 819.
18.95000, 794.
18.96000, 792.
18.97000, 773.
18.98000, 854.
18.99000, 746.
19.00000, 825.
19.01000, 755.
19.02000, 721.
19.03000, 744.
19.04000, 705.
19.05000, 638.
19.06000, 685.
19.07000, 691.
19.08000, 608.
19.09000, 653.
19.10000, 628.
19.11000, 569.
19.12000, 552.
19.13000, 543.
19.14000, 547.
19.15000, 582.
19.16000, 491.
19.17000, 485.
19.18000, 442.
19.19000, 457.
19.20000, 445.
19.21000, 476.
19.22000, 398.
19.23000, 407.
19.24000, 405.
19.25000, 393.
19.26000, 426.
19.27000, 361.
19.28000, 373.
19.29000, 363.
19.30000, 369.
19.31000, 363.
19.32000, 350.
19.33000, 335.
19.34000, 324.
19.35000, 328.
19.36000, 314.
19.37000, 328.
19.38000, 299.
19.39000, 311.
19.40000, 315.
19.41000, 286.
19.42000, 323.
19.43000, 302.
19.44000, 292.
19.45000, 258.
19.46000, 269.
19.47000, 277.
19.48000, 261.
19.49000, 281.
19.50000, 247.
19.51000, 250.
19.52000, 237.
19.53000, 239.
19.54000, 245.
19.55000, 230.
19.56000, 284.
19.57000, 240.
19.58000, 261.
19.59000, 230.
19.60000, 220.
19.61000, 228.
19.62000, 231.
19.63000, 245.
19.64000, 236.
19.65000, 201.
19.66000, 215.
19.67000, 213.
19.68000, 188.
19.69000, 195.
19.70000, 173.
19.71000, 180.
19.72000, 201.
19.73000, 200.
19.74000, 221.
19.75000, 199.
19.76000, 202.
19.77000, 195.
19.78000, 190.
19.79000, 211.
19.80000, 193.
19.81000, 202.
19.82000, 200.
19.83000, 209.
19.84000, 218.
19.85000, 234.
19.86000, 233.
19.87000, 257.
19.88000, 245.
19.89000, 235.
19.90000, 311.
19.91000, 315.
19.92000, 342.
19.93000, 345.
19.94000, 377.
19.95000, 409.
19.96000, 445.
19.97000, 454.
19.98000, 491.
19.99000, 587.
20.00000, 578.
20.01000, 567.
20.02000, 641.
20.03000, 730.
20.04000, 737.
20.05000, 716.
20.06000, 712.
20.07000, 785.
20.08000, 837.
20.09000, 816.
20.10000, 863.
20.11000, 835.
20.12000, 928.
20.13000, 918.
20.14000, 1003.
20.15000, 948.
20.16000, 949.
20.17000, 900.
20.18000, 858.
20.19000, 862.
20.20000, 904.
20.21000, 838.
20.22000, 789.
20.23000, 706.
20.24000, 712.
20.25000, 681.
20.26000, 613.
20.27000, 583.
20.28000, 592.
20.29000, 533.
20.30000, 477.
20.31000, 474.
20.32000, 411.
20.33000, 367.
20.34000, 341.
20.35000, 301.
20.36000, 282.
20.37000, 285.
20.38000, 229.
20.39000, 233.
20.40000, 205.
20.41000, 192.
20.42000, 199.
20.43000, 167.
20.44000, 184.
20.45000, 180.
20.46000, 176.
20.47000, 172.
20.48000, 148.
20.49000, 194.
20.50000, 195.
20.51000, 183.
20.52000, 186.
20.53000, 166.
20.54000, 184.
20.55000, 153.
20.56000, 180.
20.57000, 192.
20.58000, 183.
20.59000, 201.
20.60000, 176.
20.61000, 173.
20.62000, 197.
20.63000, 182.
20.64000, 220.
20.65000, 186.
20.66000, 181.
20.67000, 199.
20.68000, 204.
20.69000, 224.
20.70000, 216.
20.71000, 205.
20.72000, 198.
20.73000, 223.
20.74000, 192.
20.75000, 202.
20.76000, 217.
20.77000, 222.
20.78000, 233.
20.79000, 218.
20.80000, 229.
20.81000, 229.
20.82000, 229.
20.83000, 227.
20.84000, 253.
20.85000, 254.
20.86000, 294.
20.87000, 230.
20.88000, 244.
20.89000, 255.
20.90000, 261.
20.91000, 251.
20.92000, 214.
20.93000, 273.
20.94000, 244.
20.95000, 274.
20.96000, 242.
20.97000, 261.
20.98000, 291.
20.99000, 246.
21.00000, 249.
21.01000, 273.
21.02000, 269.
21.03000, 225.
21.04000, 219.
21.05000, 244.
21.06000, 265.
21.07000, 286.
21.08000, 253.
21.09000, 246.
21.10000, 265.
21.11000, 290.
21.12000, 226.
21.13000, 291.
21.14000, 235.
21.15000, 237.
21.16000, 243.
21.17000, 252.
21.18000, 211.
21.19000, 251.
21.20000, 236.
21.21000, 208.
21.22000, 238.
21.23000, 213.
21.24000, 235.
21.25000, 222.
21.26000, 237.
21.27000, 226.
21.28000, 208.
21.29000, 188.
21.30000, 200.
21.31000, 213.
21.32000, 215.
21.33000, 205.
21.34000, 177.
21.35000, 203.
21.36000, 195.
21.37000, 212.
21.38000, 194.
21.39000, 182.
21.40000, 186.
21.41000, 169.
21.42000, 186.
21.43000, 201.
21.44000, 193.
21.45000, 181.
21.46000, 178.
21.47000, 183.
21.48000, 159.
21.49000, 155.
21.50000, 148.
21.51000, 155.
21.52000, 151.
21.53000, 165.
21.54000, 170.
21.55000, 151.
21.56000, 164.
21.57000, 150.
21.58000, 157.
21.59000, 135.
21.60000, 141.
21.61000, 144.
21.62000, 172.
21.63000, 175.
21.64000, 129.
21.65000, 126.
21.66000, 119.
21.67000, 136.
21.68000, 127.
21.69000, 132.
21.70000, 122.
21.71000, 138.
21.72000, 118.
21.73000, 150.
21.74000, 116.
21.75000, 138.
21.76000, 160.
21.77000, 120.
21.78000, 116.
21.79000, 127.
21.80000, 125.
21.81000, 132.
21.82000, 124.
21.83000, 129.
21.84000, 131.
21.85000, 124.
21.86000, 134.
21.87000, 122.
21.88000, 106.
21.89000, 132.
21.90000, 107.
21.91000, 118.
21.92000, 102.
21.93000, 90.
21.94000, 115.
21.95000, 116.
21.96000, 132.
21.97000, 124.
21.98000, 122.
21.99000, 125.
22.00000, 113.
22.01000, 104.
22.02000, 121.
22.03000, 112.
22.04000, 90.
22.05000, 97.
22.06000, 101.
22.07000, 114.
22.08000, 108.
22.09000, 112.
22.10000, 98.
22.11000, 86.
22.12000, 106.
22.13000, 107.
22.14000, 110.
22.15000, 103.
22.16000, 108.
22.17000, 110.
22.18000, 119.
22.19000, 109.
22.20000, 104.
22.21000, 123.
22.22000, 108.
22.23000, 102.
22.24000, 109.
22.25000, 91.
22.26000, 92.
22.27000, 90.
22.28000, 113.
22.29000, 105.
22.30000, 89.
22.31000, 96.
22.32000, 83.
22.33000, 114.
22.34000, 87.
22.35000, 132.
22.36000, 97.
22.37000, 102.
22.38000, 120.
22.39000, 130.
22.40000, 118.
22.41000, 104.
22.42000, 113.
22.43000, 109.
22.44000, 110.
22.45000, 103.
22.46000, 122.
22.47000, 106.
22.48000, 126.
22.49000, 142.
22.50000, 139.
22.51000, 122.
22.52000, 140.
22.53000, 138.
22.54000, 139.
22.55000, 159.
22.56000, 168.
22.57000, 158.
22.58000, 182.
22.59000, 187.
22.60000, 187.
22.61000, 208.
22.62000, 200.
22.63000, 215.
22.64000, 211.
22.65000, 190.
22.66000, 218.
22.67000, 217.
22.68000, 208.
22.69000, 202.
22.70000, 201.
22.71000, 206.
22.72000, 188.
22.73000, 183.
22.74000, 204.
22.75000, 185.
22.76000, 177.
22.77000, 195.
22.78000, 156.
22.79000, 166.
22.80000, 149.
22.81000, 127.
22.82000, 118.
22.83000, 166.
22.84000, 112.
22.85000, 103.
22.86000, 117.
22.87000, 115.
22.88000, 119.
22.89000, 91.
22.90000, 99.
22.91000, 107.
22.92000, 103.
22.93000, 89.
22.94000, 100.
22.95000, 106.
22.96000, 112.
22.97000, 110.
22.98000, 84.
22.99000, 103.
23.00000, 75.
23.01000, 112.
23.02000, 96.
23.03000, 96.
23.04000, 100.
23.05000, 84.
23.06000, 106.
23.07000, 117.
23.08000, 101.
23.09000, 101.
23.10000, 75.
23.11000, 108.
23.12000, 118.
23.13000, 104.
23.14000, 122.
23.15000, 109.
23.16000, 99.
23.17000, 115.
23.18000, 132.
23.19000, 101.
23.20000, 98.
23.21000, 85.
23.22000, 89.
23.23000, 104.
23.24000, 89.
23.25000, 78.
23.26000, 81.
23.27000, 111.
23.28000, 95.
23.29000, 96.
23.30000, 92.
23.31000, 104.
23.32000, 83.
23.33000, 96.
23.34000, 97.
23.35000, 84.
23.36000, 69.
23.37000, 83.
23.38000, 87.
23.39000, 82.
23.40000, 78.
23.41000, 78.
23.42000, 83.
23.43000, 69.
23.44000, 101.
23.45000, 70.
23.46000, 66.
23.47000, 78.
23.48000, 77.
23.49000, 68.
23.50000, 70.
23.51000, 64.
23.52000, 79.
23.53000, 78.
23.54000, 81.
23.55000, 68.
23.56000, 97.
23.57000, 71.
23.58000, 67.
23.59000, 67.
23.60000, 75.
23.61000, 87.
23.62000, 80.
23.63000, 71.
23.64000, 88.
23.65000, 64.
23.66000, 77.
23.67000, 69.
23.68000, 64.
23.69000, 71.
23.70000, 76.
23.71000, 79.
23.72000, 93.
23.73000, 64.
23.74000, 88.
23.75000, 81.
23.76000, 75.
23.77000, 80.
23.78000, 106.
23.79000, 74.
23.80000, 92.
23.81000, 78.
23.82000, 74.
23.83000, 87.
23.84000, 93.
23.85000, 83.
23.86000, 86.
23.87000, 76.
23.88000, 79.
23.89000, 65.
23.90000, 66.
23.91000, 87.
23.92000, 86.
23.93000, 79.
23.94000, 74.
23.95000, 84.
23.96000, 96.
23.97000, 71.
23.98000, 74.
23.99000, 66.
24.00000, 91.
24.01000, 65.
24.02000, 75.
24.03000, 75.
24.04000, 84.
24.05000, 72.
24.06000, 85.
24.07000, 93.
24.08000, 62.
24.09000, 76.
24.10000, 67.
24.11000, 62.
24.12000, 82.
24.13000, 68.
24.14000, 83.
24.15000, 62.
24.16000, 81.
24.17000, 61.
24.18000, 84.
24.19000, 77.
24.20000, 77.
24.21000, 82.
24.22000, 68.
24.23000, 85.
24.24000, 89.
24.25000, 82.
24.26000, 86.
24.27000, 60.
24.28000, 69.
24.29000, 64.
24.30000, 80.
24.31000, 76.
24.32000, 68.
24.33000, 71.
24.34000, 51.
24.35000, 85.
24.36000, 67.
24.37000, 73.
24.38000, 79.
24.39000, 76.
24.40000, 69.
24.41000, 68.
24.42000, 71.
24.43000, 66.
24.44000, 73.
24.45000, 64.
24.46000, 62.
24.47000, 69.
24.48000, 69.
24.49000, 73.
24.50000, 76.
24.51000, 81.
24.52000, 76.
24.53000, 59.
24.54000, 71.
24.55000, 67.
24.56000, 71.
24.57000, 76.
24.58000, 86.
24.59000, 69.
24.60000, 83.
24.61000, 75.
24.62000, 79.
24.63000, 68.
24.64000, 64.
24.65000, 80.
24.66000, 84.
24.67000, 61.
24.68000, 76.
24.69000, 69.
24.70000, 82.
24.71000, 60.
24.72000, 69.
24.73000, 76.
24.74000, 65.
24.75000, 67.
24.76000, 68.
24.77000, 75.
24.78000, 85.
24.79000, 70.
24.80000, 74.
24.81000, 71.
24.82000, 66.
24.83000, 82.
24.84000, 67.
24.85000, 84.
24.86000, 84.
24.87000, 60.
24.88000, 66.
24.89000, 70.
24.90000, 74.
24.91000, 71.
24.92000, 75.
24.93000, 57.
24.94000, 86.
24.95000, 78.
24.96000, 82.
24.97000, 79.
24.98000, 100.
24.99000, 71.
25.00000, 67.
25.01000, 78.
25.02000, 89.
25.03000, 87.
25.04000, 93.
25.05000, 63.
25.06000, 81.
25.07000, 85.
25.08000, 63.
25.09000, 63.
25.10000, 69.
25.11000, 82.
25.12000, 82.
25.13000, 75.
25.14000, 89.
25.15000, 88.
25.16000, 87.
25.17000, 90.
25.18000, 69.
25.19000, 94.
25.20000, 70.
25.21000, 91.
25.22000, 96.
25.23000, 74.
25.24000, 76.
25.25000, 65.
25.26000, 78.
25.27000, 81.
25.28000, 83.
25.29000, 68.
25.30000, 85.
25.31000, 86.
25.32000, 77.
25.33000, 72.
25.34000, 66.
25.35000, 65.
25.36000, 71.
25.37000, 69.
25.38000, 80.
25.39000, 80.
25.40000, 63.
25.41000, 84.
25.42000, 68.
25.43000, 72.
25.44000, 70.
25.45000, 83.
25.46000, 55.
25.47000, 65.
25.48000, 80.
25.49000, 74.
25.50000, 72.
25.51000, 60.
25.52000, 66.
25.53000, 86.
25.54000, 57.
25.55000, 62.
25.56000, 75.
25.57000, 55.
25.58000, 59.
25.59000, 73.
25.60000, 51.
25.61000, 50.
25.62000, 59.
25.63000, 59.
25.64000, 58.
25.65000, 75.
25.66000, 67.
25.67000, 72.
25.68000, 59.
25.69000, 73.
25.70000, 67.
25.71000, 55.
25.72000, 68.
25.73000, 77.
25.74000, 74.
25.75000, 58.
25.76000, 66.
25.77000, 62.
25.78000, 60.
25.79000, 59.
25.80000, 56.
25.81000, 58.
25.82000, 52.
25.83000, 65.
25.84000, 49.
25.85000, 69.
25.86000, 70.
25.87000, 58.
25.88000, 67.
25.89000, 60.
25.90000, 76.
25.91000, 70.
25.92000, 65.
25.93000, 69.
25.94000, 67.
25.95000, 65.
25.96000, 50.
25.97000, 59.
25.98000, 65.
25.99000, 63.
26.00000, 74.
26.01000, 57.
26.02000, 64.
26.03000, 47.
26.04000, 65.
26.05000, 61.
26.06000, 67.
26.07000, 72.
26.08000, 66.
26.09000, 67.
26.10000, 61.
26.11000, 64.
26.12000, 72.
26.13000, 68.
26.14000, 76.
26.15000, 61.
26.16000, 58.
26.17000, 64.
26.18000, 58.
26.19000, 70.
26.20000, 67.
26.21000, 59.
26.22000, 63.
26.23000, 60.
26.24000, 66.
26.25000, 64.
26.26000, 60.
26.27000, 60.
26.28000, 70.
26.29000, 78.
26.30000, 54.
26.31000, 52.
26.32000, 42.
26.33000, 67.
26.34000, 70.
26.35000, 72.
26.36000, 71.
26.37000, 60.
26.38000, 45.
26.39000, 65.
26.40000, 63.
26.41000, 76.
26.42000, 61.
26.43000, 65.
26.44000, 73.
26.45000, 53.
26.46000, 51.
26.47000, 74.
26.48000, 60.
26.49000, 65.
26.50000, 56.
26.51000, 60.
26.52000, 63.
26.53000, 62.
26.54000, 60.
26.55000, 70.
26.56000, 57.
26.57000, 58.
26.58000, 61.
26.59000, 58.
26.60000, 57.
26.61000, 58.
26.62000, 46.
26.63000, 57.
26.64000, 52.
26.65000, 51.
26.66000, 57.
26.67000, 51.
26.68000, 57.
26.69000, 60.
26.70000, 58.
26.71000, 61.
26.72000, 62.
26.73000, 64.
26.74000, 68.
26.75000, 67.
26.76000, 58.
26.77000, 50.
26.78000, 74.
26.79000, 56.
26.80000, 58.
26.81000, 63.
26.82000, 68.
26.83000, 65.
26.84000, 56.
26.85000, 54.
26.86000, 63.
26.87000, 61.
26.88000, 56.
26.89000, 55.
26.90000, 52.
26.91000, 49.
26.92000, 52.
26.93000, 49.
26.94000, 59.
26.95000, 57.
26.96000, 53.
26.97000, 49.
26.98000, 55.
26.99000, 69.
27.00000, 56.
27.01000, 62.
27.02000, 58.
27.03000, 54.
27.04000, 68.
27.05000, 63.
27.06000, 52.
27.07000, 57.
27.08000, 45.
27.09000, 52.
27.10000, 54.
27.11000, 44.
27.12000, 43.
27.13000, 63.
27.14000, 63.
27.15000, 56.
27.16000, 54.
27.17000, 41.
27.18000, 62.
27.19000, 47.
27.20000, 59.
27.21000, 65.
27.22000, 63.
27.23000, 47.
27.24000, 45.
27.25000, 50.
27.26000, 55.
27.27000, 62.
27.28000, 50.
27.29000, 64.
27.30000, 62.
27.31000, 64.
27.32000, 62.
27.33000, 51.
27.34000, 53.
27.35000, 63.
27.36000, 70.
27.37000, 56.
27.38000, 54.
27.39000, 58.
27.40000, 54.
27.41000, 58.
27.42000, 65.
27.43000, 70.
27.44000, 70.
27.45000, 59.
27.46000, 66.
27.47000, 50.
27.48000, 58.
27.49000, 52.
27.50000, 51.
27.51000, 49.
27.52000, 55.
27.53000, 75.
27.54000, 49.
27.55000, 60.
27.56000, 50.
27.57000, 52.
27.58000, 74.
27.59000, 47.
27.60000, 57.
27.61000, 54.
27.62000, 58.
27.63000, 55.
27.64000, 50.
27.65000, 45.
27.66000, 62.
27.67000, 52.
27.68000, 48.
27.69000, 67.
27.70000, 58.
27.71000, 56.
27.72000, 52.
27.73000, 49.
27.74000, 57.
27.75000, 58.
27.76000, 48.
27.77000, 54.
27.78000, 61.
27.79000, 62.
27.80000, 51.
27.81000, 46.
27.82000, 55.
27.83000, 55.
27.84000, 58.
27.85000, 44.
27.86000, 62.
27.87000, 52.
27.88000, 42.
27.89000, 60.
27.90000, 56.
27.91000, 59.
27.92000, 51.
27.93000, 56.
27.94000, 55.
27.95000, 64.
27.96000, 60.
27.97000, 57.
27.98000, 40.
27.99000, 55.
28.00000, 67.
28.01000, 73.
28.02000, 56.
28.03000, 51.
28.04000, 54.
28.05000, 58.
28.06000, 58.
28.07000, 45.
28.08000, 47.
28.09000, 55.
28.10000, 54.
28.11000, 50.
28.12000, 50.
28.13000, 61.
28.14000, 50.
28.15000, 68.
28.16000, 56.
28.17000, 54.
28.18000, 40.
28.19000, 49.
28.20000, 42.
28.21000, 44.
28.22000, 56.
28.23000, 49.
28.24000, 59.
28.25000, 51.
28.26000, 65.
28.27000, 52.
28.28000, 63.
28.29000, 53.
28.30000, 56.
28.31000, 55.
28.32000, 70.
28.33000, 57.
28.34000, 55.
28.35000, 49.
28.36000, 48.
28.37000, 60.
28.38000, 48.
28.39000, 59.
28.40000, 53.
28.41000, 52.
28.42000, 56.
28.43000, 60.
28.44000, 54.
28.45000, 51.
28.46000, 58.
28.47000, 44.
28.48000, 57.
28.49000, 60.
28.50000, 44.
28.51000, 50.
28.52000, 46.
28.53000, 41.
28.54000, 51.
28.55000, 50.
28.56000, 61.
28.57000, 50.
28.58000, 54.
28.59000, 51.
28.60000, 44.
28.61000, 39.
28.62000, 52.
28.63000, 48.
28.64000, 53.
28.65000, 56.
28.66000, 57.
28.67000, 55.
28.68000, 40.
28.69000, 49.
28.70000, 50.
28.71000, 53.
28.72000, 48.
28.73000, 56.
28.74000, 63.
28.75000, 52.
28.76000, 50.
28.77000, 60.
28.78000, 48.
28.79000, 62.
28.80000, 47.
28.81000, 59.
28.82000, 51.
28.83000, 52.
28.84000, 41.
28.85000, 43.
28.86000, 54.
28.87000, 61.
28.88000, 63.
28.89000, 37.
28.90000, 61.
28.91000, 58.
28.92000, 47.
28.93000, 46.
28.94000, 49.
28.95000, 40.
28.96000, 47.
28.97000, 64.
28.98000, 45.
28.99000, 59.
29.00000, 54.
29.01000, 49.
29.02000, 49.
29.03000, 48.
29.04000, 51.
29.05000, 51.
29.06000, 47.
29.07000, 65.
29.08000, 49.
29.09000, 45.
29.10000, 55.
29.11000, 54.
29.12000, 43.
29.13000, 36.
29.14000, 62.
29.15000, 52.
29.16000, 54.
29.17000, 61.
29.18000, 45.
29.19000, 36.
29.20000, 42.
29.21000, 44.
29.22000, 37.
29.23000, 59.
29.24000, 48.
29.25000, 59.
29.26000, 51.
29.27000, 48.
29.28000, 74.
29.29000, 49.
29.30000, 51.
29.31000, 49.
29.32000, 63.
29.33000, 46.
29.34000, 37.
29.35000, 44.
29.36000, 50.
29.37000, 45.
29.38000, 50.
29.39000, 60.
29.40000, 45.
29.41000, 49.
29.42000, 37.
29.43000, 49.
29.44000, 56.
29.45000, 51.
29.46000, 43.
29.47000, 61.
29.48000, 47.
29.49000, 47.
29.50000, 39.
29.51000, 47.
29.52000, 47.
29.53000, 42.
29.54000, 41.
29.55000, 47.
29.56000, 47.
29.57000, 47.
29.58000, 43.
29.59000, 52.
29.60000, 42.
29.61000, 47.
29.62000, 42.
29.63000, 40.
29.64000, 52.
29.65000, 48.
29.66000, 48.
29.67000, 37.
29.68000, 41.
29.69000, 37.
29.70000, 34.
29.71000, 35.
29.72000, 57.
29.73000, 48.
29.74000, 39.
29.75000, 44.
29.76000, 39.
29.77000, 47.
29.78000, 47.
29.79000, 47.
29.80000, 50.
29.81000, 43.
29.82000, 43.
29.83000, 55.
29.84000, 47.
29.85000, 58.
29.86000, 39.
29.87000, 46.
29.88000, 44.
29.89000, 49.
29.90000, 37.
29.91000, 40.
29.92000, 40.
29.93000, 40.
29.94000, 45.
29.95000, 45.
29.96000, 43.
29.97000, 42.
29.98000, 53.
29.99000, 47.
30.00000, 47.
30.01000, 40.
30.02000, 43.
30.03000, 43.
30.04000, 38.
30.05000, 50.
30.06000, 42.
30.07000, 46.
30.08000, 45.
30.09000, 42.
30.10000, 35.
30.11000, 48.
30.12000, 39.
30.13000, 51.
30.14000, 45.
30.15000, 36.
30.16000, 50.
30.17000, 42.
30.18000, 48.
30.19000, 50.
30.20000, 44.
30.21000, 50.
30.22000, 47.
30.23000, 36.
30.24000, 48.
30.25000, 36.
30.26000, 51.
30.27000, 36.
30.28000, 36.
30.29000, 37.
30.30000, 42.
30.31000, 60.
30.32000, 51.
30.33000, 49.
30.34000, 42.
30.35000, 49.
30.36000, 38.
30.37000, 37.
30.38000, 43.
30.39000, 44.
30.40000, 39.
30.41000, 34.
30.42000, 48.
30.43000, 37.
30.44000, 32.
30.45000, 39.
30.46000, 44.
30.47000, 45.
30.48000, 42.
30.49000, 37.
30.50000, 33.
30.51000, 37.
30.52000, 34.
30.53000, 47.
30.54000, 44.
30.55000, 44.
30.56000, 37.
30.57000, 46.
30.58000, 38.
30.59000, 40.
30.60000, 38.
30.61000, 42.
30.62000, 33.
30.63000, 40.
30.64000, 46.
30.65000, 38.
30.66000, 45.
30.67000, 45.
30.68000, 46.
30.69000, 36.
30.70000, 35.
30.71000, 52.
30.72000, 44.
30.73000, 35.
30.74000, 41.
30.75000, 37.
30.76000, 46.
30.77000, 50.
30.78000, 46.
30.79000, 39.
30.80000, 49.
30.81000, 45.
30.82000, 34.
30.83000, 47.
30.84000, 41.
30.85000, 43.
30.86000, 38.
30.87000, 45.
30.88000, 35.
30.89000, 34.
30.90000, 28.
30.91000, 45.
30.92000, 48.
30.93000, 52.
30.94000, 46.
30.95000, 58.
30.96000, 45.
30.97000, 39.
30.98000, 32.
30.99000, 52.
31.00000, 44.
31.01000, 31.
31.02000, 29.
31.03000, 39.
31.04000, 36.
31.05000, 38.
31.06000, 29.
31.07000, 47.
31.08000, 53.
31.09000, 42.
31.10000, 37.
31.11000, 33.
31.12000, 32.
31.13000, 54.
31.14000, 42.
31.15000, 29.
31.16000, 47.
31.17000, 33.
31.18000, 37.
31.19000, 40.
31.20000, 37.
31.21000, 37.
31.22000, 37.
31.23000, 28.
31.24000, 37.
31.25000, 46.
31.26000, 31.
31.27000, 42.
31.28000, 37.
31.29000, 44.
31.30000, 32.
31.31000, 36.
31.32000, 38.
31.33000, 34.
31.34000, 46.
31.35000, 41.
31.36000, 32.
31.37000, 56.
31.38000, 34.
31.39000, 41.
31.40000, 39.
31.41000, 32.
31.42000, 50.
31.43000, 42.
31.44000, 49.
31.45000, 46.
31.46000, 60.
31.47000, 60.
31.48000, 64.
31.49000, 51.
31.50000, 64.
31.51000, 69.
31.52000, 69.
31.53000, 72.
31.54000, 73.
31.55000, 84.
31.56000, 94.
31.57000, 76.
31.58000, 99.
31.59000, 100.
31.60000, 116.
31.61000, 104.
31.62000, 135.
31.63000, 149.
31.64000, 166.
31.65000, 146.
31.66000, 167.
31.67000, 167.
31.68000, 164.
31.69000, 167.
31.70000, 183.
31.71000, 233.
31.72000, 178.
31.73000, 218.
31.74000, 215.
31.75000, 219.
31.76000, 207.
31.77000, 208.
31.78000, 197.
31.79000, 176.
31.80000, 225.
31.81000, 227.
31.82000, 200.
31.83000, 203.
31.84000, 176.
31.85000, 178.
31.86000, 163.
31.87000, 178.
31.88000, 169.
31.89000, 185.
31.90000, 183.
31.91000, 194.
31.92000, 178.
31.93000, 165.
31.94000, 153.
31.95000, 185.
31.96000, 192.
31.97000, 200.
31.98000, 206.
31.99000, 224.
32.00000, 228.
32.01000, 208.
32.02000, 245.
32.03000, 241.
32.04000, 298.
32.05000, 281.
32.06000, 295.
32.07000, 304.
32.08000, 311.
32.09000, 325.
32.10000, 349.
32.11000, 367.
32.12000, 335.
32.13000, 338.
32.14000, 352.
32.15000, 309.
32.16000, 350.
32.17000, 295.
32.18000, 360.
32.19000, 317.
32.20000, 295.
32.21000, 261.
32.22000, 254.
32.23000, 252.
32.24000, 237.
32.25000, 226.
32.26000, 216.
32.27000, 176.
32.28000, 144.
32.29000, 166.
32.30000, 143.
32.31000, 152.
32.32000, 123.
32.33000, 139.
32.34000, 109.
32.35000, 102.
32.36000, 76.
32.37000, 71.
32.38000, 100.
32.39000, 63.
32.40000, 49.
32.41000, 62.
32.42000, 48.
32.43000, 46.
32.44000, 55.
32.45000, 46.
32.46000, 54.
32.47000, 36.
32.48000, 36.
32.49000, 33.
32.50000, 44.
32.51000, 28.
32.52000, 41.
32.53000, 43.
32.54000, 35.
32.55000, 36.
32.56000, 35.
32.57000, 34.
32.58000, 31.
32.59000, 38.
32.60000, 34.
32.61000, 38.
32.62000, 26.
32.63000, 35.
32.64000, 34.
32.65000, 45.
32.66000, 32.
32.67000, 33.
32.68000, 29.
32.69000, 27.
32.70000, 30.
32.71000, 26.
32.72000, 28.
32.73000, 31.
32.74000, 31.
32.75000, 49.
32.76000, 36.
32.77000, 41.
32.78000, 32.
32.79000, 39.
32.80000, 42.
32.81000, 33.
32.82000, 32.
32.83000, 40.
32.84000, 35.
32.85000, 36.
32.86000, 27.
32.87000, 34.
32.88000, 43.
32.89000, 37.
32.90000, 45.
32.91000, 46.
32.92000, 44.
32.93000, 41.
32.94000, 43.
32.95000, 46.
32.96000, 54.
32.97000, 44.
32.98000, 45.
32.99000, 45.
33.00000, 39.
33.01000, 48.
33.02000, 40.
33.03000, 38.
33.04000, 52.
33.05000, 41.
33.06000, 38.
33.07000, 40.
33.08000, 37.
33.09000, 48.
33.10000, 33.
33.11000, 32.
33.12000, 43.
33.13000, 40.
33.14000, 40.
33.15000, 32.
33.16000, 39.
33.17000, 42.
33.18000, 37.
33.19000, 40.
33.20000, 42.
33.21000, 36.
33.22000, 43.
33.23000, 37.
33.24000, 30.
33.25000, 52.
33.26000, 47.
33.27000, 51.
33.28000, 51.
33.29000, 43.
33.30000, 47.
33.31000, 55.
33.32000, 58.
33.33000, 47.
33.34000, 51.
33.35000, 58.
33.36000, 45.
33.37000, 69.
33.38000, 55.
33.39000, 53.
33.40000, 43.
33.41000, 49.
33.42000, 42.
33.43000, 54.
33.44000, 55.
33.45000, 45.
33.46000, 47.
33.47000, 35.
33.48000, 51.
33.49000, 40.
33.50000, 46.
33.51000, 34.
33.52000, 28.
33.53000, 42.
33.54000, 38.
33.55000, 38.
33.56000, 33.
33.57000, 29.
33.58000, 25.
33.59000, 31.
33.60000, 23.
33.61000, 29.
33.62000, 22.
33.63000, 36.
33.64000, 21.
33.65000, 26.
33.66000, 36.
33.67000, 29.
33.68000, 23.
33.69000, 26.
33.70000, 31.
33.71000, 24.
33.72000, 25.
33.73000, 28.
33.74000, 19.
33.75000, 24.
33.76000, 40.
33.77000, 14.
33.78000, 20.
33.79000, 20.
33.80000, 26.
33.81000, 19.
33.82000, 32.
33.83000, 31.
33.84000, 23.
33.85000, 24.
33.86000, 29.
33.87000, 27.
33.88000, 23.
33.89000, 23.
33.90000, 21.
33.91000, 22.
33.92000, 22.
33.93000, 25.
33.94000, 18.
33.95000, 23.
33.96000, 30.
33.97000, 24.
33.98000, 21.
33.99000, 29.
34.00000, 41.
34.01000, 24.
34.02000, 33.
34.03000, 36.
34.04000, 30.
34.05000, 30.
34.06000, 35.
34.07000, 25.
34.08000, 25.
34.09000, 38.
34.10000, 28.
34.11000, 28.
34.12000, 34.
34.13000, 37.
34.14000, 37.
34.15000, 38.
34.16000, 40.
34.17000, 45.
34.18000, 42.
34.19000, 34.
34.20000, 52.
34.21000, 37.
34.22000, 26.
34.23000, 43.
34.24000, 34.
34.25000, 33.
34.26000, 50.
34.27000, 29.
34.28000, 37.
34.29000, 36.
34.30000, 33.
34.31000, 36.
34.32000, 48.
34.33000, 55.
34.34000, 40.
34.35000, 40.
34.36000, 35.
34.37000, 38.
34.38000, 25.
34.39000, 27.
34.40000, 35.
34.41000, 32.
34.42000, 37.
34.43000, 17.
34.44000, 43.
34.45000, 30.
34.46000, 36.
34.47000, 35.
34.48000, 34.
34.49000, 35.
34.50000, 51.
34.51000, 38.
34.52000, 32.
34.53000, 25.
34.54000, 40.
34.55000, 58.
34.56000, 48.
34.57000, 31.
34.58000, 36.
34.59000, 26.
34.60000, 54.
34.61000, 39.
34.62000, 42.
34.63000, 51.
34.64000, 35.
34.65000, 38.
34.66000, 56.
34.67000, 36.
34.68000, 51.
34.69000, 39.
34.70000, 41.
34.71000, 37.
34.72000, 43.
34.73000, 33.
34.74000, 41.
34.75000, 35.
34.76000, 39.
34.77000, 34.
34.78000, 52.
34.79000, 36.
34.80000, 34.
34.81000, 35.
34.82000, 28.
34.83000, 26.
34.84000, 23.
34.85000, 28.
34.86000, 25.
34.87000, 23.
34.88000, 23.
34.89000, 30.
34.90000, 29.
34.91000, 25.
34.92000, 21.
34.93000, 27.
34.94000, 13.
34.95000, 25.
34.96000, 24.
34.97000, 27.
34.98000, 23.
34.99000, 21.
35.00000, 17.
35.01000, 23.
35.02000, 14.
35.03000, 20.
35.04000, 23.
35.05000, 18.
35.06000, 17.
35.07000, 16.
35.08000, 19.
35.09000, 14.
35.10000, 16.
35.11000, 22.
35.12000, 17.
35.13000, 17.
35.14000, 16.
35.15000, 15.
35.16000, 22.
35.17000, 17.
35.18000, 18.
35.19000, 25.
35.20000, 32.
35.21000, 23.
35.22000, 22.
35.23000, 19.
35.24000, 18.
35.25000, 19.
35.26000, 26.
35.27000, 25.
35.28000, 18.
35.29000, 21.
35.30000, 20.
35.31000, 18.
35.32000, 13.
35.33000, 24.
35.34000, 23.
35.35000, 15.
35.36000, 21.
35.37000, 19.
35.38000, 18.
35.39000, 25.
35.40000, 20.
35.41000, 20.
35.42000, 26.
35.43000, 24.
35.44000, 25.
35.45000, 19.
35.46000, 17.
35.47000, 24.
35.48000, 22.
35.49000, 13.
35.50000, 25.
35.51000, 27.
35.52000, 18.
35.53000, 18.
35.54000, 21.
35.55000, 17.
35.56000, 14.
35.57000, 23.
35.58000, 14.
35.59000, 23.
35.60000, 18.
35.61000, 19.
35.62000, 16.
35.63000, 22.
35.64000, 15.
35.65000, 21.
35.66000, 19.
35.67000, 19.
35.68000, 17.
35.69000, 21.
35.70000, 25.
35.71000, 19.
35.72000, 20.
35.73000, 24.
35.74000, 16.
35.75000, 27.
35.76000, 17.
35.77000, 23.
35.78000, 19.
35.79000, 22.
35.80000, 18.
35.81000, 24.
35.82000, 20.
35.83000, 20.
35.84000, 19.
35.85000, 32.
35.86000, 19.
35.87000, 18.
35.88000, 30.
35.89000, 22.
35.90000, 21.
35.91000, 19.
35.92000, 27.
35.93000, 29.
35.94000, 24.
35.95000, 22.
35.96000, 25.
35.97000, 25.
35.98000, 27.
35.99000, 18.
36.00000, 26.
36.01000, 28.
36.02000, 27.
36.03000, 37.
36.04000, 41.
36.05000, 25.
36.06000, 29.
36.07000, 45.
36.08000, 38.
36.09000, 26.
36.10000, 55.
36.11000, 50.
36.12000, 36.
36.13000, 53.
36.14000, 52.
36.15000, 51.
36.16000, 58.
36.17000, 71.
36.18000, 69.
36.19000, 73.
36.20000, 62.
36.21000, 64.
36.22000, 66.
36.23000, 82.
36.24000, 78.
36.25000, 69.
36.26000, 82.
36.27000, 68.
36.28000, 92.
36.29000, 83.
36.30000, 89.
36.31000, 51.
36.32000, 59.
36.33000, 50.
36.34000, 54.
36.35000, 54.
36.36000, 61.
36.37000, 81.
36.38000, 62.
36.39000, 62.
36.40000, 34.
36.41000, 51.
36.42000, 48.
36.43000, 45.
36.44000, 46.
36.45000, 48.
36.46000, 39.
36.47000, 45.
36.48000, 35.
36.49000, 37.
36.50000, 44.
36.51000, 27.
36.52000, 34.
36.53000, 25.
36.54000, 20.
36.55000, 25.
36.56000, 25.
36.57000, 21.
36.58000, 20.
36.59000, 30.
36.60000, 24.
36.61000, 15.
36.62000, 23.
36.63000, 16.
36.64000, 11.
36.65000, 20.
36.66000, 23.
36.67000, 21.
36.68000, 15.
36.69000, 11.
36.70000, 18.
36.71000, 15.
36.72000, 10.
36.73000, 17.
36.74000, 12.
36.75000, 13.
36.76000, 18.
36.77000, 18.
36.78000, 17.
36.79000, 13.
36.80000, 14.
36.81000, 9.
36.82000, 17.
36.83000, 17.
36.84000, 23.
36.85000, 12.
36.86000, 15.
36.87000, 18.
36.88000, 9.
36.89000, 11.
36.90000, 18.
36.91000, 15.
36.92000, 23.
36.93000, 13.
36.94000, 19.
36.95000, 13.
36.96000, 19.
36.97000, 23.
36.98000, 20.
36.99000, 26.
37.00000, 24.
37.01000, 13.
37.02000, 28.
37.03000, 18.
37.04000, 17.
37.05000, 14.
37.06000, 17.
37.07000, 18.
37.08000, 21.
37.09000, 28.
37.10000, 29.
37.11000, 20.
37.12000, 21.
37.13000, 24.
37.14000, 31.
37.15000, 21.
37.16000, 28.
37.17000, 28.
37.18000, 33.
37.19000, 16.
37.20000, 29.
37.21000, 27.
37.22000, 31.
37.23000, 27.
37.24000, 33.
37.25000, 24.
37.26000, 20.
37.27000, 25.
37.28000, 22.
37.29000, 26.
37.30000, 24.
37.31000, 25.
37.32000, 15.
37.33000, 19.
37.34000, 20.
37.35000, 11.
37.36000, 25.
37.37000, 14.
37.38000, 23.
37.39000, 16.
37.40000, 22.
37.41000, 14.
37.42000, 18.
37.43000, 20.
37.44000, 18.
37.45000, 13.
37.46000, 20.
37.47000, 21.
37.48000, 17.
37.49000, 14.
37.50000, 13.
37.51000, 16.
37.52000, 19.
37.53000, 24.
37.54000, 10.
37.55000, 15.
37.56000, 19.
37.57000, 20.
37.58000, 17.
37.59000, 14.
37.60000, 15.
37.61000, 15.
37.62000, 19.
37.63000, 13.
37.64000, 13.
37.65000, 9.
37.66000, 18.
37.67000, 20.
37.68000, 18.
37.69000, 15.
37.70000, 17.
37.71000, 21.
37.72000, 11.
37.73000, 8.
37.74000, 10.
37.75000, 17.
37.76000, 12.
37.77000, 17.
37.78000, 17.
37.79000, 11.
37.80000, 14.
37.81000, 20.
37.82000, 5.
37.83000, 17.
37.84000, 12.
37.85000, 13.
37.86000, 14.
37.87000, 13.
37.88000, 18.
37.89000, 8.
37.90000, 8.
37.91000, 8.
37.92000, 17.
37.93000, 13.
37.94000, 12.
37.95000, 11.
37.96000, 8.
37.97000, 16.
37.98000, 14.
37.99000, 6.
38.00000, 9.
38.01000, 13.
38.02000, 3.
38.03000, 10.
38.04000, 11.
38.05000, 13.
38.06000, 9.
38.07000, 4.
38.08000, 10.
38.09000, 7.
38.10000, 9.
38.11000, 14.
38.12000, 10.
38.13000, 9.
38.14000, 11.
38.15000, 9.
38.16000, 13.
38.17000, 5.
38.18000, 16.
38.19000, 7.
38.20000, 11.
38.21000, 8.
38.22000, 8.
38.23000, 12.
38.24000, 10.
38.25000, 12.
38.26000, 7.
38.27000, 8.
38.28000, 7.
38.29000, 9.
38.30000, 7.
38.31000, 8.
38.32000, 12.
38.33000, 14.
38.34000, 12.
38.35000, 9.
38.36000, 8.
38.37000, 10.
38.38000, 6.
38.39000, 4.
38.40000, 8.
38.41000, 10.
38.42000, 9.
38.43000, 11.
38.44000, 9.
38.45000, 9.
38.46000, 8.
38.47000, 7.
38.48000, 12.
38.49000, 7.
38.50000, 4.
38.51000, 12.
38.52000, 9.
38.53000, 9.
38.54000, 7.
38.55000, 8.
38.56000, 9.
38.57000, 8.
38.58000, 7.
38.59000, 15.
38.60000, 15.
38.61000, 10.
38.62000, 13.
38.63000, 10.
38.64000, 7.
38.65000, 11.
38.66000, 5.
38.67000, 13.
38.68000, 9.
38.69000, 11.
38.70000, 11.
38.71000, 6.
38.72000, 13.
38.73000, 6.
38.74000, 11.
38.75000, 7.
38.76000, 8.
38.77000, 5.
38.78000, 9.
38.79000, 8.
38.80000, 5.
38.81000, 11.
38.82000, 12.
38.83000, 9.
38.84000, 6.
38.85000, 8.
38.86000, 9.
38.87000, 10.
38.88000, 14.
38.89000, 5.
38.90000, 10.
38.91000, 8.
38.92000, 2.
38.93000, 10.
38.94000, 13.
38.95000, 10.
38.96000, 6.
38.97000, 9.
38.98000, 7.
38.99000, 8.
39.00000, 6.
39.01000, 10.
39.02000, 12.
39.03000, 12.
39.04000, 11.
39.05000, 9.
39.06000, 13.
39.07000, 13.
39.08000, 11.
39.09000, 11.
39.10000, 12.
39.11000, 12.
39.12000, 16.
39.13000, 15.
39.14000, 14.
39.15000, 6.
39.16000, 13.
39.17000, 8.
39.18000, 6.
39.19000, 15.
39.20000, 11.
39.21000, 6.
39.22000, 15.
39.23000, 7.
39.24000, 16.
39.25000, 12.
39.26000, 8.
39.27000, 15.
39.28000, 13.
39.29000, 9.
39.30000, 10.
39.31000, 11.
39.32000, 6.
39.33000, 11.
39.34000, 7.
39.35000, 5.
39.36000, 4.
39.37000, 6.
39.38000, 5.
39.39000, 6.
39.40000, 6.
39.41000, 6.
39.42000, 11.
39.43000, 9.
39.44000, 8.
39.45000, 5.
39.46000, 4.
39.47000, 6.
39.48000, 5.
39.49000, 2.
39.50000, 6.
39.51000, 10.
39.52000, 4.
39.53000, 10.
39.54000, 5.
39.55000, 4.
39.56000, 4.
39.57000, 6.
39.58000, 10.
39.59000, 5.
39.60000, 5.
39.61000, 8.
39.62000, 7.
39.63000, 6.
39.64000, 6.
39.65000, 8.
39.66000, 9.
39.67000, 5.
39.68000, 6.
39.69000, 6.
39.70000, 7.
39.71000, 8.
39.72000, 7.
39.73000, 3.
39.74000, 11.
39.75000, 9.
39.76000, 9.
39.77000, 3.
39.78000, 4.
39.79000, 8.
39.80000, 4.
39.81000, 8.
39.82000, 6.
39.83000, 5.
39.84000, 1.
39.85000, 8.
39.86000, 7.
39.87000, 6.
39.88000, 2.
39.89000, 9.
39.90000, 7.
39.91000, 9.
39.92000, 6.
39.93000, 8.
39.94000, 8.
39.95000, 5.
39.96000, 5.
39.97000, 7.
39.98000, 13.
39.99000, 7.
40.00000, 5.
40.01000, 7.
40.02000, 2.
40.03000, 4.
40.04000, 7.
40.05000, 2.
40.06000, 5.
40.07000, 6.
40.08000, 12.
40.09000, 4.
40.10000, 4.
40.11000, 9.
40.12000, 2.
40.13000, 11.
40.14000, 4.
40.15000, 5.
40.16000, 6.
40.17000, 9.
40.18000, 7.
40.19000, 7.
40.20000, 8.
40.21000, 0.
40.22000, 5.
40.23000, 4.
40.24000, 6.
40.25000, 11.
40.26000, 1.
40.27000, 4.
40.28000, 6.
40.29000, 10.
40.30000, 5.
40.31000, 4.
40.32000, 9.
40.33000, 3.
40.34000, 1.
40.35000, 12.
40.36000, 2.
40.37000, 9.
40.38000, 2.
40.39000, 11.
40.40000, 3.
40.41000, 3.
40.42000, 6.
40.43000, 5.
40.44000, 4.
40.45000, 5.
40.46000, 2.
40.47000, 3.
40.48000, 5.
40.49000, 6.
40.50000, 3.
40.51000, 4.
40.52000, 7.
40.53000, 3.
40.54000, 5.
40.55000, 0.
#ENDOFDATA   : 
