#FORMAT      : EMSA/MAS Spectral Data File
#VERSION     : 1.0
#TITLE       : mid 4
#DATE        : 24-JUL-2026
#TIME        : 11:31
#OWNER       : XGT7200
#NPOINTS     : 4096.
#NCOLUMNS    : 1.
#XUNITS      : keV
#YUNITS      : counts
#DATATYPE    : XY
#XPERCHAN    : 0.0100000
#OFFSET      : -0.400000
#SIGNALTYPE  : EDS
#CHOFFSET    : 40.0000
#LIVETIME    : 60.000000
#REALTIME    : 79.563078
#BEAMKV      : 50.0000
#PROBECUR    : 649000.
#MAGCAM      : 100.000
#XTILTSTGE   : 0.0
#AZIMANGLE   : 0.0
#ELEVANGLE   : 45.0
#XPOSITION mm: 0.0000
#YPOSITION mm: 0.0000
#ZPOSITION mm: 0.0000
##OXINSTPT   : 4
##OXINSTSTROB: 71.96
##OXINSTELEMS: 12,13,14,16,20,25,26,38,45,46,56,58,70,82
##OXINSTLABEL: 82, 10.552, Pb
##OXINSTLABEL: 82, 12.614, Pb
##OXINSTLABEL: 82, 12.623, Pb
##OXINSTLABEL: 82, 11.350, Pb
##OXINSTLABEL: 82, 14.765, Pb
##OXINSTLABEL: 82, 15.101, Pb
##OXINSTLABEL: 82, 9.185, Pb
##OXINSTLABEL: 82, 2.345, Pb
##OXINSTLABEL: 82, 2.653, Pb
##OXINSTLABEL: 82, 1.823, Pb
##OXINSTLABEL: 58, 34.720, Ce
##OXINSTLABEL: 58, 34.279, Ce
##OXINSTLABEL: 58, 39.258, Ce
##OXINSTLABEL: 58, 4.840, Ce
##OXINSTLABEL: 58, 5.262, Ce
##OXINSTLABEL: 58, 5.613, Ce
##OXINSTLABEL: 58, 4.732, Ce
##OXINSTLABEL: 58, 6.052, Ce
##OXINSTLABEL: 58, 6.325, Ce
##OXINSTLABEL: 58, 4.288, Ce
##OXINSTLABEL: 58, 0.883, Ce
##OXINSTLABEL: 58, 1.075, Ce
##OXINSTLABEL: 58, 0.676, Ce
##OXINSTLABEL: 16, 2.308, S
##OXINSTLABEL: 16, 2.464, S
##OXINSTLABEL: 38, 14.165, Sr
##OXINSTLABEL: 38, 15.836, Sr
##OXINSTLABEL: 38, 16.085, Sr
##OXINSTLABEL: 38, 1.807, Sr
##OXINSTLABEL: 38, 1.649, Sr
##OXINSTLABEL: 38, 1.582, Sr
##OXINSTLABEL: 20, 3.692, Ca
##OXINSTLABEL: 20, 4.013, Ca
##OXINSTLABEL: 20, 0.341, Ca
##OXINSTLABEL: 20, 0.306, Ca
##OXINSTLABEL: 26, 6.404, Fe
##OXINSTLABEL: 26, 7.058, Fe
##OXINSTLABEL: 26, 0.705, Fe
##OXINSTLABEL: 26, 0.628, Fe
##OXINSTLABEL: 45, 20.216, Rh
##OXINSTLABEL: 45, 22.724, Rh
##OXINSTLABEL: 45, 23.173, Rh
##OXINSTLABEL: 45, 2.697, Rh
##OXINSTLABEL: 45, 2.834, Rh
##OXINSTLABEL: 45, 2.519, Rh
##OXINSTLABEL: 45, 3.364, Rh
##OXINSTLABEL: 45, 2.377, Rh
##OXINSTLABEL: 14, 1.740, Si
##OXINSTLABEL: 12, 1.254, Mg
##OXINSTLABEL: 56, 32.194, Ba
##OXINSTLABEL: 56, 31.818, Ba
##OXINSTLABEL: 56, 36.379, Ba
##OXINSTLABEL: 56, 37.258, Ba
##OXINSTLABEL: 56, 4.466, Ba
##OXINSTLABEL: 56, 4.828, Ba
##OXINSTLABEL: 56, 5.157, Ba
##OXINSTLABEL: 56, 4.331, Ba
##OXINSTLABEL: 56, 5.531, Ba
##OXINSTLABEL: 56, 5.797, Ba
##OXINSTLABEL: 56, 3.954, Ba
##OXINSTLABEL: 13, 1.487, Al
##OXINSTLABEL: 46, 21.177, Pd
##OXINSTLABEL: 46, 23.819, Pd
##OXINSTLABEL: 46, 24.300, Pd
##OXINSTLABEL: 46, 2.839, Pd
##OXINSTLABEL: 46, 2.990, Pd
##OXINSTLABEL: 46, 2.660, Pd
##OXINSTLABEL: 46, 3.553, Pd
##OXINSTLABEL: 46, 2.503, Pd
##OXINSTLABEL: 25, 5.899, Mn
##OXINSTLABEL: 25, 6.491, Mn
##OXINSTLABEL: 25, 0.636, Mn
##OXINSTLABEL: 25, 0.567, Mn
##OXINSTLABEL: 70, 7.416, Yb
##OXINSTLABEL: 70, 8.402, Yb
##OXINSTLABEL: 70, 8.759, Yb
##OXINSTLABEL: 70, 7.580, Yb
##OXINSTLABEL: 70, 9.780, Yb
##OXINSTLABEL: 70, 10.090, Yb
##OXINSTLABEL: 70, 6.546, Yb
##OXINSTLABEL: 70, 1.521, Yb
##OXINSTLABEL: 70, 1.765, Yb
##OXINSTLABEL: 70, 1.183, Yb
#SPECTRUM    : Spectral Data Starts Here
-0.40000, 0.
-0.39000, 0.
-0.38000, 0.
-0.37000, 0.
-0.36000, 0.
-0.35000, 0.
-0.34000, 0.
-0.33000, 0.
-0.32000, 0.
-0.31000, 0.
-0.30000, 0.
-0.29000, 0.
-0.28000, 0.
-0.27000, 0.
-0.26000, 0.
-0.25000, 0.
-0.24000, 0.
-0.23000, 0.
-0.22000, 0.
-0.21000, 0.
-0.20000, 0.
-0.19000, 0.
-0.18000, 0.
-0.17000, 0.
-0.16000, 0.
-0.15000, 0.
-0.14000, 0.
-0.13000, 0.
-0.12000, 0.
-0.11000, 0.
-0.10000, 0.
-0.09000, 0.
-0.08000, 0.
-0.07000, 0.
-0.06000, 0.
-0.05000, 0.
-0.04000, 0.
-0.03000, 0.
-0.02000, 0.
-0.01000, 0.
0.00000, 0.
0.01000, 0.
0.02000, 0.
0.03000, 0.
0.04000, 0.
0.05000, 0.
0.06000, 0.
0.07000, 0.
0.08000, 0.
0.09000, 0.
0.10000, 0.
0.11000, 0.
0.12000, 0.
0.13000, 0.
0.14000, 0.
0.15000, 0.
0.16000, 0.
0.17000, 0.
0.18000, 0.
0.19000, 0.
0.20000, 0.
0.21000, 0.
0.22000, 0.
0.23000, 0.
0.24000, 0.
0.25000, 0.
0.26000, 0.
0.27000, 0.
0.28000, 0.
0.29000, 0.
0.30000, 1.
0.31000, 0.
0.32000, 0.
0.33000, 0.
0.34000, 3.
0.35000, 9.
0.36000, 13.
0.37000, 11.
0.38000, 19.
0.39000, 30.
0.40000, 24.
0.41000, 39.
0.42000, 65.
0.43000, 65.
0.44000, 58.
0.45000, 75.
0.46000, 59.
0.47000, 72.
0.48000, 62.
0.49000, 75.
0.50000, 80.
0.51000, 76.
0.52000, 76.
0.53000, 80.
0.54000, 87.
0.55000, 77.
0.56000, 70.
0.57000, 76.
0.58000, 78.
0.59000, 96.
0.60000, 67.
0.61000, 65.
0.62000, 77.
0.63000, 53.
0.64000, 75.
0.65000, 72.
0.66000, 80.
0.67000, 66.
0.68000, 68.
0.69000, 68.
0.70000, 64.
0.71000, 68.
0.72000, 77.
0.73000, 80.
0.74000, 61.
0.75000, 65.
0.76000, 58.
0.77000, 61.
0.78000, 75.
0.79000, 44.
0.80000, 59.
0.81000, 61.
0.82000, 58.
0.83000, 77.
0.84000, 54.
0.85000, 65.
0.86000, 47.
0.87000, 75.
0.88000, 58.
0.89000, 65.
0.90000, 72.
0.91000, 76.
0.92000, 75.
0.93000, 61.
0.94000, 82.
0.95000, 74.
0.96000, 66.
0.97000, 78.
0.98000, 81.
0.99000, 60.
1.00000, 55.
1.01000, 55.
1.02000, 68.
1.03000, 53.
1.04000, 67.
1.05000, 76.
1.06000, 83.
1.07000, 71.
1.08000, 78.
1.09000, 89.
1.10000, 83.
1.11000, 70.
1.12000, 73.
1.13000, 73.
1.14000, 67.
1.15000, 70.
1.16000, 67.
1.17000, 72.
1.18000, 72.
1.19000, 54.
1.20000, 84.
1.21000, 94.
1.22000, 112.
1.23000, 108.
1.24000, 119.
1.25000, 132.
1.26000, 118.
1.27000, 120.
1.28000, 94.
1.29000, 93.
1.30000, 96.
1.31000, 77.
1.32000, 56.
1.33000, 77.
1.34000, 60.
1.35000, 48.
1.36000, 53.
1.37000, 44.
1.38000, 44.
1.39000, 49.
1.40000, 53.
1.41000, 48.
1.42000, 66.
1.43000, 73.
1.44000, 66.
1.45000, 70.
1.46000, 99.
1.47000, 100.
1.48000, 88.
1.49000, 96.
1.50000, 92.
1.51000, 84.
1.52000, 71.
1.53000, 67.
1.54000, 57.
1.55000, 76.
1.56000, 56.
1.57000, 57.
1.58000, 52.
1.59000, 47.
1.60000, 53.
1.61000, 55.
1.62000, 45.
1.63000, 63.
1.64000, 79.
1.65000, 85.
1.66000, 100.
1.67000, 126.
1.68000, 194.
1.69000, 230.
1.70000, 301.
1.71000, 348.
1.72000, 400.
1.73000, 513.
1.74000, 501.
1.75000, 507.
1.76000, 525.
1.77000, 496.
1.78000, 440.
1.79000, 388.
1.80000, 330.
1.81000, 317.
1.82000, 291.
1.83000, 280.
1.84000, 274.
1.85000, 250.
1.86000, 313.
1.87000, 313.
1.88000, 349.
1.89000, 424.
1.90000, 516.
1.91000, 584.
1.92000, 686.
1.93000, 756.
1.94000, 778.
1.95000, 816.
1.96000, 796.
1.97000, 702.
1.98000, 720.
1.99000, 569.
2.00000, 504.
2.01000, 364.
2.02000, 304.
2.03000, 224.
2.04000, 178.
2.05000, 153.
2.06000, 136.
2.07000, 111.
2.08000, 97.
2.09000, 93.
2.10000, 106.
2.11000, 98.
2.12000, 105.
2.13000, 120.
2.14000, 117.
2.15000, 119.
2.16000, 137.
2.17000, 137.
2.18000, 129.
2.19000, 143.
2.20000, 201.
2.21000, 229.
2.22000, 242.
2.23000, 304.
2.24000, 384.
2.25000, 488.
2.26000, 551.
2.27000, 639.
2.28000, 719.
2.29000, 815.
2.30000, 893.
2.31000, 907.
2.32000, 874.
2.33000, 839.
2.34000, 712.
2.35000, 580.
2.36000, 543.
2.37000, 463.
2.38000, 329.
2.39000, 273.
2.40000, 223.
2.41000, 182.
2.42000, 166.
2.43000, 165.
2.44000, 172.
2.45000, 150.
2.46000, 139.
2.47000, 140.
2.48000, 126.
2.49000, 128.
2.50000, 132.
2.51000, 120.
2.52000, 116.
2.53000, 120.
2.54000, 123.
2.55000, 133.
2.56000, 108.
2.57000, 147.
2.58000, 160.
2.59000, 215.
2.60000, 260.
2.61000, 325.
2.62000, 383.
2.63000, 454.
2.64000, 564.
2.65000, 633.
2.66000, 759.
2.67000, 857.
2.68000, 935.
2.69000, 1047.
2.70000, 1031.
2.71000, 1013.
2.72000, 976.
2.73000, 960.
2.74000, 970.
2.75000, 930.
2.76000, 976.
2.77000, 996.
2.78000, 1061.
2.79000, 1141.
2.80000, 1398.
2.81000, 1516.
2.82000, 1620.
2.83000, 1685.
2.84000, 1776.
2.85000, 1772.
2.86000, 1694.
2.87000, 1598.
2.88000, 1560.
2.89000, 1263.
2.90000, 1121.
2.91000, 994.
2.92000, 767.
2.93000, 702.
2.94000, 594.
2.95000, 515.
2.96000, 441.
2.97000, 389.
2.98000, 323.
2.99000, 281.
3.00000, 242.
3.01000, 218.
3.02000, 217.
3.03000, 206.
3.04000, 185.
3.05000, 172.
3.06000, 183.
3.07000, 135.
3.08000, 183.
3.09000, 160.
3.10000, 130.
3.11000, 139.
3.12000, 150.
3.13000, 181.
3.14000, 187.
3.15000, 161.
3.16000, 196.
3.17000, 173.
3.18000, 160.
3.19000, 168.
3.20000, 170.
3.21000, 159.
3.22000, 180.
3.23000, 171.
3.24000, 157.
3.25000, 140.
3.26000, 144.
3.27000, 177.
3.28000, 178.
3.29000, 179.
3.30000, 206.
3.31000, 186.
3.32000, 191.
3.33000, 197.
3.34000, 209.
3.35000, 186.
3.36000, 157.
3.37000, 201.
3.38000, 198.
3.39000, 188.
3.40000, 170.
3.41000, 175.
3.42000, 196.
3.43000, 212.
3.44000, 228.
3.45000, 201.
3.46000, 240.
3.47000, 247.
3.48000, 295.
3.49000, 334.
3.50000, 451.
3.51000, 491.
3.52000, 641.
3.53000, 875.
3.54000, 1240.
3.55000, 1813.
3.56000, 2740.
3.57000, 3997.
3.58000, 5974.
3.59000, 8659.
3.60000, 12503.
3.61000, 17284.
3.62000, 23113.
3.63000, 29919.
3.64000, 37843.
3.65000, 46124.
3.66000, 53492.
3.67000, 60095.
3.68000, 64954.
3.69000, 67875.
3.70000, 67682.
3.71000, 64983.
3.72000, 60378.
3.73000, 53650.
3.74000, 46007.
3.75000, 38085.
3.76000, 30376.
3.77000, 23145.
3.78000, 16881.
3.79000, 12216.
3.80000, 8361.
3.81000, 5505.
3.82000, 3563.
3.83000, 2327.
3.84000, 1567.
3.85000, 1093.
3.86000, 855.
3.87000, 816.
3.88000, 906.
3.89000, 1070.
3.90000, 1319.
3.91000, 1603.
3.92000, 2294.
3.93000, 2895.
3.94000, 3816.
3.95000, 4681.
3.96000, 5673.
3.97000, 6627.
3.98000, 7668.
3.99000, 8618.
4.00000, 9309.
4.01000, 9645.
4.02000, 9656.
4.03000, 9242.
4.04000, 8816.
4.05000, 7959.
4.06000, 6849.
4.07000, 5950.
4.08000, 4631.
4.09000, 3717.
4.10000, 2792.
4.11000, 2070.
4.12000, 1488.
4.13000, 990.
4.14000, 624.
4.15000, 435.
4.16000, 288.
4.17000, 186.
4.18000, 131.
4.19000, 87.
4.20000, 69.
4.21000, 63.
4.22000, 40.
4.23000, 50.
4.24000, 60.
4.25000, 36.
4.26000, 50.
4.27000, 64.
4.28000, 61.
4.29000, 69.
4.30000, 81.
4.31000, 53.
4.32000, 78.
4.33000, 97.
4.34000, 112.
4.35000, 133.
4.36000, 179.
4.37000, 191.
4.38000, 282.
4.39000, 357.
4.40000, 397.
4.41000, 501.
4.42000, 572.
4.43000, 625.
4.44000, 786.
4.45000, 844.
4.46000, 857.
4.47000, 829.
4.48000, 867.
4.49000, 781.
4.50000, 763.
4.51000, 668.
4.52000, 645.
4.53000, 456.
4.54000, 405.
4.55000, 337.
4.56000, 301.
4.57000, 245.
4.58000, 179.
4.59000, 188.
4.60000, 158.
4.61000, 157.
4.62000, 164.
4.63000, 164.
4.64000, 146.
4.65000, 149.
4.66000, 153.
4.67000, 157.
4.68000, 141.
4.69000, 175.
4.70000, 143.
4.71000, 157.
4.72000, 198.
4.73000, 225.
4.74000, 251.
4.75000, 293.
4.76000, 387.
4.77000, 401.
4.78000, 478.
4.79000, 516.
4.80000, 640.
4.81000, 694.
4.82000, 736.
4.83000, 720.
4.84000, 838.
4.85000, 802.
4.86000, 739.
4.87000, 681.
4.88000, 630.
4.89000, 582.
4.90000, 519.
4.91000, 495.
4.92000, 426.
4.93000, 371.
4.94000, 308.
4.95000, 264.
4.96000, 232.
4.97000, 217.
4.98000, 213.
4.99000, 185.
5.00000, 192.
5.01000, 177.
5.02000, 192.
5.03000, 167.
5.04000, 171.
5.05000, 140.
5.06000, 155.
5.07000, 179.
5.08000, 202.
5.09000, 203.
5.10000, 219.
5.11000, 213.
5.12000, 232.
5.13000, 264.
5.14000, 270.
5.15000, 281.
5.16000, 296.
5.17000, 301.
5.18000, 293.
5.19000, 312.
5.20000, 286.
5.21000, 296.
5.22000, 264.
5.23000, 305.
5.24000, 282.
5.25000, 289.
5.26000, 249.
5.27000, 240.
5.28000, 210.
5.29000, 218.
5.30000, 202.
5.31000, 178.
5.32000, 183.
5.33000, 165.
5.34000, 159.
5.35000, 131.
5.36000, 125.
5.37000, 119.
5.38000, 116.
5.39000, 105.
5.40000, 116.
5.41000, 129.
5.42000, 104.
5.43000, 117.
5.44000, 128.
5.45000, 114.
5.46000, 105.
5.47000, 129.
5.48000, 139.
5.49000, 150.
5.50000, 153.
5.51000, 160.
5.52000, 177.
5.53000, 158.
5.54000, 191.
5.55000, 173.
5.56000, 172.
5.57000, 155.
5.58000, 182.
5.59000, 155.
5.60000, 159.
5.61000, 161.
5.62000, 143.
5.63000, 155.
5.64000, 140.
5.65000, 139.
5.66000, 141.
5.67000, 139.
5.68000, 149.
5.69000, 132.
5.70000, 137.
5.71000, 142.
5.72000, 147.
5.73000, 134.
5.74000, 148.
5.75000, 164.
5.76000, 148.
5.77000, 147.
5.78000, 157.
5.79000, 188.
5.80000, 184.
5.81000, 198.
5.82000, 206.
5.83000, 169.
5.84000, 225.
5.85000, 208.
5.86000, 203.
5.87000, 210.
5.88000, 239.
5.89000, 232.
5.90000, 208.
5.91000, 212.
5.92000, 212.
5.93000, 190.
5.94000, 207.
5.95000, 159.
5.96000, 149.
5.97000, 145.
5.98000, 115.
5.99000, 130.
6.00000, 106.
6.01000, 113.
6.02000, 82.
6.03000, 105.
6.04000, 94.
6.05000, 104.
6.06000, 95.
6.07000, 95.
6.08000, 99.
6.09000, 104.
6.10000, 80.
6.11000, 80.
6.12000, 75.
6.13000, 83.
6.14000, 88.
6.15000, 95.
6.16000, 86.
6.17000, 89.
6.18000, 90.
6.19000, 78.
6.20000, 111.
6.21000, 103.
6.22000, 118.
6.23000, 103.
6.24000, 155.
6.25000, 141.
6.26000, 183.
6.27000, 213.
6.28000, 273.
6.29000, 336.
6.30000, 394.
6.31000, 497.
6.32000, 616.
6.33000, 719.
6.34000, 819.
6.35000, 921.
6.36000, 1046.
6.37000, 1165.
6.38000, 1286.
6.39000, 1274.
6.40000, 1291.
6.41000, 1230.
6.42000, 1161.
6.43000, 1176.
6.44000, 1054.
6.45000, 930.
6.46000, 848.
6.47000, 734.
6.48000, 569.
6.49000, 498.
6.50000, 475.
6.51000, 334.
6.52000, 283.
6.53000, 244.
6.54000, 199.
6.55000, 175.
6.56000, 144.
6.57000, 138.
6.58000, 111.
6.59000, 126.
6.60000, 117.
6.61000, 112.
6.62000, 95.
6.63000, 111.
6.64000, 94.
6.65000, 88.
6.66000, 107.
6.67000, 110.
6.68000, 86.
6.69000, 96.
6.70000, 88.
6.71000, 91.
6.72000, 93.
6.73000, 95.
6.74000, 105.
6.75000, 101.
6.76000, 96.
6.77000, 101.
6.78000, 87.
6.79000, 81.
6.80000, 116.
6.81000, 113.
6.82000, 81.
6.83000, 114.
6.84000, 121.
6.85000, 109.
6.86000, 116.
6.87000, 95.
6.88000, 121.
6.89000, 107.
6.90000, 90.
6.91000, 126.
6.92000, 131.
6.93000, 138.
6.94000, 148.
6.95000, 132.
6.96000, 148.
6.97000, 178.
6.98000, 171.
6.99000, 210.
7.00000, 227.
7.01000, 250.
7.02000, 233.
7.03000, 267.
7.04000, 280.
7.05000, 280.
7.06000, 254.
7.07000, 263.
7.08000, 235.
7.09000, 218.
7.10000, 211.
7.11000, 210.
7.12000, 173.
7.13000, 167.
7.14000, 157.
7.15000, 154.
7.16000, 121.
7.17000, 128.
7.18000, 106.
7.19000, 119.
7.20000, 110.
7.21000, 98.
7.22000, 105.
7.23000, 95.
7.24000, 95.
7.25000, 104.
7.26000, 108.
7.27000, 146.
7.28000, 142.
7.29000, 150.
7.30000, 206.
7.31000, 184.
7.32000, 245.
7.33000, 263.
7.34000, 262.
7.35000, 342.
7.36000, 313.
7.37000, 345.
7.38000, 291.
7.39000, 315.
7.40000, 341.
7.41000, 314.
7.42000, 310.
7.43000, 287.
7.44000, 271.
7.45000, 255.
7.46000, 207.
7.47000, 207.
7.48000, 159.
7.49000, 196.
7.50000, 157.
7.51000, 124.
7.52000, 131.
7.53000, 135.
7.54000, 124.
7.55000, 114.
7.56000, 87.
7.57000, 99.
7.58000, 116.
7.59000, 102.
7.60000, 112.
7.61000, 112.
7.62000, 127.
7.63000, 142.
7.64000, 121.
7.65000, 125.
7.66000, 123.
7.67000, 146.
7.68000, 160.
7.69000, 143.
7.70000, 174.
7.71000, 139.
7.72000, 169.
7.73000, 143.
7.74000, 180.
7.75000, 161.
7.76000, 141.
7.77000, 159.
7.78000, 125.
7.79000, 113.
7.80000, 118.
7.81000, 122.
7.82000, 108.
7.83000, 103.
7.84000, 115.
7.85000, 124.
7.86000, 83.
7.87000, 128.
7.88000, 89.
7.89000, 106.
7.90000, 94.
7.91000, 106.
7.92000, 95.
7.93000, 113.
7.94000, 111.
7.95000, 121.
7.96000, 120.
7.97000, 118.
7.98000, 117.
7.99000, 112.
8.00000, 105.
8.01000, 113.
8.02000, 110.
8.03000, 122.
8.04000, 119.
8.05000, 120.
8.06000, 118.
8.07000, 118.
8.08000, 128.
8.09000, 114.
8.10000, 112.
8.11000, 120.
8.12000, 121.
8.13000, 132.
8.14000, 119.
8.15000, 117.
8.16000, 125.
8.17000, 132.
8.18000, 150.
8.19000, 128.
8.20000, 124.
8.21000, 114.
8.22000, 154.
8.23000, 123.
8.24000, 145.
8.25000, 123.
8.26000, 137.
8.27000, 129.
8.28000, 156.
8.29000, 127.
8.30000, 119.
8.31000, 146.
8.32000, 139.
8.33000, 160.
8.34000, 127.
8.35000, 169.
8.36000, 165.
8.37000, 174.
8.38000, 139.
8.39000, 173.
8.40000, 164.
8.41000, 152.
8.42000, 167.
8.43000, 129.
8.44000, 157.
8.45000, 167.
8.46000, 139.
8.47000, 153.
8.48000, 145.
8.49000, 173.
8.50000, 142.
8.51000, 137.
8.52000, 156.
8.53000, 162.
8.54000, 161.
8.55000, 145.
8.56000, 148.
8.57000, 166.
8.58000, 160.
8.59000, 158.
8.60000, 185.
8.61000, 167.
8.62000, 145.
8.63000, 147.
8.64000, 149.
8.65000, 166.
8.66000, 140.
8.67000, 146.
8.68000, 158.
8.69000, 137.
8.70000, 131.
8.71000, 121.
8.72000, 137.
8.73000, 157.
8.74000, 141.
8.75000, 140.
8.76000, 108.
8.77000, 144.
8.78000, 143.
8.79000, 132.
8.80000, 139.
8.81000, 148.
8.82000, 138.
8.83000, 153.
8.84000, 136.
8.85000, 152.
8.86000, 126.
8.87000, 143.
8.88000, 137.
8.89000, 126.
8.90000, 145.
8.91000, 127.
8.92000, 137.
8.93000, 124.
8.94000, 134.
8.95000, 141.
8.96000, 136.
8.97000, 129.
8.98000, 132.
8.99000, 147.
9.00000, 143.
9.01000, 119.
9.02000, 133.
9.03000, 118.
9.04000, 162.
9.05000, 135.
9.06000, 117.
9.07000, 124.
9.08000, 136.
9.09000, 129.
9.10000, 134.
9.11000, 144.
9.12000, 128.
9.13000, 157.
9.14000, 140.
9.15000, 128.
9.16000, 146.
9.17000, 126.
9.18000, 158.
9.19000, 159.
9.20000, 173.
9.21000, 148.
9.22000, 155.
9.23000, 156.
9.24000, 170.
9.25000, 170.
9.26000, 160.
9.27000, 161.
9.28000, 138.
9.29000, 131.
9.30000, 145.
9.31000, 147.
9.32000, 149.
9.33000, 153.
9.34000, 158.
9.35000, 148.
9.36000, 156.
9.37000, 160.
9.38000, 165.
9.39000, 137.
9.40000, 174.
9.41000, 172.
9.42000, 171.
9.43000, 132.
9.44000, 171.
9.45000, 156.
9.46000, 158.
9.47000, 143.
9.48000, 148.
9.49000, 165.
9.50000, 181.
9.51000, 172.
9.52000, 174.
9.53000, 162.
9.54000, 168.
9.55000, 157.
9.56000, 149.
9.57000, 147.
9.58000, 165.
9.59000, 182.
9.60000, 161.
9.61000, 205.
9.62000, 153.
9.63000, 183.
9.64000, 186.
9.65000, 159.
9.66000, 159.
9.67000, 164.
9.68000, 184.
9.69000, 176.
9.70000, 189.
9.71000, 166.
9.72000, 135.
9.73000, 168.
9.74000, 162.
9.75000, 171.
9.76000, 163.
9.77000, 146.
9.78000, 169.
9.79000, 172.
9.80000, 162.
9.81000, 186.
9.82000, 132.
9.83000, 161.
9.84000, 151.
9.85000, 156.
9.86000, 133.
9.87000, 175.
9.88000, 167.
9.89000, 146.
9.90000, 149.
9.91000, 143.
9.92000, 158.
9.93000, 176.
9.94000, 158.
9.95000, 178.
9.96000, 169.
9.97000, 168.
9.98000, 162.
9.99000, 148.
10.00000, 170.
10.01000, 159.
10.02000, 177.
10.03000, 161.
10.04000, 161.
10.05000, 171.
10.06000, 176.
10.07000, 173.
10.08000, 164.
10.09000, 147.
10.10000, 190.
10.11000, 162.
10.12000, 181.
10.13000, 196.
10.14000, 138.
10.15000, 178.
10.16000, 168.
10.17000, 165.
10.18000, 171.
10.19000, 175.
10.20000, 170.
10.21000, 179.
10.22000, 175.
10.23000, 163.
10.24000, 164.
10.25000, 202.
10.26000, 194.
10.27000, 169.
10.28000, 194.
10.29000, 173.
10.30000, 187.
10.31000, 170.
10.32000, 182.
10.33000, 161.
10.34000, 194.
10.35000, 183.
10.36000, 202.
10.37000, 204.
10.38000, 191.
10.39000, 196.
10.40000, 219.
10.41000, 203.
10.42000, 224.
10.43000, 270.
10.44000, 262.
10.45000, 269.
10.46000, 285.
10.47000, 305.
10.48000, 300.
10.49000, 300.
10.50000, 323.
10.51000, 292.
10.52000, 328.
10.53000, 358.
10.54000, 339.
10.55000, 356.
10.56000, 372.
10.57000, 337.
10.58000, 333.
10.59000, 340.
10.60000, 277.
10.61000, 309.
10.62000, 306.
10.63000, 260.
10.64000, 257.
10.65000, 234.
10.66000, 242.
10.67000, 203.
10.68000, 221.
10.69000, 185.
10.70000, 211.
10.71000, 176.
10.72000, 190.
10.73000, 183.
10.74000, 199.
10.75000, 181.
10.76000, 178.
10.77000, 167.
10.78000, 182.
10.79000, 184.
10.80000, 170.
10.81000, 184.
10.82000, 185.
10.83000, 163.
10.84000, 185.
10.85000, 165.
10.86000, 199.
10.87000, 183.
10.88000, 192.
10.89000, 163.
10.90000, 175.
10.91000, 194.
10.92000, 213.
10.93000, 181.
10.94000, 184.
10.95000, 180.
10.96000, 171.
10.97000, 185.
10.98000, 185.
10.99000, 160.
11.00000, 167.
11.01000, 168.
11.02000, 191.
11.03000, 194.
11.04000, 171.
11.05000, 186.
11.06000, 198.
11.07000, 170.
11.08000, 179.
11.09000, 193.
11.10000, 169.
11.11000, 185.
11.12000, 201.
11.13000, 173.
11.14000, 190.
11.15000, 191.
11.16000, 164.
11.17000, 194.
11.18000, 182.
11.19000, 202.
11.20000, 167.
11.21000, 192.
11.22000, 192.
11.23000, 191.
11.24000, 201.
11.25000, 174.
11.26000, 171.
11.27000, 178.
11.28000, 186.
11.29000, 211.
11.30000, 188.
11.31000, 224.
11.32000, 198.
11.33000, 193.
11.34000, 211.
11.35000, 206.
11.36000, 188.
11.37000, 207.
11.38000, 182.
11.39000, 193.
11.40000, 205.
11.41000, 180.
11.42000, 191.
11.43000, 211.
11.44000, 174.
11.45000, 206.
11.46000, 182.
11.47000, 223.
11.48000, 196.
11.49000, 163.
11.50000, 191.
11.51000, 204.
11.52000, 191.
11.53000, 192.
11.54000, 188.
11.55000, 187.
11.56000, 210.
11.57000, 183.
11.58000, 178.
11.59000, 209.
11.60000, 217.
11.61000, 204.
11.62000, 211.
11.63000, 197.
11.64000, 201.
11.65000, 197.
11.66000, 204.
11.67000, 185.
11.68000, 198.
11.69000, 210.
11.70000, 226.
11.71000, 177.
11.72000, 174.
11.73000, 201.
11.74000, 175.
11.75000, 208.
11.76000, 212.
11.77000, 190.
11.78000, 204.
11.79000, 200.
11.80000, 188.
11.81000, 196.
11.82000, 195.
11.83000, 219.
11.84000, 203.
11.85000, 205.
11.86000, 208.
11.87000, 229.
11.88000, 208.
11.89000, 195.
11.90000, 202.
11.91000, 172.
11.92000, 191.
11.93000, 184.
11.94000, 190.
11.95000, 225.
11.96000, 200.
11.97000, 200.
11.98000, 186.
11.99000, 194.
12.00000, 205.
12.01000, 204.
12.02000, 223.
12.03000, 195.
12.04000, 201.
12.05000, 189.
12.06000, 182.
12.07000, 217.
12.08000, 191.
12.09000, 201.
12.10000, 199.
12.11000, 213.
12.12000, 223.
12.13000, 207.
12.14000, 204.
12.15000, 203.
12.16000, 184.
12.17000, 190.
12.18000, 202.
12.19000, 197.
12.20000, 219.
12.21000, 203.
12.22000, 215.
12.23000, 228.
12.24000, 228.
12.25000, 207.
12.26000, 232.
12.27000, 220.
12.28000, 192.
12.29000, 202.
12.30000, 210.
12.31000, 205.
12.32000, 242.
12.33000, 207.
12.34000, 217.
12.35000, 248.
12.36000, 214.
12.37000, 250.
12.38000, 211.
12.39000, 225.
12.40000, 210.
12.41000, 217.
12.42000, 231.
12.43000, 232.
12.44000, 223.
12.45000, 259.
12.46000, 242.
12.47000, 255.
12.48000, 270.
12.49000, 271.
12.50000, 268.
12.51000, 289.
12.52000, 312.
12.53000, 292.
12.54000, 336.
12.55000, 337.
12.56000, 335.
12.57000, 353.
12.58000, 356.
12.59000, 380.
12.60000, 372.
12.61000, 356.
12.62000, 374.
12.63000, 384.
12.64000, 356.
12.65000, 352.
12.66000, 333.
12.67000, 325.
12.68000, 325.
12.69000, 288.
12.70000, 302.
12.71000, 279.
12.72000, 273.
12.73000, 259.
12.74000, 232.
12.75000, 249.
12.76000, 239.
12.77000, 227.
12.78000, 229.
12.79000, 210.
12.80000, 219.
12.81000, 236.
12.82000, 217.
12.83000, 212.
12.84000, 195.
12.85000, 209.
12.86000, 183.
12.87000, 178.
12.88000, 220.
12.89000, 188.
12.90000, 176.
12.91000, 220.
12.92000, 195.
12.93000, 225.
12.94000, 214.
12.95000, 197.
12.96000, 199.
12.97000, 229.
12.98000, 181.
12.99000, 210.
13.00000, 230.
13.01000, 220.
13.02000, 223.
13.03000, 208.
13.04000, 232.
13.05000, 181.
13.06000, 184.
13.07000, 199.
13.08000, 203.
13.09000, 197.
13.10000, 199.
13.11000, 210.
13.12000, 212.
13.13000, 200.
13.14000, 220.
13.15000, 217.
13.16000, 205.
13.17000, 192.
13.18000, 181.
13.19000, 205.
13.20000, 196.
13.21000, 207.
13.22000, 222.
13.23000, 220.
13.24000, 218.
13.25000, 197.
13.26000, 178.
13.27000, 201.
13.28000, 217.
13.29000, 202.
13.30000, 215.
13.31000, 197.
13.32000, 209.
13.33000, 211.
13.34000, 199.
13.35000, 217.
13.36000, 186.
13.37000, 187.
13.38000, 209.
13.39000, 223.
13.40000, 224.
13.41000, 224.
13.42000, 204.
13.43000, 227.
13.44000, 217.
13.45000, 214.
13.46000, 224.
13.47000, 211.
13.48000, 216.
13.49000, 204.
13.50000, 229.
13.51000, 218.
13.52000, 203.
13.53000, 221.
13.54000, 194.
13.55000, 200.
13.56000, 209.
13.57000, 228.
13.58000, 217.
13.59000, 228.
13.60000, 225.
13.61000, 191.
13.62000, 215.
13.63000, 213.
13.64000, 233.
13.65000, 178.
13.66000, 232.
13.67000, 199.
13.68000, 199.
13.69000, 204.
13.70000, 202.
13.71000, 250.
13.72000, 189.
13.73000, 207.
13.74000, 222.
13.75000, 223.
13.76000, 218.
13.77000, 234.
13.78000, 221.
13.79000, 226.
13.80000, 242.
13.81000, 232.
13.82000, 223.
13.83000, 264.
13.84000, 256.
13.85000, 261.
13.86000, 295.
13.87000, 307.
13.88000, 309.
13.89000, 363.
13.90000, 429.
13.91000, 463.
13.92000, 573.
13.93000, 680.
13.94000, 727.
13.95000, 922.
13.96000, 1036.
13.97000, 1272.
13.98000, 1357.
13.99000, 1661.
14.00000, 1902.
14.01000, 2106.
14.02000, 2501.
14.03000, 2712.
14.04000, 3028.
14.05000, 3228.
14.06000, 3399.
14.07000, 3760.
14.08000, 4006.
14.09000, 4240.
14.10000, 4349.
14.11000, 4507.
14.12000, 4540.
14.13000, 4533.
14.14000, 4583.
14.15000, 4497.
14.16000, 4199.
14.17000, 4036.
14.18000, 3741.
14.19000, 3733.
14.20000, 3379.
14.21000, 2967.
14.22000, 2741.
14.23000, 2406.
14.24000, 2127.
14.25000, 1783.
14.26000, 1615.
14.27000, 1410.
14.28000, 1235.
14.29000, 1011.
14.30000, 942.
14.31000, 738.
14.32000, 607.
14.33000, 527.
14.34000, 506.
14.35000, 402.
14.36000, 357.
14.37000, 332.
14.38000, 270.
14.39000, 238.
14.40000, 214.
14.41000, 240.
14.42000, 232.
14.43000, 195.
14.44000, 205.
14.45000, 210.
14.46000, 209.
14.47000, 202.
14.48000, 211.
14.49000, 197.
14.50000, 206.
14.51000, 201.
14.52000, 211.
14.53000, 207.
14.54000, 211.
14.55000, 204.
14.56000, 197.
14.57000, 199.
14.58000, 226.
14.59000, 199.
14.60000, 206.
14.61000, 199.
14.62000, 227.
14.63000, 198.
14.64000, 208.
14.65000, 206.
14.66000, 208.
14.67000, 212.
14.68000, 216.
14.69000, 227.
14.70000, 231.
14.71000, 219.
14.72000, 224.
14.73000, 228.
14.74000, 219.
14.75000, 199.
14.76000, 204.
14.77000, 213.
14.78000, 230.
14.79000, 222.
14.80000, 231.
14.81000, 216.
14.82000, 229.
14.83000, 231.
14.84000, 208.
14.85000, 237.
14.86000, 226.
14.87000, 244.
14.88000, 205.
14.89000, 257.
14.90000, 228.
14.91000, 242.
14.92000, 236.
14.93000, 209.
14.94000, 227.
14.95000, 209.
14.96000, 195.
14.97000, 204.
14.98000, 205.
14.99000, 218.
15.00000, 206.
15.01000, 227.
15.02000, 202.
15.03000, 223.
15.04000, 211.
15.05000, 216.
15.06000, 191.
15.07000, 220.
15.08000, 190.
15.09000, 219.
15.10000, 184.
15.11000, 187.
15.12000, 188.
15.13000, 186.
15.14000, 213.
15.15000, 217.
15.16000, 200.
15.17000, 187.
15.18000, 175.
15.19000, 217.
15.20000, 186.
15.21000, 197.
15.22000, 212.
15.23000, 184.
15.24000, 213.
15.25000, 203.
15.26000, 171.
15.27000, 203.
15.28000, 191.
15.29000, 215.
15.30000, 210.
15.31000, 178.
15.32000, 172.
15.33000, 203.
15.34000, 183.
15.35000, 215.
15.36000, 214.
15.37000, 170.
15.38000, 198.
15.39000, 204.
15.40000, 213.
15.41000, 187.
15.42000, 197.
15.43000, 197.
15.44000, 203.
15.45000, 194.
15.46000, 202.
15.47000, 176.
15.48000, 211.
15.49000, 203.
15.50000, 198.
15.51000, 179.
15.52000, 213.
15.53000, 204.
15.54000, 205.
15.55000, 204.
15.56000, 212.
15.57000, 201.
15.58000, 233.
15.59000, 246.
15.60000, 240.
15.61000, 237.
15.62000, 292.
15.63000, 278.
15.64000, 346.
15.65000, 315.
15.66000, 385.
15.67000, 437.
15.68000, 424.
15.69000, 471.
15.70000, 538.
15.71000, 552.
15.72000, 683.
15.73000, 645.
15.74000, 704.
15.75000, 723.
15.76000, 814.
15.77000, 862.
15.78000, 895.
15.79000, 878.
15.80000, 929.
15.81000, 911.
15.82000, 903.
15.83000, 910.
15.84000, 886.
15.85000, 885.
15.86000, 795.
15.87000, 772.
15.88000, 747.
15.89000, 767.
15.90000, 648.
15.91000, 583.
15.92000, 548.
15.93000, 515.
15.94000, 497.
15.95000, 451.
15.96000, 390.
15.97000, 368.
15.98000, 352.
15.99000, 362.
16.00000, 367.
16.01000, 318.
16.02000, 340.
16.03000, 326.
16.04000, 286.
16.05000, 296.
16.06000, 305.
16.07000, 312.
16.08000, 258.
16.09000, 268.
16.10000, 239.
16.11000, 283.
16.12000, 251.
16.13000, 258.
16.14000, 246.
16.15000, 250.
16.16000, 223.
16.17000, 236.
16.18000, 210.
16.19000, 244.
16.20000, 206.
16.21000, 199.
16.22000, 206.
16.23000, 192.
16.24000, 202.
16.25000, 199.
16.26000, 189.
16.27000, 170.
16.28000, 194.
16.29000, 164.
16.30000, 186.
16.31000, 182.
16.32000, 191.
16.33000, 165.
16.34000, 173.
16.35000, 197.
16.36000, 169.
16.37000, 171.
16.38000, 184.
16.39000, 171.
16.40000, 163.
16.41000, 170.
16.42000, 196.
16.43000, 190.
16.44000, 180.
16.45000, 160.
16.46000, 162.
16.47000, 166.
16.48000, 168.
16.49000, 220.
16.50000, 173.
16.51000, 189.
16.52000, 177.
16.53000, 148.
16.54000, 148.
16.55000, 182.
16.56000, 177.
16.57000, 171.
16.58000, 194.
16.59000, 168.
16.60000, 184.
16.61000, 195.
16.62000, 202.
16.63000, 190.
16.64000, 185.
16.65000, 152.
16.66000, 173.
16.67000, 164.
16.68000, 175.
16.69000, 168.
16.70000, 162.
16.71000, 182.
16.72000, 204.
16.73000, 184.
16.74000, 180.
16.75000, 151.
16.76000, 188.
16.77000, 186.
16.78000, 163.
16.79000, 159.
16.80000, 174.
16.81000, 179.
16.82000, 191.
16.83000, 171.
16.84000, 156.
16.85000, 153.
16.86000, 172.
16.87000, 187.
16.88000, 166.
16.89000, 178.
16.90000, 185.
16.91000, 154.
16.92000, 157.
16.93000, 177.
16.94000, 169.
16.95000, 200.
16.96000, 182.
16.97000, 164.
16.98000, 131.
16.99000, 188.
17.00000, 177.
17.01000, 153.
17.02000, 177.
17.03000, 155.
17.04000, 162.
17.05000, 167.
17.06000, 196.
17.07000, 192.
17.08000, 168.
17.09000, 166.
17.10000, 166.
17.11000, 179.
17.12000, 176.
17.13000, 168.
17.14000, 198.
17.15000, 170.
17.16000, 173.
17.17000, 174.
17.18000, 172.
17.19000, 191.
17.20000, 181.
17.21000, 187.
17.22000, 185.
17.23000, 184.
17.24000, 149.
17.25000, 201.
17.26000, 170.
17.27000, 187.
17.28000, 149.
17.29000, 189.
17.30000, 177.
17.31000, 172.
17.32000, 207.
17.33000, 203.
17.34000, 183.
17.35000, 145.
17.36000, 201.
17.37000, 183.
17.38000, 171.
17.39000, 194.
17.40000, 199.
17.41000, 159.
17.42000, 210.
17.43000, 166.
17.44000, 169.
17.45000, 173.
17.46000, 162.
17.47000, 193.
17.48000, 179.
17.49000, 195.
17.50000, 198.
17.51000, 188.
17.52000, 220.
17.53000, 174.
17.54000, 199.
17.55000, 183.
17.56000, 214.
17.57000, 213.
17.58000, 191.
17.59000, 207.
17.60000, 183.
17.61000, 189.
17.62000, 190.
17.63000, 198.
17.64000, 205.
17.65000, 198.
17.66000, 209.
17.67000, 196.
17.68000, 232.
17.69000, 239.
17.70000, 230.
17.71000, 231.
17.72000, 213.
17.73000, 214.
17.74000, 235.
17.75000, 234.
17.76000, 241.
17.77000, 243.
17.78000, 217.
17.79000, 255.
17.80000, 255.
17.81000, 262.
17.82000, 255.
17.83000, 239.
17.84000, 245.
17.85000, 263.
17.86000, 238.
17.87000, 252.
17.88000, 264.
17.89000, 260.
17.90000, 244.
17.91000, 263.
17.92000, 261.
17.93000, 292.
17.94000, 246.
17.95000, 257.
17.96000, 253.
17.97000, 246.
17.98000, 258.
17.99000, 246.
18.00000, 251.
18.01000, 249.
18.02000, 239.
18.03000, 230.
18.04000, 255.
18.05000, 244.
18.06000, 271.
18.07000, 244.
18.08000, 256.
18.09000, 244.
18.10000, 274.
18.11000, 248.
18.12000, 262.
18.13000, 275.
18.14000, 264.
18.15000, 253.
18.16000, 278.
18.17000, 256.
18.18000, 282.
18.19000, 279.
18.20000, 298.
18.21000, 284.
18.22000, 281.
18.23000, 293.
18.24000, 317.
18.25000, 323.
18.26000, 315.
18.27000, 318.
18.28000, 332.
18.29000, 310.
18.30000, 358.
18.31000, 379.
18.32000, 362.
18.33000, 375.
18.34000, 391.
18.35000, 405.
18.36000, 388.
18.37000, 416.
18.38000, 395.
18.39000, 402.
18.40000, 412.
18.41000, 470.
18.42000, 445.
18.43000, 489.
18.44000, 487.
18.45000, 478.
18.46000, 489.
18.47000, 557.
18.48000, 530.
18.49000, 580.
18.50000, 584.
18.51000, 611.
18.52000, 625.
18.53000, 624.
18.54000, 668.
18.55000, 635.
18.56000, 627.
18.57000, 670.
18.58000, 692.
18.59000, 721.
18.60000, 749.
18.61000, 746.
18.62000, 721.
18.63000, 765.
18.64000, 738.
18.65000, 791.
18.66000, 809.
18.67000, 792.
18.68000, 832.
18.69000, 845.
18.70000, 885.
18.71000, 867.
18.72000, 932.
18.73000, 960.
18.74000, 924.
18.75000, 882.
18.76000, 886.
18.77000, 898.
18.78000, 924.
18.79000, 899.
18.80000, 851.
18.81000, 906.
18.82000, 912.
18.83000, 937.
18.84000, 899.
18.85000, 900.
18.86000, 896.
18.87000, 879.
18.88000, 919.
18.89000, 874.
18.90000, 867.
18.91000, 889.
18.92000, 806.
18.93000, 798.
18.94000, 849.
18.95000, 843.
18.96000, 767.
18.97000, 836.
18.98000, 767.
18.99000, 769.
19.00000, 768.
19.01000, 716.
19.02000, 711.
19.03000, 701.
19.04000, 720.
19.05000, 630.
19.06000, 629.
19.07000, 634.
19.08000, 577.
19.09000, 574.
19.10000, 622.
19.11000, 590.
19.12000, 556.
19.13000, 539.
19.14000, 541.
19.15000, 498.
19.16000, 501.
19.17000, 478.
19.18000, 453.
19.19000, 494.
19.20000, 457.
19.21000, 459.
19.22000, 431.
19.23000, 430.
19.24000, 417.
19.25000, 398.
19.26000, 403.
19.27000, 377.
19.28000, 362.
19.29000, 329.
19.30000, 349.
19.31000, 354.
19.32000, 315.
19.33000, 329.
19.34000, 298.
19.35000, 306.
19.36000, 310.
19.37000, 322.
19.38000, 286.
19.39000, 310.
19.40000, 292.
19.41000, 307.
19.42000, 247.
19.43000, 271.
19.44000, 286.
19.45000, 262.
19.46000, 278.
19.47000, 241.
19.48000, 233.
19.49000, 254.
19.50000, 261.
19.51000, 243.
19.52000, 252.
19.53000, 276.
19.54000, 242.
19.55000, 233.
19.56000, 247.
19.57000, 237.
19.58000, 191.
19.59000, 220.
19.60000, 193.
19.61000, 241.
19.62000, 224.
19.63000, 206.
19.64000, 215.
19.65000, 201.
19.66000, 212.
19.67000, 186.
19.68000, 210.
19.69000, 199.
19.70000, 178.
19.71000, 207.
19.72000, 217.
19.73000, 185.
19.74000, 193.
19.75000, 180.
19.76000, 179.
19.77000, 185.
19.78000, 206.
19.79000, 192.
19.80000, 198.
19.81000, 189.
19.82000, 191.
19.83000, 216.
19.84000, 207.
19.85000, 206.
19.86000, 242.
19.87000, 222.
19.88000, 250.
19.89000, 294.
19.90000, 277.
19.91000, 322.
19.92000, 310.
19.93000, 336.
19.94000, 385.
19.95000, 415.
19.96000, 431.
19.97000, 455.
19.98000, 475.
19.99000, 528.
20.00000, 588.
20.01000, 589.
20.02000, 624.
20.03000, 688.
20.04000, 679.
20.05000, 705.
20.06000, 724.
20.07000, 793.
20.08000, 783.
20.09000, 832.
20.10000, 879.
20.11000, 839.
20.12000, 871.
20.13000, 865.
20.14000, 936.
20.15000, 913.
20.16000, 903.
20.17000, 907.
20.18000, 899.
20.19000, 888.
20.20000, 804.
20.21000, 832.
20.22000, 785.
20.23000, 753.
20.24000, 739.
20.25000, 644.
20.26000, 634.
20.27000, 588.
20.28000, 531.
20.29000, 499.
20.30000, 478.
20.31000, 384.
20.32000, 404.
20.33000, 342.
20.34000, 354.
20.35000, 283.
20.36000, 265.
20.37000, 226.
20.38000, 237.
20.39000, 205.
20.40000, 187.
20.41000, 203.
20.42000, 201.
20.43000, 170.
20.44000, 186.
20.45000, 175.
20.46000, 190.
20.47000, 148.
20.48000, 177.
20.49000, 145.
20.50000, 182.
20.51000, 183.
20.52000, 190.
20.53000, 168.
20.54000, 158.
20.55000, 144.
20.56000, 153.
20.57000, 167.
20.58000, 198.
20.59000, 184.
20.60000, 186.
20.61000, 178.
20.62000, 176.
20.63000, 181.
20.64000, 170.
20.65000, 178.
20.66000, 178.
20.67000, 212.
20.68000, 214.
20.69000, 179.
20.70000, 210.
20.71000, 211.
20.72000, 228.
20.73000, 205.
20.74000, 216.
20.75000, 215.
20.76000, 220.
20.77000, 239.
20.78000, 216.
20.79000, 230.
20.80000, 220.
20.81000, 262.
20.82000, 233.
20.83000, 207.
20.84000, 234.
20.85000, 216.
20.86000, 245.
20.87000, 251.
20.88000, 234.
20.89000, 217.
20.90000, 255.
20.91000, 250.
20.92000, 239.
20.93000, 246.
20.94000, 235.
20.95000, 271.
20.96000, 243.
20.97000, 265.
20.98000, 271.
20.99000, 230.
21.00000, 255.
21.01000, 257.
21.02000, 247.
21.03000, 239.
21.04000, 260.
21.05000, 266.
21.06000, 243.
21.07000, 223.
21.08000, 259.
21.09000, 257.
21.10000, 246.
21.11000, 212.
21.12000, 232.
21.13000, 246.
21.14000, 270.
21.15000, 247.
21.16000, 253.
21.17000, 225.
21.18000, 238.
21.19000, 216.
21.20000, 255.
21.21000, 224.
21.22000, 194.
21.23000, 224.
21.24000, 229.
21.25000, 214.
21.26000, 215.
21.27000, 205.
21.28000, 208.
21.29000, 221.
21.30000, 213.
21.31000, 217.
21.32000, 209.
21.33000, 172.
21.34000, 219.
21.35000, 197.
21.36000, 198.
21.37000, 179.
21.38000, 175.
21.39000, 194.
21.40000, 165.
21.41000, 147.
21.42000, 169.
21.43000, 181.
21.44000, 178.
21.45000, 161.
21.46000, 152.
21.47000, 150.
21.48000, 161.
21.49000, 143.
21.50000, 165.
21.51000, 163.
21.52000, 177.
21.53000, 142.
21.54000, 147.
21.55000, 140.
21.56000, 137.
21.57000, 161.
21.58000, 131.
21.59000, 136.
21.60000, 158.
21.61000, 171.
21.62000, 126.
21.63000, 123.
21.64000, 113.
21.65000, 133.
21.66000, 144.
21.67000, 146.
21.68000, 134.
21.69000, 128.
21.70000, 118.
21.71000, 125.
21.72000, 118.
21.73000, 117.
21.74000, 109.
21.75000, 142.
21.76000, 143.
21.77000, 122.
21.78000, 109.
21.79000, 120.
21.80000, 114.
21.81000, 111.
21.82000, 125.
21.83000, 102.
21.84000, 96.
21.85000, 90.
21.86000, 113.
21.87000, 113.
21.88000, 116.
21.89000, 116.
21.90000, 101.
21.91000, 106.
21.92000, 115.
21.93000, 110.
21.94000, 95.
21.95000, 118.
21.96000, 124.
21.97000, 98.
21.98000, 100.
21.99000, 130.
22.00000, 93.
22.01000, 110.
22.02000, 125.
22.03000, 97.
22.04000, 87.
22.05000, 119.
22.06000, 126.
22.07000, 102.
22.08000, 92.
22.09000, 108.
22.10000, 97.
22.11000, 99.
22.12000, 122.
22.13000, 104.
22.14000, 117.
22.15000, 107.
22.16000, 102.
22.17000, 116.
22.18000, 95.
22.19000, 103.
22.20000, 99.
22.21000, 92.
22.22000, 98.
22.23000, 103.
22.24000, 100.
22.25000, 88.
22.26000, 90.
22.27000, 107.
22.28000, 118.
22.29000, 94.
22.30000, 94.
22.31000, 95.
22.32000, 107.
22.33000, 82.
22.34000, 109.
22.35000, 101.
22.36000, 77.
22.37000, 100.
22.38000, 87.
22.39000, 93.
22.40000, 123.
22.41000, 86.
22.42000, 106.
22.43000, 97.
22.44000, 116.
22.45000, 86.
22.46000, 94.
22.47000, 133.
22.48000, 109.
22.49000, 128.
22.50000, 117.
22.51000, 124.
22.52000, 151.
22.53000, 131.
22.54000, 159.
22.55000, 153.
22.56000, 141.
22.57000, 177.
22.58000, 177.
22.59000, 163.
22.60000, 161.
22.61000, 175.
22.62000, 171.
22.63000, 186.
22.64000, 206.
22.65000, 186.
22.66000, 206.
22.67000, 198.
22.68000, 172.
22.69000, 213.
22.70000, 191.
22.71000, 177.
22.72000, 181.
22.73000, 203.
22.74000, 193.
22.75000, 171.
22.76000, 183.
22.77000, 175.
22.78000, 147.
22.79000, 169.
22.80000, 151.
22.81000, 146.
22.82000, 159.
22.83000, 130.
22.84000, 129.
22.85000, 111.
22.86000, 104.
22.87000, 94.
22.88000, 94.
22.89000, 93.
22.90000, 91.
22.91000, 98.
22.92000, 95.
22.93000, 110.
22.94000, 115.
22.95000, 93.
22.96000, 91.
22.97000, 78.
22.98000, 84.
22.99000, 104.
23.00000, 63.
23.01000, 95.
23.02000, 87.
23.03000, 88.
23.04000, 95.
23.05000, 98.
23.06000, 104.
23.07000, 105.
23.08000, 105.
23.09000, 111.
23.10000, 88.
23.11000, 114.
23.12000, 87.
23.13000, 90.
23.14000, 93.
23.15000, 94.
23.16000, 124.
23.17000, 96.
23.18000, 90.
23.19000, 100.
23.20000, 98.
23.21000, 83.
23.22000, 87.
23.23000, 91.
23.24000, 90.
23.25000, 105.
23.26000, 88.
23.27000, 83.
23.28000, 83.
23.29000, 85.
23.30000, 84.
23.31000, 80.
23.32000, 81.
23.33000, 85.
23.34000, 73.
23.35000, 73.
23.36000, 82.
23.37000, 61.
23.38000, 73.
23.39000, 78.
23.40000, 74.
23.41000, 79.
23.42000, 75.
23.43000, 65.
23.44000, 80.
23.45000, 74.
23.46000, 82.
23.47000, 92.
23.48000, 54.
23.49000, 73.
23.50000, 70.
23.51000, 70.
23.52000, 86.
23.53000, 71.
23.54000, 67.
23.55000, 80.
23.56000, 74.
23.57000, 76.
23.58000, 62.
23.59000, 76.
23.60000, 76.
23.61000, 73.
23.62000, 82.
23.63000, 91.
23.64000, 81.
23.65000, 72.
23.66000, 84.
23.67000, 81.
23.68000, 67.
23.69000, 89.
23.70000, 84.
23.71000, 76.
23.72000, 79.
23.73000, 83.
23.74000, 82.
23.75000, 70.
23.76000, 91.
23.77000, 93.
23.78000, 77.
23.79000, 89.
23.80000, 80.
23.81000, 85.
23.82000, 77.
23.83000, 93.
23.84000, 73.
23.85000, 75.
23.86000, 86.
23.87000, 75.
23.88000, 86.
23.89000, 72.
23.90000, 78.
23.91000, 83.
23.92000, 80.
23.93000, 67.
23.94000, 81.
23.95000, 65.
23.96000, 80.
23.97000, 81.
23.98000, 73.
23.99000, 66.
24.00000, 69.
24.01000, 69.
24.02000, 61.
24.03000, 71.
24.04000, 68.
24.05000, 77.
24.06000, 72.
24.07000, 74.
24.08000, 56.
24.09000, 64.
24.10000, 68.
24.11000, 77.
24.12000, 77.
24.13000, 81.
24.14000, 77.
24.15000, 72.
24.16000, 80.
24.17000, 69.
24.18000, 72.
24.19000, 47.
24.20000, 65.
24.21000, 63.
24.22000, 58.
24.23000, 69.
24.24000, 73.
24.25000, 77.
24.26000, 64.
24.27000, 70.
24.28000, 83.
24.29000, 71.
24.30000, 76.
24.31000, 56.
24.32000, 69.
24.33000, 81.
24.34000, 73.
24.35000, 67.
24.36000, 79.
24.37000, 75.
24.38000, 69.
24.39000, 69.
24.40000, 54.
24.41000, 81.
24.42000, 74.
24.43000, 78.
24.44000, 74.
24.45000, 73.
24.46000, 72.
24.47000, 74.
24.48000, 76.
24.49000, 64.
24.50000, 59.
24.51000, 65.
24.52000, 69.
24.53000, 71.
24.54000, 71.
24.55000, 66.
24.56000, 81.
24.57000, 72.
24.58000, 69.
24.59000, 66.
24.60000, 77.
24.61000, 40.
24.62000, 66.
24.63000, 59.
24.64000, 75.
24.65000, 72.
24.66000, 78.
24.67000, 57.
24.68000, 74.
24.69000, 52.
24.70000, 61.
24.71000, 78.
24.72000, 70.
24.73000, 69.
24.74000, 81.
24.75000, 75.
24.76000, 72.
24.77000, 58.
24.78000, 65.
24.79000, 63.
24.80000, 59.
24.81000, 87.
24.82000, 82.
24.83000, 77.
24.84000, 64.
24.85000, 61.
24.86000, 89.
24.87000, 62.
24.88000, 80.
24.89000, 59.
24.90000, 72.
24.91000, 65.
24.92000, 70.
24.93000, 54.
24.94000, 75.
24.95000, 82.
24.96000, 78.
24.97000, 70.
24.98000, 64.
24.99000, 92.
25.00000, 64.
25.01000, 77.
25.02000, 75.
25.03000, 99.
25.04000, 85.
25.05000, 66.
25.06000, 67.
25.07000, 80.
25.08000, 72.
25.09000, 66.
25.10000, 80.
25.11000, 63.
25.12000, 77.
25.13000, 71.
25.14000, 72.
25.15000, 77.
25.16000, 78.
25.17000, 87.
25.18000, 84.
25.19000, 81.
25.20000, 67.
25.21000, 76.
25.22000, 88.
25.23000, 69.
25.24000, 71.
25.25000, 73.
25.26000, 82.
25.27000, 63.
25.28000, 86.
25.29000, 77.
25.30000, 75.
25.31000, 56.
25.32000, 85.
25.33000, 78.
25.34000, 73.
25.35000, 62.
25.36000, 80.
25.37000, 84.
25.38000, 53.
25.39000, 69.
25.40000, 72.
25.41000, 71.
25.42000, 57.
25.43000, 57.
25.44000, 69.
25.45000, 77.
25.46000, 68.
25.47000, 70.
25.48000, 75.
25.49000, 69.
25.50000, 63.
25.51000, 60.
25.52000, 70.
25.53000, 71.
25.54000, 57.
25.55000, 70.
25.56000, 57.
25.57000, 53.
25.58000, 60.
25.59000, 59.
25.60000, 46.
25.61000, 62.
25.62000, 71.
25.63000, 68.
25.64000, 61.
25.65000, 63.
25.66000, 53.
25.67000, 72.
25.68000, 69.
25.69000, 67.
25.70000, 53.
25.71000, 53.
25.72000, 75.
25.73000, 67.
25.74000, 64.
25.75000, 59.
25.76000, 65.
25.77000, 69.
25.78000, 68.
25.79000, 75.
25.80000, 68.
25.81000, 65.
25.82000, 55.
25.83000, 58.
25.84000, 64.
25.85000, 55.
25.86000, 61.
25.87000, 50.
25.88000, 56.
25.89000, 57.
25.90000, 54.
25.91000, 68.
25.92000, 69.
25.93000, 53.
25.94000, 55.
25.95000, 58.
25.96000, 48.
25.97000, 62.
25.98000, 73.
25.99000, 67.
26.00000, 48.
26.01000, 61.
26.02000, 53.
26.03000, 64.
26.04000, 68.
26.05000, 64.
26.06000, 72.
26.07000, 74.
26.08000, 59.
26.09000, 69.
26.10000, 52.
26.11000, 73.
26.12000, 49.
26.13000, 47.
26.14000, 58.
26.15000, 52.
26.16000, 57.
26.17000, 69.
26.18000, 60.
26.19000, 59.
26.20000, 71.
26.21000, 55.
26.22000, 46.
26.23000, 65.
26.24000, 66.
26.25000, 57.
26.26000, 52.
26.27000, 64.
26.28000, 67.
26.29000, 66.
26.30000, 63.
26.31000, 67.
26.32000, 50.
26.33000, 68.
26.34000, 60.
26.35000, 50.
26.36000, 54.
26.37000, 44.
26.38000, 53.
26.39000, 59.
26.40000, 58.
26.41000, 52.
26.42000, 61.
26.43000, 58.
26.44000, 73.
26.45000, 51.
26.46000, 52.
26.47000, 46.
26.48000, 43.
26.49000, 69.
26.50000, 67.
26.51000, 49.
26.52000, 50.
26.53000, 62.
26.54000, 63.
26.55000, 69.
26.56000, 48.
26.57000, 66.
26.58000, 50.
26.59000, 60.
26.60000, 52.
26.61000, 52.
26.62000, 51.
26.63000, 49.
26.64000, 57.
26.65000, 65.
26.66000, 59.
26.67000, 59.
26.68000, 51.
26.69000, 52.
26.70000, 66.
26.71000, 51.
26.72000, 51.
26.73000, 54.
26.74000, 53.
26.75000, 61.
26.76000, 55.
26.77000, 64.
26.78000, 46.
26.79000, 75.
26.80000, 44.
26.81000, 55.
26.82000, 66.
26.83000, 62.
26.84000, 54.
26.85000, 59.
26.86000, 54.
26.87000, 54.
26.88000, 47.
26.89000, 58.
26.90000, 61.
26.91000, 52.
26.92000, 50.
26.93000, 65.
26.94000, 54.
26.95000, 52.
26.96000, 51.
26.97000, 53.
26.98000, 55.
26.99000, 57.
27.00000, 59.
27.01000, 49.
27.02000, 48.
27.03000, 62.
27.04000, 48.
27.05000, 58.
27.06000, 55.
27.07000, 38.
27.08000, 55.
27.09000, 53.
27.10000, 55.
27.11000, 52.
27.12000, 58.
27.13000, 55.
27.14000, 43.
27.15000, 46.
27.16000, 35.
27.17000, 46.
27.18000, 60.
27.19000, 66.
27.20000, 60.
27.21000, 58.
27.22000, 62.
27.23000, 60.
27.24000, 55.
27.25000, 57.
27.26000, 53.
27.27000, 57.
27.28000, 59.
27.29000, 60.
27.30000, 60.
27.31000, 50.
27.32000, 67.
27.33000, 54.
27.34000, 61.
27.35000, 53.
27.36000, 50.
27.37000, 57.
27.38000, 41.
27.39000, 59.
27.40000, 53.
27.41000, 54.
27.42000, 44.
27.43000, 53.
27.44000, 60.
27.45000, 52.
27.46000, 52.
27.47000, 58.
27.48000, 57.
27.49000, 56.
27.50000, 48.
27.51000, 38.
27.52000, 42.
27.53000, 51.
27.54000, 54.
27.55000, 50.
27.56000, 51.
27.57000, 48.
27.58000, 53.
27.59000, 54.
27.60000, 49.
27.61000, 63.
27.62000, 43.
27.63000, 58.
27.64000, 43.
27.65000, 57.
27.66000, 65.
27.67000, 57.
27.68000, 56.
27.69000, 47.
27.70000, 49.
27.71000, 71.
27.72000, 54.
27.73000, 51.
27.74000, 38.
27.75000, 39.
27.76000, 31.
27.77000, 37.
27.78000, 48.
27.79000, 55.
27.80000, 55.
27.81000, 51.
27.82000, 59.
27.83000, 50.
27.84000, 45.
27.85000, 50.
27.86000, 39.
27.87000, 57.
27.88000, 58.
27.89000, 48.
27.90000, 45.
27.91000, 49.
27.92000, 61.
27.93000, 46.
27.94000, 43.
27.95000, 54.
27.96000, 50.
27.97000, 51.
27.98000, 59.
27.99000, 48.
28.00000, 56.
28.01000, 38.
28.02000, 53.
28.03000, 47.
28.04000, 50.
28.05000, 52.
28.06000, 40.
28.07000, 39.
28.08000, 49.
28.09000, 53.
28.10000, 51.
28.11000, 48.
28.12000, 63.
28.13000, 58.
28.14000, 45.
28.15000, 46.
28.16000, 50.
28.17000, 65.
28.18000, 50.
28.19000, 63.
28.20000, 42.
28.21000, 47.
28.22000, 61.
28.23000, 51.
28.24000, 46.
28.25000, 50.
28.26000, 55.
28.27000, 53.
28.28000, 51.
28.29000, 48.
28.30000, 58.
28.31000, 58.
28.32000, 57.
28.33000, 50.
28.34000, 53.
28.35000, 56.
28.36000, 59.
28.37000, 59.
28.38000, 54.
28.39000, 56.
28.40000, 56.
28.41000, 54.
28.42000, 53.
28.43000, 48.
28.44000, 65.
28.45000, 55.
28.46000, 69.
28.47000, 37.
28.48000, 59.
28.49000, 56.
28.50000, 50.
28.51000, 58.
28.52000, 49.
28.53000, 54.
28.54000, 52.
28.55000, 54.
28.56000, 59.
28.57000, 56.
28.58000, 49.
28.59000, 42.
28.60000, 50.
28.61000, 52.
28.62000, 38.
28.63000, 45.
28.64000, 52.
28.65000, 38.
28.66000, 55.
28.67000, 48.
28.68000, 35.
28.69000, 58.
28.70000, 42.
28.71000, 39.
28.72000, 53.
28.73000, 45.
28.74000, 48.
28.75000, 45.
28.76000, 46.
28.77000, 56.
28.78000, 45.
28.79000, 45.
28.80000, 59.
28.81000, 54.
28.82000, 57.
28.83000, 48.
28.84000, 47.
28.85000, 41.
28.86000, 40.
28.87000, 56.
28.88000, 48.
28.89000, 34.
28.90000, 46.
28.91000, 70.
28.92000, 51.
28.93000, 57.
28.94000, 56.
28.95000, 39.
28.96000, 44.
28.97000, 48.
28.98000, 43.
28.99000, 54.
29.00000, 52.
29.01000, 53.
29.02000, 44.
29.03000, 34.
29.04000, 52.
29.05000, 49.
29.06000, 47.
29.07000, 41.
29.08000, 39.
29.09000, 50.
29.10000, 34.
29.11000, 42.
29.12000, 33.
29.13000, 46.
29.14000, 44.
29.15000, 49.
29.16000, 41.
29.17000, 58.
29.18000, 34.
29.19000, 56.
29.20000, 38.
29.21000, 46.
29.22000, 44.
29.23000, 42.
29.24000, 43.
29.25000, 40.
29.26000, 54.
29.27000, 37.
29.28000, 40.
29.29000, 45.
29.30000, 40.
29.31000, 48.
29.32000, 46.
29.33000, 37.
29.34000, 42.
29.35000, 41.
29.36000, 28.
29.37000, 37.
29.38000, 44.
29.39000, 45.
29.40000, 54.
29.41000, 39.
29.42000, 53.
29.43000, 56.
29.44000, 40.
29.45000, 46.
29.46000, 39.
29.47000, 49.
29.48000, 43.
29.49000, 37.
29.50000, 50.
29.51000, 37.
29.52000, 52.
29.53000, 48.
29.54000, 55.
29.55000, 51.
29.56000, 38.
29.57000, 47.
29.58000, 47.
29.59000, 51.
29.60000, 46.
29.61000, 50.
29.62000, 43.
29.63000, 50.
29.64000, 49.
29.65000, 47.
29.66000, 51.
29.67000, 35.
29.68000, 49.
29.69000, 45.
29.70000, 47.
29.71000, 52.
29.72000, 50.
29.73000, 63.
29.74000, 27.
29.75000, 43.
29.76000, 49.
29.77000, 40.
29.78000, 33.
29.79000, 32.
29.80000, 50.
29.81000, 45.
29.82000, 41.
29.83000, 53.
29.84000, 40.
29.85000, 40.
29.86000, 49.
29.87000, 40.
29.88000, 55.
29.89000, 28.
29.90000, 41.
29.91000, 42.
29.92000, 36.
29.93000, 46.
29.94000, 48.
29.95000, 34.
29.96000, 45.
29.97000, 41.
29.98000, 46.
29.99000, 46.
30.00000, 34.
30.01000, 58.
30.02000, 45.
30.03000, 44.
30.04000, 44.
30.05000, 42.
30.06000, 37.
30.07000, 48.
30.08000, 44.
30.09000, 44.
30.10000, 42.
30.11000, 49.
30.12000, 40.
30.13000, 37.
30.14000, 48.
30.15000, 40.
30.16000, 45.
30.17000, 38.
30.18000, 39.
30.19000, 41.
30.20000, 37.
30.21000, 42.
30.22000, 30.
30.23000, 39.
30.24000, 38.
30.25000, 30.
30.26000, 45.
30.27000, 37.
30.28000, 32.
30.29000, 43.
30.30000, 48.
30.31000, 48.
30.32000, 42.
30.33000, 41.
30.34000, 51.
30.35000, 41.
30.36000, 33.
30.37000, 39.
30.38000, 34.
30.39000, 48.
30.40000, 37.
30.41000, 39.
30.42000, 43.
30.43000, 40.
30.44000, 39.
30.45000, 47.
30.46000, 40.
30.47000, 25.
30.48000, 39.
30.49000, 39.
30.50000, 37.
30.51000, 28.
30.52000, 31.
30.53000, 39.
30.54000, 43.
30.55000, 36.
30.56000, 47.
30.57000, 41.
30.58000, 37.
30.59000, 42.
30.60000, 25.
30.61000, 37.
30.62000, 45.
30.63000, 36.
30.64000, 39.
30.65000, 42.
30.66000, 44.
30.67000, 45.
30.68000, 35.
30.69000, 39.
30.70000, 43.
30.71000, 37.
30.72000, 30.
30.73000, 38.
30.74000, 36.
30.75000, 34.
30.76000, 44.
30.77000, 26.
30.78000, 29.
30.79000, 33.
30.80000, 40.
30.81000, 32.
30.82000, 31.
30.83000, 32.
30.84000, 37.
30.85000, 48.
30.86000, 41.
30.87000, 32.
30.88000, 39.
30.89000, 39.
30.90000, 37.
30.91000, 37.
30.92000, 45.
30.93000, 35.
30.94000, 38.
30.95000, 26.
30.96000, 30.
30.97000, 42.
30.98000, 49.
30.99000, 35.
31.00000, 33.
31.01000, 32.
31.02000, 36.
31.03000, 41.
31.04000, 44.
31.05000, 31.
31.06000, 40.
31.07000, 35.
31.08000, 33.
31.09000, 42.
31.10000, 46.
31.11000, 33.
31.12000, 31.
31.13000, 27.
31.14000, 36.
31.15000, 37.
31.16000, 34.
31.17000, 31.
31.18000, 42.
31.19000, 43.
31.20000, 28.
31.21000, 48.
31.22000, 37.
31.23000, 37.
31.24000, 36.
31.25000, 30.
31.26000, 34.
31.27000, 36.
31.28000, 42.
31.29000, 36.
31.30000, 28.
31.31000, 25.
31.32000, 31.
31.33000, 36.
31.34000, 35.
31.35000, 34.
31.36000, 49.
31.37000, 43.
31.38000, 31.
31.39000, 43.
31.40000, 39.
31.41000, 44.
31.42000, 49.
31.43000, 50.
31.44000, 35.
31.45000, 54.
31.46000, 51.
31.47000, 50.
31.48000, 51.
31.49000, 46.
31.50000, 55.
31.51000, 55.
31.52000, 71.
31.53000, 61.
31.54000, 81.
31.55000, 59.
31.56000, 81.
31.57000, 73.
31.58000, 85.
31.59000, 95.
31.60000, 110.
31.61000, 115.
31.62000, 128.
31.63000, 135.
31.64000, 154.
31.65000, 149.
31.66000, 165.
31.67000, 153.
31.68000, 155.
31.69000, 188.
31.70000, 161.
31.71000, 198.
31.72000, 164.
31.73000, 185.
31.74000, 161.
31.75000, 193.
31.76000, 202.
31.77000, 187.
31.78000, 175.
31.79000, 184.
31.80000, 176.
31.81000, 187.
31.82000, 184.
31.83000, 184.
31.84000, 159.
31.85000, 158.
31.86000, 148.
31.87000, 134.
31.88000, 164.
31.89000, 172.
31.90000, 154.
31.91000, 159.
31.92000, 168.
31.93000, 171.
31.94000, 163.
31.95000, 189.
31.96000, 154.
31.97000, 191.
31.98000, 191.
31.99000, 197.
32.00000, 213.
32.01000, 244.
32.02000, 239.
32.03000, 240.
32.04000, 255.
32.05000, 265.
32.06000, 286.
32.07000, 292.
32.08000, 286.
32.09000, 279.
32.10000, 317.
32.11000, 311.
32.12000, 282.
32.13000, 308.
32.14000, 328.
32.15000, 289.
32.16000, 295.
32.17000, 301.
32.18000, 310.
32.19000, 277.
32.20000, 229.
32.21000, 269.
32.22000, 249.
32.23000, 222.
32.24000, 223.
32.25000, 212.
32.26000, 193.
32.27000, 173.
32.28000, 158.
32.29000, 152.
32.30000, 136.
32.31000, 141.
32.32000, 123.
32.33000, 90.
32.34000, 82.
32.35000, 82.
32.36000, 88.
32.37000, 73.
32.38000, 63.
32.39000, 76.
32.40000, 60.
32.41000, 43.
32.42000, 53.
32.43000, 51.
32.44000, 58.
32.45000, 40.
32.46000, 46.
32.47000, 41.
32.48000, 41.
32.49000, 44.
32.50000, 45.
32.51000, 51.
32.52000, 27.
32.53000, 31.
32.54000, 34.
32.55000, 37.
32.56000, 33.
32.57000, 28.
32.58000, 32.
32.59000, 36.
32.60000, 34.
32.61000, 31.
32.62000, 23.
32.63000, 23.
32.64000, 36.
32.65000, 32.
32.66000, 26.
32.67000, 28.
32.68000, 31.
32.69000, 28.
32.70000, 35.
32.71000, 35.
32.72000, 25.
32.73000, 24.
32.74000, 22.
32.75000, 40.
32.76000, 30.
32.77000, 34.
32.78000, 40.
32.79000, 30.
32.80000, 48.
32.81000, 30.
32.82000, 30.
32.83000, 33.
32.84000, 44.
32.85000, 40.
32.86000, 35.
32.87000, 38.
32.88000, 40.
32.89000, 41.
32.90000, 46.
32.91000, 34.
32.92000, 38.
32.93000, 43.
32.94000, 42.
32.95000, 39.
32.96000, 47.
32.97000, 46.
32.98000, 39.
32.99000, 40.
33.00000, 53.
33.01000, 39.
33.02000, 27.
33.03000, 43.
33.04000, 56.
33.05000, 45.
33.06000, 39.
33.07000, 32.
33.08000, 36.
33.09000, 34.
33.10000, 29.
33.11000, 36.
33.12000, 34.
33.13000, 40.
33.14000, 30.
33.15000, 35.
33.16000, 35.
33.17000, 42.
33.18000, 39.
33.19000, 44.
33.20000, 46.
33.21000, 51.
33.22000, 36.
33.23000, 35.
33.24000, 42.
33.25000, 50.
33.26000, 55.
33.27000, 45.
33.28000, 55.
33.29000, 33.
33.30000, 67.
33.31000, 49.
33.32000, 53.
33.33000, 45.
33.34000, 45.
33.35000, 48.
33.36000, 53.
33.37000, 59.
33.38000, 48.
33.39000, 50.
33.40000, 54.
33.41000, 56.
33.42000, 44.
33.43000, 44.
33.44000, 60.
33.45000, 43.
33.46000, 40.
33.47000, 42.
33.48000, 24.
33.49000, 48.
33.50000, 38.
33.51000, 46.
33.52000, 36.
33.53000, 34.
33.54000, 33.
33.55000, 38.
33.56000, 25.
33.57000, 25.
33.58000, 40.
33.59000, 40.
33.60000, 25.
33.61000, 35.
33.62000, 32.
33.63000, 27.
33.64000, 28.
33.65000, 32.
33.66000, 26.
33.67000, 36.
33.68000, 28.
33.69000, 21.
33.70000, 28.
33.71000, 29.
33.72000, 16.
33.73000, 23.
33.74000, 18.
33.75000, 15.
33.76000, 22.
33.77000, 35.
33.78000, 24.
33.79000, 18.
33.80000, 20.
33.81000, 24.
33.82000, 28.
33.83000, 19.
33.84000, 21.
33.85000, 22.
33.86000, 19.
33.87000, 25.
33.88000, 19.
33.89000, 18.
33.90000, 23.
33.91000, 19.
33.92000, 12.
33.93000, 38.
33.94000, 18.
33.95000, 19.
33.96000, 26.
33.97000, 26.
33.98000, 25.
33.99000, 28.
34.00000, 20.
34.01000, 27.
34.02000, 22.
34.03000, 24.
34.04000, 26.
34.05000, 37.
34.06000, 28.
34.07000, 29.
34.08000, 26.
34.09000, 30.
34.10000, 27.
34.11000, 23.
34.12000, 42.
34.13000, 34.
34.14000, 29.
34.15000, 33.
34.16000, 47.
34.17000, 47.
34.18000, 47.
34.19000, 38.
34.20000, 28.
34.21000, 30.
34.22000, 35.
34.23000, 27.
34.24000, 41.
34.25000, 32.
34.26000, 29.
34.27000, 29.
34.28000, 29.
34.29000, 31.
34.30000, 32.
34.31000, 28.
34.32000, 31.
34.33000, 36.
34.34000, 31.
34.35000, 33.
34.36000, 26.
34.37000, 22.
34.38000, 30.
34.39000, 32.
34.40000, 28.
34.41000, 31.
34.42000, 36.
34.43000, 33.
34.44000, 31.
34.45000, 34.
34.46000, 31.
34.47000, 32.
34.48000, 35.
34.49000, 35.
34.50000, 37.
34.51000, 37.
34.52000, 37.
34.53000, 34.
34.54000, 40.
34.55000, 39.
34.56000, 42.
34.57000, 31.
34.58000, 31.
34.59000, 47.
34.60000, 46.
34.61000, 39.
34.62000, 40.
34.63000, 45.
34.64000, 46.
34.65000, 47.
34.66000, 52.
34.67000, 41.
34.68000, 56.
34.69000, 35.
34.70000, 42.
34.71000, 44.
34.72000, 43.
34.73000, 29.
34.74000, 34.
34.75000, 38.
34.76000, 24.
34.77000, 30.
34.78000, 39.
34.79000, 19.
34.80000, 37.
34.81000, 24.
34.82000, 34.
34.83000, 40.
34.84000, 37.
34.85000, 19.
34.86000, 29.
34.87000, 21.
34.88000, 22.
34.89000, 16.
34.90000, 19.
34.91000, 29.
34.92000, 19.
34.93000, 19.
34.94000, 20.
34.95000, 25.
34.96000, 18.
34.97000, 28.
34.98000, 15.
34.99000, 25.
35.00000, 24.
35.01000, 16.
35.02000, 16.
35.03000, 16.
35.04000, 23.
35.05000, 22.
35.06000, 19.
35.07000, 17.
35.08000, 20.
35.09000, 17.
35.10000, 17.
35.11000, 11.
35.12000, 22.
35.13000, 23.
35.14000, 18.
35.15000, 26.
35.16000, 19.
35.17000, 21.
35.18000, 20.
35.19000, 27.
35.20000, 20.
35.21000, 15.
35.22000, 19.
35.23000, 19.
35.24000, 15.
35.25000, 18.
35.26000, 14.
35.27000, 15.
35.28000, 18.
35.29000, 20.
35.30000, 24.
35.31000, 19.
35.32000, 13.
35.33000, 18.
35.34000, 20.
35.35000, 31.
35.36000, 22.
35.37000, 24.
35.38000, 18.
35.39000, 19.
35.40000, 11.
35.41000, 17.
35.42000, 16.
35.43000, 9.
35.44000, 18.
35.45000, 20.
35.46000, 22.
35.47000, 19.
35.48000, 20.
35.49000, 20.
35.50000, 21.
35.51000, 11.
35.52000, 24.
35.53000, 18.
35.54000, 20.
35.55000, 19.
35.56000, 19.
35.57000, 20.
35.58000, 15.
35.59000, 21.
35.60000, 20.
35.61000, 19.
35.62000, 20.
35.63000, 24.
35.64000, 17.
35.65000, 13.
35.66000, 26.
35.67000, 17.
35.68000, 15.
35.69000, 24.
35.70000, 21.
35.71000, 16.
35.72000, 28.
35.73000, 20.
35.74000, 19.
35.75000, 24.
35.76000, 16.
35.77000, 19.
35.78000, 21.
35.79000, 18.
35.80000, 15.
35.81000, 14.
35.82000, 22.
35.83000, 21.
35.84000, 20.
35.85000, 14.
35.86000, 27.
35.87000, 23.
35.88000, 17.
35.89000, 15.
35.90000, 18.
35.91000, 22.
35.92000, 18.
35.93000, 23.
35.94000, 19.
35.95000, 33.
35.96000, 33.
35.97000, 17.
35.98000, 27.
35.99000, 23.
36.00000, 19.
36.01000, 26.
36.02000, 28.
36.03000, 29.
36.04000, 38.
36.05000, 30.
36.06000, 32.
36.07000, 32.
36.08000, 33.
36.09000, 34.
36.10000, 34.
36.11000, 40.
36.12000, 24.
36.13000, 47.
36.14000, 52.
36.15000, 62.
36.16000, 51.
36.17000, 64.
36.18000, 70.
36.19000, 63.
36.20000, 71.
36.21000, 66.
36.22000, 59.
36.23000, 65.
36.24000, 67.
36.25000, 62.
36.26000, 83.
36.27000, 71.
36.28000, 64.
36.29000, 67.
36.30000, 71.
36.31000, 59.
36.32000, 69.
36.33000, 70.
36.34000, 61.
36.35000, 59.
36.36000, 60.
36.37000, 64.
36.38000, 49.
36.39000, 62.
36.40000, 63.
36.41000, 50.
36.42000, 45.
36.43000, 48.
36.44000, 33.
36.45000, 42.
36.46000, 25.
36.47000, 43.
36.48000, 32.
36.49000, 37.
36.50000, 28.
36.51000, 26.
36.52000, 27.
36.53000, 19.
36.54000, 25.
36.55000, 20.
36.56000, 19.
36.57000, 26.
36.58000, 23.
36.59000, 22.
36.60000, 20.
36.61000, 18.
36.62000, 18.
36.63000, 18.
36.64000, 20.
36.65000, 21.
36.66000, 21.
36.67000, 19.
36.68000, 16.
36.69000, 22.
36.70000, 14.
36.71000, 12.
36.72000, 21.
36.73000, 14.
36.74000, 19.
36.75000, 13.
36.76000, 19.
36.77000, 20.
36.78000, 16.
36.79000, 14.
36.80000, 16.
36.81000, 17.
36.82000, 14.
36.83000, 13.
36.84000, 23.
36.85000, 13.
36.86000, 12.
36.87000, 12.
36.88000, 14.
36.89000, 16.
36.90000, 19.
36.91000, 15.
36.92000, 20.
36.93000, 18.
36.94000, 9.
36.95000, 17.
36.96000, 10.
36.97000, 16.
36.98000, 23.
36.99000, 14.
37.00000, 25.
37.01000, 14.
37.02000, 25.
37.03000, 14.
37.04000, 21.
37.05000, 19.
37.06000, 21.
37.07000, 26.
37.08000, 23.
37.09000, 20.
37.10000, 22.
37.11000, 23.
37.12000, 24.
37.13000, 28.
37.14000, 21.
37.15000, 29.
37.16000, 31.
37.17000, 26.
37.18000, 26.
37.19000, 25.
37.20000, 32.
37.21000, 25.
37.22000, 24.
37.23000, 26.
37.24000, 30.
37.25000, 23.
37.26000, 27.
37.27000, 23.
37.28000, 21.
37.29000, 27.
37.30000, 24.
37.31000, 26.
37.32000, 23.
37.33000, 23.
37.34000, 16.
37.35000, 15.
37.36000, 18.
37.37000, 17.
37.38000, 10.
37.39000, 16.
37.40000, 12.
37.41000, 14.
37.42000, 18.
37.43000, 14.
37.44000, 16.
37.45000, 26.
37.46000, 13.
37.47000, 13.
37.48000, 14.
37.49000, 10.
37.50000, 13.
37.51000, 13.
37.52000, 13.
37.53000, 14.
37.54000, 11.
37.55000, 13.
37.56000, 14.
37.57000, 16.
37.58000, 17.
37.59000, 12.
37.60000, 11.
37.61000, 15.
37.62000, 12.
37.63000, 14.
37.64000, 20.
37.65000, 27.
37.66000, 17.
37.67000, 12.
37.68000, 15.
37.69000, 19.
37.70000, 11.
37.71000, 10.
37.72000, 17.
37.73000, 14.
37.74000, 15.
37.75000, 14.
37.76000, 16.
37.77000, 13.
37.78000, 8.
37.79000, 16.
37.80000, 11.
37.81000, 18.
37.82000, 10.
37.83000, 12.
37.84000, 11.
37.85000, 13.
37.86000, 11.
37.87000, 14.
37.88000, 12.
37.89000, 12.
37.90000, 5.
37.91000, 9.
37.92000, 15.
37.93000, 10.
37.94000, 11.
37.95000, 12.
37.96000, 12.
37.97000, 10.
37.98000, 11.
37.99000, 9.
38.00000, 11.
38.01000, 12.
38.02000, 12.
38.03000, 5.
38.04000, 12.
38.05000, 9.
38.06000, 7.
38.07000, 13.
38.08000, 7.
38.09000, 8.
38.10000, 7.
38.11000, 12.
38.12000, 7.
38.13000, 6.
38.14000, 5.
38.15000, 12.
38.16000, 10.
38.17000, 5.
38.18000, 9.
38.19000, 8.
38.20000, 6.
38.21000, 9.
38.22000, 10.
38.23000, 11.
38.24000, 6.
38.25000, 9.
38.26000, 6.
38.27000, 11.
38.28000, 9.
38.29000, 5.
38.30000, 8.
38.31000, 8.
38.32000, 7.
38.33000, 10.
38.34000, 10.
38.35000, 6.
38.36000, 6.
38.37000, 7.
38.38000, 7.
38.39000, 8.
38.40000, 7.
38.41000, 8.
38.42000, 12.
38.43000, 4.
38.44000, 9.
38.45000, 8.
38.46000, 5.
38.47000, 6.
38.48000, 13.
38.49000, 8.
38.50000, 9.
38.51000, 9.
38.52000, 10.
38.53000, 5.
38.54000, 8.
38.55000, 8.
38.56000, 11.
38.57000, 9.
38.58000, 9.
38.59000, 9.
38.60000, 8.
38.61000, 5.
38.62000, 8.
38.63000, 15.
38.64000, 7.
38.65000, 5.
38.66000, 4.
38.67000, 7.
38.68000, 10.
38.69000, 10.
38.70000, 5.
38.71000, 14.
38.72000, 7.
38.73000, 4.
38.74000, 4.
38.75000, 6.
38.76000, 6.
38.77000, 11.
38.78000, 5.
38.79000, 10.
38.80000, 10.
38.81000, 12.
38.82000, 9.
38.83000, 10.
38.84000, 7.
38.85000, 12.
38.86000, 12.
38.87000, 3.
38.88000, 7.
38.89000, 6.
38.90000, 5.
38.91000, 8.
38.92000, 4.
38.93000, 12.
38.94000, 14.
38.95000, 6.
38.96000, 8.
38.97000, 8.
38.98000, 14.
38.99000, 8.
39.00000, 10.
39.01000, 10.
39.02000, 7.
39.03000, 9.
39.04000, 21.
39.05000, 8.
39.06000, 12.
39.07000, 10.
39.08000, 12.
39.09000, 9.
39.10000, 10.
39.11000, 14.
39.12000, 16.
39.13000, 6.
39.14000, 24.
39.15000, 6.
39.16000, 11.
39.17000, 15.
39.18000, 17.
39.19000, 13.
39.20000, 9.
39.21000, 8.
39.22000, 14.
39.23000, 8.
39.24000, 12.
39.25000, 13.
39.26000, 14.
39.27000, 13.
39.28000, 8.
39.29000, 6.
39.30000, 9.
39.31000, 18.
39.32000, 11.
39.33000, 8.
39.34000, 7.
39.35000, 8.
39.36000, 5.
39.37000, 6.
39.38000, 7.
39.39000, 6.
39.40000, 13.
39.41000, 6.
39.42000, 6.
39.43000, 4.
39.44000, 4.
39.45000, 7.
39.46000, 6.
39.47000, 3.
39.48000, 5.
39.49000, 6.
39.50000, 6.
39.51000, 7.
39.52000, 9.
39.53000, 9.
39.54000, 11.
39.55000, 5.
39.56000, 8.
39.57000, 5.
39.58000, 10.
39.59000, 7.
39.60000, 5.
39.61000, 8.
39.62000, 8.
39.63000, 3.
39.64000, 11.
39.65000, 6.
39.66000, 5.
39.67000, 2.
39.68000, 5.
39.69000, 7.
39.70000, 4.
39.71000, 9.
39.72000, 7.
39.73000, 5.
39.74000, 4.
39.75000, 5.
39.76000, 3.
39.77000, 10.
39.78000, 7.
39.79000, 7.
39.80000, 1.
39.81000, 5.
39.82000, 4.
39.83000, 11.
39.84000, 6.
39.85000, 5.
39.86000, 1.
39.87000, 4.
39.88000, 4.
39.89000, 1.
39.90000, 3.
39.91000, 2.
39.92000, 8.
39.93000, 6.
39.94000, 3.
39.95000, 8.
39.96000, 9.
39.97000, 5.
39.98000, 3.
39.99000, 4.
40.00000, 4.
40.01000, 7.
40.02000, 9.
40.03000, 10.
40.04000, 3.
40.05000, 3.
40.06000, 8.
40.07000, 9.
40.08000, 2.
40.09000, 5.
40.10000, 8.
40.11000, 3.
40.12000, 5.
40.13000, 2.
40.14000, 5.
40.15000, 6.
40.16000, 13.
40.17000, 6.
40.18000, 5.
40.19000, 7.
40.20000, 4.
40.21000, 6.
40.22000, 5.
40.23000, 5.
40.24000, 8.
40.25000, 2.
40.26000, 9.
40.27000, 6.
40.28000, 5.
40.29000, 5.
40.30000, 4.
40.31000, 4.
40.32000, 4.
40.33000, 5.
40.34000, 2.
40.35000, 5.
40.36000, 4.
40.37000, 5.
40.38000, 5.
40.39000, 5.
40.40000, 4.
40.41000, 5.
40.42000, 5.
40.43000, 7.
40.44000, 5.
40.45000, 5.
40.46000, 2.
40.47000, 6.
40.48000, 4.
40.49000, 5.
40.50000, 7.
40.51000, 2.
40.52000, 5.
40.53000, 3.
40.54000, 4.
40.55000, 0.
#ENDOFDATA   : 
