#FORMAT      : EMSA/MAS Spectral Data File
#VERSION     : 1.0
#TITLE       : oreas 464 4
#DATE        : 23-JUL-2026
#TIME        : 12:16
#OWNER       : XGT7200
#NPOINTS     : 4096.
#NCOLUMNS    : 1.
#XUNITS      : keV
#YUNITS      : counts
#DATATYPE    : XY
#XPERCHAN    : 0.0100000
#OFFSET      : -0.400000
#SIGNALTYPE  : EDS
#CHOFFSET    : 40.0000
#LIVETIME    : 30.000000
#REALTIME    : 38.907874
#BEAMKV      : 50.0000
#PROBECUR    : 255000.
#MAGCAM      : 100.000
#XTILTSTGE   : 0.0
#AZIMANGLE   : 0.0
#ELEVANGLE   : 45.0
#XPOSITION mm: 0.0000
#YPOSITION mm: 0.0000
#ZPOSITION mm: 0.0000
##OXINSTPT   : 4
##OXINSTSTROB: 71.51
##OXINSTELEMS: 13,14,15,19,20,21,22,25,26,30,37,38,39,40,41,60
##OXINSTLABEL: 26, 6.404, Fe
##OXINSTLABEL: 26, 7.058, Fe
##OXINSTLABEL: 26, 0.705, Fe
##OXINSTLABEL: 26, 0.628, Fe
##OXINSTLABEL: 13, 1.487, Al
##OXINSTLABEL: 14, 1.740, Si
##OXINSTLABEL: 20, 3.692, Ca
##OXINSTLABEL: 20, 4.013, Ca
##OXINSTLABEL: 20, 0.341, Ca
##OXINSTLABEL: 20, 0.306, Ca
##OXINSTLABEL: 15, 2.014, P
##OXINSTLABEL: 15, 2.139, P
##OXINSTLABEL: 41, 16.615, Nb
##OXINSTLABEL: 41, 18.623, Nb
##OXINSTLABEL: 41, 18.953, Nb
##OXINSTLABEL: 41, 2.166, Nb
##OXINSTLABEL: 41, 1.996, Nb
##OXINSTLABEL: 41, 2.664, Nb
##OXINSTLABEL: 41, 1.902, Nb
##OXINSTLABEL: 38, 14.165, Sr
##OXINSTLABEL: 38, 15.836, Sr
##OXINSTLABEL: 38, 16.085, Sr
##OXINSTLABEL: 38, 1.807, Sr
##OXINSTLABEL: 38, 1.649, Sr
##OXINSTLABEL: 38, 1.582, Sr
##OXINSTLABEL: 30, 8.639, Zn
##OXINSTLABEL: 30, 9.572, Zn
##OXINSTLABEL: 30, 1.012, Zn
##OXINSTLABEL: 30, 0.906, Zn
##OXINSTLABEL: 30, 0.884, Zn
##OXINSTLABEL: 22, 4.511, Ti
##OXINSTLABEL: 22, 4.932, Ti
##OXINSTLABEL: 22, 0.452, Ti
##OXINSTLABEL: 22, 0.401, Ti
##OXINSTLABEL: 39, 14.959, Y
##OXINSTLABEL: 39, 16.738, Y
##OXINSTLABEL: 39, 17.016, Y
##OXINSTLABEL: 39, 1.923, Y
##OXINSTLABEL: 39, 1.761, Y
##OXINSTLABEL: 39, 1.685, Y
##OXINSTLABEL: 25, 5.899, Mn
##OXINSTLABEL: 25, 6.491, Mn
##OXINSTLABEL: 25, 0.636, Mn
##OXINSTLABEL: 25, 0.567, Mn
##OXINSTLABEL: 19, 3.314, K
##OXINSTLABEL: 19, 3.590, K
##OXINSTLABEL: 19, 0.262, K
##OXINSTLABEL: 40, 15.775, Zr
##OXINSTLABEL: 40, 17.668, Zr
##OXINSTLABEL: 40, 17.970, Zr
##OXINSTLABEL: 40, 2.042, Zr
##OXINSTLABEL: 40, 1.877, Zr
##OXINSTLABEL: 40, 2.503, Zr
##OXINSTLABEL: 40, 1.792, Zr
##OXINSTLABEL: 37, 13.396, Rb
##OXINSTLABEL: 37, 14.962, Rb
##OXINSTLABEL: 37, 1.694, Rb
##OXINSTLABEL: 37, 1.542, Rb
##OXINSTLABEL: 37, 1.482, Rb
##OXINSTLABEL: 60, 37.362, Nd
##OXINSTLABEL: 60, 36.848, Nd
##OXINSTLABEL: 60, 5.230, Nd
##OXINSTLABEL: 60, 5.722, Nd
##OXINSTLABEL: 60, 6.090, Nd
##OXINSTLABEL: 60, 5.146, Nd
##OXINSTLABEL: 60, 6.602, Nd
##OXINSTLABEL: 60, 6.883, Nd
##OXINSTLABEL: 60, 4.633, Nd
##OXINSTLABEL: 60, 0.978, Nd
##OXINSTLABEL: 60, 1.180, Nd
##OXINSTLABEL: 60, 0.753, Nd
##OXINSTLABEL: 21, 4.091, Sc
##OXINSTLABEL: 21, 4.460, Sc
##OXINSTLABEL: 21, 0.395, Sc
##OXINSTLABEL: 21, 0.353, Sc
#SPECTRUM    : Spectral Data Starts Here
-0.40000, 0.
-0.39000, 0.
-0.38000, 0.
-0.37000, 0.
-0.36000, 0.
-0.35000, 0.
-0.34000, 0.
-0.33000, 0.
-0.32000, 0.
-0.31000, 0.
-0.30000, 0.
-0.29000, 0.
-0.28000, 0.
-0.27000, 0.
-0.26000, 0.
-0.25000, 0.
-0.24000, 0.
-0.23000, 0.
-0.22000, 0.
-0.21000, 0.
-0.20000, 0.
-0.19000, 0.
-0.18000, 0.
-0.17000, 0.
-0.16000, 0.
-0.15000, 0.
-0.14000, 0.
-0.13000, 0.
-0.12000, 0.
-0.11000, 0.
-0.10000, 0.
-0.09000, 0.
-0.08000, 0.
-0.07000, 0.
-0.06000, 0.
-0.05000, 0.
-0.04000, 0.
-0.03000, 0.
-0.02000, 0.
-0.01000, 0.
0.00000, 0.
0.01000, 0.
0.02000, 0.
0.03000, 0.
0.04000, 0.
0.05000, 0.
0.06000, 0.
0.07000, 0.
0.08000, 0.
0.09000, 0.
0.10000, 0.
0.11000, 0.
0.12000, 0.
0.13000, 0.
0.14000, 0.
0.15000, 0.
0.16000, 0.
0.17000, 0.
0.18000, 0.
0.19000, 0.
0.20000, 0.
0.21000, 0.
0.22000, 0.
0.23000, 0.
0.24000, 0.
0.25000, 0.
0.26000, 0.
0.27000, 0.
0.28000, 0.
0.29000, 0.
0.30000, 0.
0.31000, 0.
0.32000, 0.
0.33000, 0.
0.34000, 2.
0.35000, 2.
0.36000, 1.
0.37000, 2.
0.38000, 3.
0.39000, 5.
0.40000, 5.
0.41000, 7.
0.42000, 6.
0.43000, 7.
0.44000, 14.
0.45000, 9.
0.46000, 12.
0.47000, 10.
0.48000, 15.
0.49000, 5.
0.50000, 12.
0.51000, 16.
0.52000, 17.
0.53000, 10.
0.54000, 13.
0.55000, 10.
0.56000, 16.
0.57000, 13.
0.58000, 16.
0.59000, 13.
0.60000, 13.
0.61000, 12.
0.62000, 10.
0.63000, 9.
0.64000, 12.
0.65000, 14.
0.66000, 9.
0.67000, 12.
0.68000, 17.
0.69000, 14.
0.70000, 10.
0.71000, 12.
0.72000, 17.
0.73000, 9.
0.74000, 8.
0.75000, 8.
0.76000, 12.
0.77000, 7.
0.78000, 9.
0.79000, 10.
0.80000, 7.
0.81000, 7.
0.82000, 11.
0.83000, 15.
0.84000, 5.
0.85000, 9.
0.86000, 10.
0.87000, 14.
0.88000, 11.
0.89000, 12.
0.90000, 13.
0.91000, 14.
0.92000, 8.
0.93000, 8.
0.94000, 18.
0.95000, 9.
0.96000, 16.
0.97000, 17.
0.98000, 17.
0.99000, 11.
1.00000, 16.
1.01000, 16.
1.02000, 9.
1.03000, 7.
1.04000, 10.
1.05000, 11.
1.06000, 7.
1.07000, 5.
1.08000, 11.
1.09000, 9.
1.10000, 10.
1.11000, 6.
1.12000, 11.
1.13000, 14.
1.14000, 6.
1.15000, 15.
1.16000, 7.
1.17000, 11.
1.18000, 15.
1.19000, 8.
1.20000, 13.
1.21000, 25.
1.22000, 13.
1.23000, 15.
1.24000, 9.
1.25000, 20.
1.26000, 20.
1.27000, 15.
1.28000, 9.
1.29000, 15.
1.30000, 16.
1.31000, 7.
1.32000, 9.
1.33000, 15.
1.34000, 10.
1.35000, 12.
1.36000, 7.
1.37000, 12.
1.38000, 22.
1.39000, 18.
1.40000, 19.
1.41000, 29.
1.42000, 35.
1.43000, 68.
1.44000, 82.
1.45000, 80.
1.46000, 102.
1.47000, 132.
1.48000, 132.
1.49000, 131.
1.50000, 131.
1.51000, 121.
1.52000, 118.
1.53000, 105.
1.54000, 89.
1.55000, 65.
1.56000, 52.
1.57000, 39.
1.58000, 29.
1.59000, 16.
1.60000, 14.
1.61000, 22.
1.62000, 20.
1.63000, 25.
1.64000, 44.
1.65000, 59.
1.66000, 94.
1.67000, 161.
1.68000, 217.
1.69000, 286.
1.70000, 371.
1.71000, 499.
1.72000, 535.
1.73000, 643.
1.74000, 682.
1.75000, 652.
1.76000, 660.
1.77000, 586.
1.78000, 531.
1.79000, 408.
1.80000, 341.
1.81000, 284.
1.82000, 195.
1.83000, 144.
1.84000, 124.
1.85000, 66.
1.86000, 64.
1.87000, 52.
1.88000, 39.
1.89000, 31.
1.90000, 31.
1.91000, 27.
1.92000, 41.
1.93000, 39.
1.94000, 52.
1.95000, 62.
1.96000, 76.
1.97000, 99.
1.98000, 114.
1.99000, 141.
2.00000, 156.
2.01000, 135.
2.02000, 149.
2.03000, 142.
2.04000, 132.
2.05000, 114.
2.06000, 97.
2.07000, 92.
2.08000, 52.
2.09000, 66.
2.10000, 43.
2.11000, 32.
2.12000, 36.
2.13000, 21.
2.14000, 37.
2.15000, 31.
2.16000, 33.
2.17000, 36.
2.18000, 26.
2.19000, 28.
2.20000, 23.
2.21000, 26.
2.22000, 22.
2.23000, 38.
2.24000, 26.
2.25000, 32.
2.26000, 28.
2.27000, 35.
2.28000, 48.
2.29000, 42.
2.30000, 41.
2.31000, 45.
2.32000, 40.
2.33000, 43.
2.34000, 34.
2.35000, 33.
2.36000, 38.
2.37000, 27.
2.38000, 44.
2.39000, 29.
2.40000, 24.
2.41000, 27.
2.42000, 17.
2.43000, 18.
2.44000, 21.
2.45000, 24.
2.46000, 30.
2.47000, 27.
2.48000, 36.
2.49000, 30.
2.50000, 26.
2.51000, 19.
2.52000, 27.
2.53000, 27.
2.54000, 31.
2.55000, 28.
2.56000, 35.
2.57000, 38.
2.58000, 43.
2.59000, 46.
2.60000, 68.
2.61000, 73.
2.62000, 128.
2.63000, 138.
2.64000, 187.
2.65000, 241.
2.66000, 284.
2.67000, 345.
2.68000, 368.
2.69000, 420.
2.70000, 415.
2.71000, 396.
2.72000, 381.
2.73000, 330.
2.74000, 312.
2.75000, 263.
2.76000, 203.
2.77000, 160.
2.78000, 152.
2.79000, 131.
2.80000, 127.
2.81000, 91.
2.82000, 120.
2.83000, 98.
2.84000, 78.
2.85000, 95.
2.86000, 97.
2.87000, 80.
2.88000, 88.
2.89000, 78.
2.90000, 73.
2.91000, 59.
2.92000, 61.
2.93000, 70.
2.94000, 53.
2.95000, 55.
2.96000, 49.
2.97000, 39.
2.98000, 59.
2.99000, 55.
3.00000, 39.
3.01000, 50.
3.02000, 43.
3.03000, 41.
3.04000, 38.
3.05000, 28.
3.06000, 27.
3.07000, 32.
3.08000, 17.
3.09000, 27.
3.10000, 28.
3.11000, 32.
3.12000, 20.
3.13000, 20.
3.14000, 20.
3.15000, 17.
3.16000, 19.
3.17000, 19.
3.18000, 15.
3.19000, 17.
3.20000, 17.
3.21000, 17.
3.22000, 13.
3.23000, 11.
3.24000, 17.
3.25000, 13.
3.26000, 21.
3.27000, 22.
3.28000, 27.
3.29000, 30.
3.30000, 24.
3.31000, 37.
3.32000, 28.
3.33000, 36.
3.34000, 30.
3.35000, 39.
3.36000, 17.
3.37000, 31.
3.38000, 25.
3.39000, 13.
3.40000, 15.
3.41000, 11.
3.42000, 19.
3.43000, 17.
3.44000, 15.
3.45000, 14.
3.46000, 19.
3.47000, 27.
3.48000, 23.
3.49000, 17.
3.50000, 15.
3.51000, 18.
3.52000, 15.
3.53000, 20.
3.54000, 26.
3.55000, 31.
3.56000, 30.
3.57000, 31.
3.58000, 48.
3.59000, 54.
3.60000, 83.
3.61000, 85.
3.62000, 108.
3.63000, 139.
3.64000, 182.
3.65000, 215.
3.66000, 276.
3.67000, 257.
3.68000, 295.
3.69000, 327.
3.70000, 276.
3.71000, 296.
3.72000, 278.
3.73000, 217.
3.74000, 193.
3.75000, 173.
3.76000, 136.
3.77000, 117.
3.78000, 79.
3.79000, 69.
3.80000, 41.
3.81000, 44.
3.82000, 31.
3.83000, 31.
3.84000, 29.
3.85000, 20.
3.86000, 21.
3.87000, 20.
3.88000, 26.
3.89000, 32.
3.90000, 29.
3.91000, 23.
3.92000, 26.
3.93000, 46.
3.94000, 35.
3.95000, 41.
3.96000, 44.
3.97000, 43.
3.98000, 69.
3.99000, 66.
4.00000, 63.
4.01000, 79.
4.02000, 55.
4.03000, 87.
4.04000, 64.
4.05000, 72.
4.06000, 51.
4.07000, 53.
4.08000, 57.
4.09000, 53.
4.10000, 42.
4.11000, 43.
4.12000, 29.
4.13000, 37.
4.14000, 32.
4.15000, 27.
4.16000, 20.
4.17000, 34.
4.18000, 29.
4.19000, 34.
4.20000, 26.
4.21000, 14.
4.22000, 29.
4.23000, 22.
4.24000, 23.
4.25000, 30.
4.26000, 32.
4.27000, 26.
4.28000, 38.
4.29000, 40.
4.30000, 40.
4.31000, 50.
4.32000, 34.
4.33000, 34.
4.34000, 51.
4.35000, 55.
4.36000, 46.
4.37000, 73.
4.38000, 83.
4.39000, 110.
4.40000, 147.
4.41000, 218.
4.42000, 303.
4.43000, 403.
4.44000, 431.
4.45000, 556.
4.46000, 737.
4.47000, 785.
4.48000, 883.
4.49000, 938.
4.50000, 1076.
4.51000, 1087.
4.52000, 1035.
4.53000, 1033.
4.54000, 958.
4.55000, 867.
4.56000, 777.
4.57000, 683.
4.58000, 657.
4.59000, 597.
4.60000, 569.
4.61000, 535.
4.62000, 515.
4.63000, 500.
4.64000, 498.
4.65000, 448.
4.66000, 444.
4.67000, 483.
4.68000, 401.
4.69000, 378.
4.70000, 305.
4.71000, 288.
4.72000, 272.
4.73000, 230.
4.74000, 241.
4.75000, 230.
4.76000, 232.
4.77000, 256.
4.78000, 287.
4.79000, 328.
4.80000, 343.
4.81000, 391.
4.82000, 411.
4.83000, 488.
4.84000, 452.
4.85000, 474.
4.86000, 477.
4.87000, 471.
4.88000, 448.
4.89000, 456.
4.90000, 431.
4.91000, 389.
4.92000, 369.
4.93000, 366.
4.94000, 316.
4.95000, 348.
4.96000, 310.
4.97000, 332.
4.98000, 318.
4.99000, 272.
5.00000, 328.
5.01000, 309.
5.02000, 348.
5.03000, 334.
5.04000, 343.
5.05000, 299.
5.06000, 314.
5.07000, 303.
5.08000, 284.
5.09000, 253.
5.10000, 240.
5.11000, 212.
5.12000, 242.
5.13000, 212.
5.14000, 284.
5.15000, 264.
5.16000, 299.
5.17000, 356.
5.18000, 348.
5.19000, 385.
5.20000, 425.
5.21000, 491.
5.22000, 546.
5.23000, 602.
5.24000, 574.
5.25000, 625.
5.26000, 581.
5.27000, 528.
5.28000, 531.
5.29000, 491.
5.30000, 434.
5.31000, 398.
5.32000, 347.
5.33000, 332.
5.34000, 318.
5.35000, 261.
5.36000, 267.
5.37000, 232.
5.38000, 235.
5.39000, 213.
5.40000, 195.
5.41000, 214.
5.42000, 176.
5.43000, 169.
5.44000, 164.
5.45000, 175.
5.46000, 157.
5.47000, 132.
5.48000, 140.
5.49000, 126.
5.50000, 133.
5.51000, 128.
5.52000, 123.
5.53000, 136.
5.54000, 129.
5.55000, 176.
5.56000, 160.
5.57000, 164.
5.58000, 161.
5.59000, 179.
5.60000, 211.
5.61000, 224.
5.62000, 202.
5.63000, 211.
5.64000, 231.
5.65000, 224.
5.66000, 225.
5.67000, 251.
5.68000, 266.
5.69000, 229.
5.70000, 244.
5.71000, 279.
5.72000, 268.
5.73000, 225.
5.74000, 229.
5.75000, 263.
5.76000, 278.
5.77000, 244.
5.78000, 230.
5.79000, 268.
5.80000, 257.
5.81000, 274.
5.82000, 272.
5.83000, 278.
5.84000, 293.
5.85000, 327.
5.86000, 316.
5.87000, 322.
5.88000, 339.
5.89000, 346.
5.90000, 352.
5.91000, 317.
5.92000, 297.
5.93000, 281.
5.94000, 266.
5.95000, 274.
5.96000, 223.
5.97000, 218.
5.98000, 204.
5.99000, 193.
6.00000, 166.
6.01000, 176.
6.02000, 178.
6.03000, 226.
6.04000, 215.
6.05000, 210.
6.06000, 196.
6.07000, 222.
6.08000, 201.
6.09000, 219.
6.10000, 235.
6.11000, 235.
6.12000, 220.
6.13000, 202.
6.14000, 212.
6.15000, 217.
6.16000, 228.
6.17000, 224.
6.18000, 302.
6.19000, 321.
6.20000, 424.
6.21000, 522.
6.22000, 743.
6.23000, 1037.
6.24000, 1486.
6.25000, 2130.
6.26000, 2861.
6.27000, 4025.
6.28000, 5288.
6.29000, 7246.
6.30000, 9479.
6.31000, 12186.
6.32000, 15111.
6.33000, 18414.
6.34000, 21627.
6.35000, 25760.
6.36000, 28453.
6.37000, 31275.
6.38000, 32832.
6.39000, 34242.
6.40000, 34992.
6.41000, 34302.
6.42000, 33141.
6.43000, 30555.
6.44000, 28015.
6.45000, 24734.
6.46000, 21280.
6.47000, 17643.
6.48000, 14579.
6.49000, 11716.
6.50000, 8975.
6.51000, 6816.
6.52000, 5031.
6.53000, 3679.
6.54000, 2696.
6.55000, 1835.
6.56000, 1278.
6.57000, 807.
6.58000, 575.
6.59000, 429.
6.60000, 337.
6.61000, 246.
6.62000, 191.
6.63000, 190.
6.64000, 147.
6.65000, 160.
6.66000, 128.
6.67000, 120.
6.68000, 105.
6.69000, 107.
6.70000, 125.
6.71000, 113.
6.72000, 123.
6.73000, 113.
6.74000, 115.
6.75000, 123.
6.76000, 114.
6.77000, 122.
6.78000, 97.
6.79000, 119.
6.80000, 155.
6.81000, 163.
6.82000, 172.
6.83000, 156.
6.84000, 193.
6.85000, 203.
6.86000, 244.
6.87000, 291.
6.88000, 371.
6.89000, 394.
6.90000, 493.
6.91000, 606.
6.92000, 840.
6.93000, 1006.
6.94000, 1198.
6.95000, 1524.
6.96000, 1964.
6.97000, 2229.
6.98000, 2749.
6.99000, 3146.
7.00000, 3549.
7.01000, 4123.
7.02000, 4523.
7.03000, 4800.
7.04000, 4908.
7.05000, 5165.
7.06000, 5019.
7.07000, 4935.
7.08000, 4559.
7.09000, 4289.
7.10000, 3931.
7.11000, 3467.
7.12000, 2950.
7.13000, 2541.
7.14000, 2031.
7.15000, 1621.
7.16000, 1266.
7.17000, 981.
7.18000, 801.
7.19000, 556.
7.20000, 387.
7.21000, 298.
7.22000, 219.
7.23000, 134.
7.24000, 107.
7.25000, 67.
7.26000, 50.
7.27000, 38.
7.28000, 24.
7.29000, 31.
7.30000, 23.
7.31000, 22.
7.32000, 21.
7.33000, 22.
7.34000, 21.
7.35000, 19.
7.36000, 18.
7.37000, 26.
7.38000, 31.
7.39000, 10.
7.40000, 18.
7.41000, 24.
7.42000, 24.
7.43000, 24.
7.44000, 21.
7.45000, 22.
7.46000, 20.
7.47000, 11.
7.48000, 22.
7.49000, 21.
7.50000, 24.
7.51000, 30.
7.52000, 21.
7.53000, 25.
7.54000, 25.
7.55000, 17.
7.56000, 13.
7.57000, 16.
7.58000, 12.
7.59000, 21.
7.60000, 15.
7.61000, 21.
7.62000, 20.
7.63000, 31.
7.64000, 15.
7.65000, 23.
7.66000, 28.
7.67000, 18.
7.68000, 22.
7.69000, 22.
7.70000, 15.
7.71000, 20.
7.72000, 15.
7.73000, 24.
7.74000, 22.
7.75000, 23.
7.76000, 19.
7.77000, 29.
7.78000, 27.
7.79000, 28.
7.80000, 26.
7.81000, 21.
7.82000, 24.
7.83000, 26.
7.84000, 27.
7.85000, 28.
7.86000, 23.
7.87000, 29.
7.88000, 25.
7.89000, 15.
7.90000, 27.
7.91000, 25.
7.92000, 21.
7.93000, 24.
7.94000, 23.
7.95000, 22.
7.96000, 26.
7.97000, 23.
7.98000, 17.
7.99000, 33.
8.00000, 22.
8.01000, 33.
8.02000, 27.
8.03000, 37.
8.04000, 20.
8.05000, 30.
8.06000, 36.
8.07000, 33.
8.08000, 30.
8.09000, 33.
8.10000, 28.
8.11000, 45.
8.12000, 24.
8.13000, 32.
8.14000, 30.
8.15000, 31.
8.16000, 31.
8.17000, 38.
8.18000, 35.
8.19000, 14.
8.20000, 24.
8.21000, 25.
8.22000, 27.
8.23000, 20.
8.24000, 28.
8.25000, 19.
8.26000, 21.
8.27000, 19.
8.28000, 31.
8.29000, 21.
8.30000, 27.
8.31000, 18.
8.32000, 13.
8.33000, 23.
8.34000, 26.
8.35000, 19.
8.36000, 24.
8.37000, 22.
8.38000, 15.
8.39000, 15.
8.40000, 25.
8.41000, 16.
8.42000, 34.
8.43000, 21.
8.44000, 17.
8.45000, 25.
8.46000, 30.
8.47000, 26.
8.48000, 35.
8.49000, 33.
8.50000, 35.
8.51000, 48.
8.52000, 80.
8.53000, 79.
8.54000, 55.
8.55000, 63.
8.56000, 72.
8.57000, 98.
8.58000, 104.
8.59000, 101.
8.60000, 106.
8.61000, 121.
8.62000, 104.
8.63000, 103.
8.64000, 104.
8.65000, 113.
8.66000, 114.
8.67000, 99.
8.68000, 105.
8.69000, 76.
8.70000, 66.
8.71000, 71.
8.72000, 46.
8.73000, 47.
8.74000, 52.
8.75000, 44.
8.76000, 45.
8.77000, 34.
8.78000, 24.
8.79000, 33.
8.80000, 33.
8.81000, 37.
8.82000, 27.
8.83000, 23.
8.84000, 17.
8.85000, 17.
8.86000, 17.
8.87000, 18.
8.88000, 27.
8.89000, 13.
8.90000, 10.
8.91000, 20.
8.92000, 21.
8.93000, 20.
8.94000, 26.
8.95000, 22.
8.96000, 21.
8.97000, 22.
8.98000, 23.
8.99000, 25.
9.00000, 15.
9.01000, 22.
9.02000, 13.
9.03000, 15.
9.04000, 21.
9.05000, 13.
9.06000, 22.
9.07000, 18.
9.08000, 20.
9.09000, 22.
9.10000, 34.
9.11000, 24.
9.12000, 29.
9.13000, 24.
9.14000, 28.
9.15000, 25.
9.16000, 19.
9.17000, 17.
9.18000, 24.
9.19000, 30.
9.20000, 28.
9.21000, 24.
9.22000, 25.
9.23000, 27.
9.24000, 21.
9.25000, 29.
9.26000, 31.
9.27000, 24.
9.28000, 24.
9.29000, 31.
9.30000, 28.
9.31000, 20.
9.32000, 29.
9.33000, 28.
9.34000, 28.
9.35000, 20.
9.36000, 26.
9.37000, 23.
9.38000, 27.
9.39000, 30.
9.40000, 17.
9.41000, 22.
9.42000, 23.
9.43000, 28.
9.44000, 29.
9.45000, 32.
9.46000, 36.
9.47000, 34.
9.48000, 36.
9.49000, 40.
9.50000, 31.
9.51000, 41.
9.52000, 32.
9.53000, 37.
9.54000, 35.
9.55000, 38.
9.56000, 35.
9.57000, 30.
9.58000, 45.
9.59000, 40.
9.60000, 27.
9.61000, 39.
9.62000, 42.
9.63000, 37.
9.64000, 34.
9.65000, 43.
9.66000, 28.
9.67000, 29.
9.68000, 27.
9.69000, 27.
9.70000, 26.
9.71000, 16.
9.72000, 34.
9.73000, 31.
9.74000, 25.
9.75000, 18.
9.76000, 21.
9.77000, 27.
9.78000, 23.
9.79000, 22.
9.80000, 21.
9.81000, 29.
9.82000, 28.
9.83000, 22.
9.84000, 33.
9.85000, 25.
9.86000, 18.
9.87000, 32.
9.88000, 31.
9.89000, 22.
9.90000, 23.
9.91000, 25.
9.92000, 31.
9.93000, 17.
9.94000, 22.
9.95000, 22.
9.96000, 21.
9.97000, 32.
9.98000, 29.
9.99000, 34.
10.00000, 21.
10.01000, 19.
10.02000, 29.
10.03000, 18.
10.04000, 16.
10.05000, 36.
10.06000, 34.
10.07000, 27.
10.08000, 26.
10.09000, 28.
10.10000, 27.
10.11000, 30.
10.12000, 26.
10.13000, 28.
10.14000, 29.
10.15000, 25.
10.16000, 22.
10.17000, 26.
10.18000, 22.
10.19000, 26.
10.20000, 26.
10.21000, 24.
10.22000, 23.
10.23000, 24.
10.24000, 25.
10.25000, 25.
10.26000, 21.
10.27000, 37.
10.28000, 29.
10.29000, 24.
10.30000, 22.
10.31000, 18.
10.32000, 30.
10.33000, 23.
10.34000, 31.
10.35000, 20.
10.36000, 27.
10.37000, 30.
10.38000, 26.
10.39000, 29.
10.40000, 20.
10.41000, 20.
10.42000, 34.
10.43000, 32.
10.44000, 22.
10.45000, 33.
10.46000, 22.
10.47000, 28.
10.48000, 32.
10.49000, 38.
10.50000, 41.
10.51000, 30.
10.52000, 31.
10.53000, 35.
10.54000, 31.
10.55000, 40.
10.56000, 34.
10.57000, 34.
10.58000, 31.
10.59000, 49.
10.60000, 34.
10.61000, 33.
10.62000, 29.
10.63000, 34.
10.64000, 25.
10.65000, 26.
10.66000, 25.
10.67000, 25.
10.68000, 28.
10.69000, 26.
10.70000, 31.
10.71000, 22.
10.72000, 30.
10.73000, 31.
10.74000, 21.
10.75000, 21.
10.76000, 24.
10.77000, 31.
10.78000, 35.
10.79000, 32.
10.80000, 27.
10.81000, 32.
10.82000, 35.
10.83000, 23.
10.84000, 27.
10.85000, 36.
10.86000, 28.
10.87000, 34.
10.88000, 37.
10.89000, 41.
10.90000, 38.
10.91000, 31.
10.92000, 28.
10.93000, 41.
10.94000, 33.
10.95000, 42.
10.96000, 28.
10.97000, 33.
10.98000, 26.
10.99000, 37.
11.00000, 34.
11.01000, 28.
11.02000, 23.
11.03000, 28.
11.04000, 41.
11.05000, 35.
11.06000, 21.
11.07000, 23.
11.08000, 24.
11.09000, 32.
11.10000, 22.
11.11000, 24.
11.12000, 28.
11.13000, 34.
11.14000, 32.
11.15000, 43.
11.16000, 29.
11.17000, 22.
11.18000, 32.
11.19000, 36.
11.20000, 35.
11.21000, 27.
11.22000, 32.
11.23000, 44.
11.24000, 33.
11.25000, 30.
11.26000, 30.
11.27000, 36.
11.28000, 34.
11.29000, 31.
11.30000, 25.
11.31000, 35.
11.32000, 35.
11.33000, 37.
11.34000, 23.
11.35000, 27.
11.36000, 34.
11.37000, 24.
11.38000, 49.
11.39000, 21.
11.40000, 38.
11.41000, 29.
11.42000, 34.
11.43000, 28.
11.44000, 30.
11.45000, 39.
11.46000, 25.
11.47000, 26.
11.48000, 36.
11.49000, 42.
11.50000, 31.
11.51000, 30.
11.52000, 30.
11.53000, 30.
11.54000, 31.
11.55000, 37.
11.56000, 36.
11.57000, 28.
11.58000, 28.
11.59000, 52.
11.60000, 26.
11.61000, 30.
11.62000, 34.
11.63000, 27.
11.64000, 34.
11.65000, 33.
11.66000, 44.
11.67000, 20.
11.68000, 34.
11.69000, 33.
11.70000, 27.
11.71000, 33.
11.72000, 34.
11.73000, 28.
11.74000, 25.
11.75000, 32.
11.76000, 25.
11.77000, 30.
11.78000, 28.
11.79000, 33.
11.80000, 28.
11.81000, 29.
11.82000, 31.
11.83000, 20.
11.84000, 36.
11.85000, 21.
11.86000, 24.
11.87000, 29.
11.88000, 23.
11.89000, 33.
11.90000, 31.
11.91000, 31.
11.92000, 40.
11.93000, 26.
11.94000, 28.
11.95000, 33.
11.96000, 33.
11.97000, 28.
11.98000, 36.
11.99000, 40.
12.00000, 25.
12.01000, 31.
12.02000, 29.
12.03000, 22.
12.04000, 33.
12.05000, 31.
12.06000, 37.
12.07000, 23.
12.08000, 28.
12.09000, 28.
12.10000, 24.
12.11000, 28.
12.12000, 29.
12.13000, 31.
12.14000, 18.
12.15000, 32.
12.16000, 20.
12.17000, 32.
12.18000, 32.
12.19000, 26.
12.20000, 30.
12.21000, 27.
12.22000, 39.
12.23000, 30.
12.24000, 30.
12.25000, 19.
12.26000, 32.
12.27000, 27.
12.28000, 28.
12.29000, 41.
12.30000, 33.
12.31000, 31.
12.32000, 37.
12.33000, 31.
12.34000, 38.
12.35000, 24.
12.36000, 27.
12.37000, 24.
12.38000, 34.
12.39000, 38.
12.40000, 26.
12.41000, 32.
12.42000, 38.
12.43000, 29.
12.44000, 22.
12.45000, 27.
12.46000, 31.
12.47000, 38.
12.48000, 30.
12.49000, 26.
12.50000, 24.
12.51000, 34.
12.52000, 33.
12.53000, 38.
12.54000, 31.
12.55000, 41.
12.56000, 25.
12.57000, 41.
12.58000, 44.
12.59000, 42.
12.60000, 50.
12.61000, 56.
12.62000, 52.
12.63000, 51.
12.64000, 56.
12.65000, 72.
12.66000, 82.
12.67000, 73.
12.68000, 90.
12.69000, 97.
12.70000, 109.
12.71000, 109.
12.72000, 165.
12.73000, 174.
12.74000, 153.
12.75000, 182.
12.76000, 188.
12.77000, 205.
12.78000, 188.
12.79000, 191.
12.80000, 206.
12.81000, 206.
12.82000, 209.
12.83000, 188.
12.84000, 180.
12.85000, 178.
12.86000, 157.
12.87000, 136.
12.88000, 126.
12.89000, 134.
12.90000, 119.
12.91000, 114.
12.92000, 128.
12.93000, 106.
12.94000, 80.
12.95000, 90.
12.96000, 71.
12.97000, 79.
12.98000, 71.
12.99000, 76.
13.00000, 51.
13.01000, 48.
13.02000, 61.
13.03000, 50.
13.04000, 37.
13.05000, 33.
13.06000, 41.
13.07000, 34.
13.08000, 38.
13.09000, 33.
13.10000, 23.
13.11000, 33.
13.12000, 37.
13.13000, 28.
13.14000, 40.
13.15000, 34.
13.16000, 32.
13.17000, 25.
13.18000, 27.
13.19000, 25.
13.20000, 34.
13.21000, 26.
13.22000, 23.
13.23000, 27.
13.24000, 32.
13.25000, 29.
13.26000, 24.
13.27000, 43.
13.28000, 37.
13.29000, 32.
13.30000, 51.
13.31000, 47.
13.32000, 49.
13.33000, 41.
13.34000, 70.
13.35000, 57.
13.36000, 62.
13.37000, 55.
13.38000, 71.
13.39000, 88.
13.40000, 71.
13.41000, 70.
13.42000, 77.
13.43000, 77.
13.44000, 82.
13.45000, 69.
13.46000, 76.
13.47000, 67.
13.48000, 75.
13.49000, 77.
13.50000, 74.
13.51000, 69.
13.52000, 55.
13.53000, 60.
13.54000, 48.
13.55000, 55.
13.56000, 59.
13.57000, 28.
13.58000, 48.
13.59000, 40.
13.60000, 42.
13.61000, 47.
13.62000, 26.
13.63000, 36.
13.64000, 26.
13.65000, 29.
13.66000, 37.
13.67000, 23.
13.68000, 30.
13.69000, 27.
13.70000, 29.
13.71000, 27.
13.72000, 23.
13.73000, 40.
13.74000, 31.
13.75000, 25.
13.76000, 28.
13.77000, 28.
13.78000, 31.
13.79000, 32.
13.80000, 23.
13.81000, 30.
13.82000, 33.
13.83000, 33.
13.84000, 28.
13.85000, 39.
13.86000, 32.
13.87000, 28.
13.88000, 31.
13.89000, 39.
13.90000, 28.
13.91000, 42.
13.92000, 63.
13.93000, 59.
13.94000, 78.
13.95000, 88.
13.96000, 77.
13.97000, 90.
13.98000, 92.
13.99000, 116.
14.00000, 116.
14.01000, 136.
14.02000, 160.
14.03000, 168.
14.04000, 177.
14.05000, 220.
14.06000, 210.
14.07000, 244.
14.08000, 258.
14.09000, 311.
14.10000, 274.
14.11000, 302.
14.12000, 275.
14.13000, 280.
14.14000, 297.
14.15000, 260.
14.16000, 253.
14.17000, 289.
14.18000, 242.
14.19000, 222.
14.20000, 195.
14.21000, 193.
14.22000, 175.
14.23000, 157.
14.24000, 161.
14.25000, 114.
14.26000, 113.
14.27000, 98.
14.28000, 89.
14.29000, 62.
14.30000, 75.
14.31000, 58.
14.32000, 54.
14.33000, 41.
14.34000, 41.
14.35000, 41.
14.36000, 28.
14.37000, 30.
14.38000, 31.
14.39000, 29.
14.40000, 25.
14.41000, 32.
14.42000, 32.
14.43000, 30.
14.44000, 31.
14.45000, 24.
14.46000, 23.
14.47000, 33.
14.48000, 29.
14.49000, 29.
14.50000, 23.
14.51000, 23.
14.52000, 28.
14.53000, 23.
14.54000, 36.
14.55000, 27.
14.56000, 32.
14.57000, 22.
14.58000, 21.
14.59000, 19.
14.60000, 15.
14.61000, 18.
14.62000, 15.
14.63000, 24.
14.64000, 31.
14.65000, 26.
14.66000, 22.
14.67000, 29.
14.68000, 20.
14.69000, 30.
14.70000, 28.
14.71000, 31.
14.72000, 26.
14.73000, 37.
14.74000, 39.
14.75000, 50.
14.76000, 45.
14.77000, 41.
14.78000, 47.
14.79000, 56.
14.80000, 61.
14.81000, 41.
14.82000, 51.
14.83000, 63.
14.84000, 94.
14.85000, 60.
14.86000, 61.
14.87000, 83.
14.88000, 77.
14.89000, 76.
14.90000, 55.
14.91000, 96.
14.92000, 87.
14.93000, 86.
14.94000, 100.
14.95000, 68.
14.96000, 71.
14.97000, 77.
14.98000, 64.
14.99000, 67.
15.00000, 79.
15.01000, 52.
15.02000, 71.
15.03000, 59.
15.04000, 35.
15.05000, 49.
15.06000, 47.
15.07000, 50.
15.08000, 37.
15.09000, 35.
15.10000, 30.
15.11000, 31.
15.12000, 39.
15.13000, 37.
15.14000, 29.
15.15000, 33.
15.16000, 16.
15.17000, 27.
15.18000, 27.
15.19000, 32.
15.20000, 25.
15.21000, 25.
15.22000, 28.
15.23000, 28.
15.24000, 28.
15.25000, 25.
15.26000, 27.
15.27000, 25.
15.28000, 20.
15.29000, 30.
15.30000, 22.
15.31000, 20.
15.32000, 35.
15.33000, 19.
15.34000, 39.
15.35000, 24.
15.36000, 29.
15.37000, 25.
15.38000, 38.
15.39000, 32.
15.40000, 25.
15.41000, 22.
15.42000, 24.
15.43000, 30.
15.44000, 28.
15.45000, 34.
15.46000, 33.
15.47000, 20.
15.48000, 35.
15.49000, 29.
15.50000, 31.
15.51000, 31.
15.52000, 44.
15.53000, 35.
15.54000, 42.
15.55000, 39.
15.56000, 38.
15.57000, 51.
15.58000, 57.
15.59000, 77.
15.60000, 43.
15.61000, 64.
15.62000, 80.
15.63000, 67.
15.64000, 79.
15.65000, 86.
15.66000, 100.
15.67000, 85.
15.68000, 105.
15.69000, 90.
15.70000, 86.
15.71000, 107.
15.72000, 99.
15.73000, 108.
15.74000, 108.
15.75000, 126.
15.76000, 122.
15.77000, 130.
15.78000, 96.
15.79000, 130.
15.80000, 120.
15.81000, 101.
15.82000, 104.
15.83000, 97.
15.84000, 86.
15.85000, 77.
15.86000, 85.
15.87000, 65.
15.88000, 61.
15.89000, 71.
15.90000, 49.
15.91000, 55.
15.92000, 46.
15.93000, 54.
15.94000, 59.
15.95000, 38.
15.96000, 48.
15.97000, 32.
15.98000, 32.
15.99000, 40.
16.00000, 33.
16.01000, 42.
16.02000, 27.
16.03000, 30.
16.04000, 41.
16.05000, 41.
16.06000, 32.
16.07000, 41.
16.08000, 49.
16.09000, 36.
16.10000, 41.
16.11000, 47.
16.12000, 41.
16.13000, 55.
16.14000, 43.
16.15000, 42.
16.16000, 46.
16.17000, 43.
16.18000, 31.
16.19000, 39.
16.20000, 48.
16.21000, 36.
16.22000, 42.
16.23000, 47.
16.24000, 44.
16.25000, 50.
16.26000, 35.
16.27000, 41.
16.28000, 36.
16.29000, 40.
16.30000, 40.
16.31000, 43.
16.32000, 49.
16.33000, 52.
16.34000, 48.
16.35000, 66.
16.36000, 56.
16.37000, 84.
16.38000, 84.
16.39000, 80.
16.40000, 90.
16.41000, 117.
16.42000, 115.
16.43000, 123.
16.44000, 125.
16.45000, 158.
16.46000, 167.
16.47000, 152.
16.48000, 196.
16.49000, 199.
16.50000, 213.
16.51000, 204.
16.52000, 232.
16.53000, 207.
16.54000, 218.
16.55000, 225.
16.56000, 268.
16.57000, 238.
16.58000, 253.
16.59000, 253.
16.60000, 219.
16.61000, 234.
16.62000, 205.
16.63000, 211.
16.64000, 192.
16.65000, 192.
16.66000, 167.
16.67000, 148.
16.68000, 154.
16.69000, 141.
16.70000, 126.
16.71000, 108.
16.72000, 95.
16.73000, 81.
16.74000, 64.
16.75000, 66.
16.76000, 66.
16.77000, 44.
16.78000, 55.
16.79000, 46.
16.80000, 42.
16.81000, 42.
16.82000, 38.
16.83000, 43.
16.84000, 34.
16.85000, 41.
16.86000, 35.
16.87000, 29.
16.88000, 27.
16.89000, 35.
16.90000, 33.
16.91000, 25.
16.92000, 25.
16.93000, 34.
16.94000, 30.
16.95000, 22.
16.96000, 28.
16.97000, 21.
16.98000, 24.
16.99000, 37.
17.00000, 18.
17.01000, 30.
17.02000, 30.
17.03000, 26.
17.04000, 18.
17.05000, 30.
17.06000, 25.
17.07000, 32.
17.08000, 28.
17.09000, 29.
17.10000, 17.
17.11000, 24.
17.12000, 27.
17.13000, 26.
17.14000, 28.
17.15000, 29.
17.16000, 29.
17.17000, 34.
17.18000, 35.
17.19000, 28.
17.20000, 31.
17.21000, 26.
17.22000, 26.
17.23000, 32.
17.24000, 22.
17.25000, 24.
17.26000, 24.
17.27000, 30.
17.28000, 36.
17.29000, 32.
17.30000, 35.
17.31000, 30.
17.32000, 28.
17.33000, 32.
17.34000, 21.
17.35000, 42.
17.36000, 37.
17.37000, 33.
17.38000, 42.
17.39000, 31.
17.40000, 31.
17.41000, 34.
17.42000, 29.
17.43000, 31.
17.44000, 35.
17.45000, 32.
17.46000, 32.
17.47000, 38.
17.48000, 32.
17.49000, 31.
17.50000, 34.
17.51000, 41.
17.52000, 37.
17.53000, 45.
17.54000, 40.
17.55000, 32.
17.56000, 44.
17.57000, 37.
17.58000, 34.
17.59000, 28.
17.60000, 44.
17.61000, 46.
17.62000, 34.
17.63000, 55.
17.64000, 43.
17.65000, 36.
17.66000, 36.
17.67000, 51.
17.68000, 44.
17.69000, 34.
17.70000, 32.
17.71000, 27.
17.72000, 24.
17.73000, 29.
17.74000, 26.
17.75000, 42.
17.76000, 43.
17.77000, 37.
17.78000, 31.
17.79000, 35.
17.80000, 36.
17.81000, 40.
17.82000, 31.
17.83000, 35.
17.84000, 28.
17.85000, 30.
17.86000, 37.
17.87000, 25.
17.88000, 26.
17.89000, 29.
17.90000, 37.
17.91000, 36.
17.92000, 24.
17.93000, 25.
17.94000, 35.
17.95000, 26.
17.96000, 38.
17.97000, 35.
17.98000, 42.
17.99000, 30.
18.00000, 26.
18.01000, 29.
18.02000, 41.
18.03000, 31.
18.04000, 48.
18.05000, 33.
18.06000, 26.
18.07000, 35.
18.08000, 33.
18.09000, 32.
18.10000, 30.
18.11000, 24.
18.12000, 45.
18.13000, 33.
18.14000, 34.
18.15000, 39.
18.16000, 40.
18.17000, 38.
18.18000, 39.
18.19000, 34.
18.20000, 33.
18.21000, 51.
18.22000, 45.
18.23000, 50.
18.24000, 44.
18.25000, 38.
18.26000, 39.
18.27000, 45.
18.28000, 40.
18.29000, 47.
18.30000, 53.
18.31000, 46.
18.32000, 41.
18.33000, 48.
18.34000, 50.
18.35000, 44.
18.36000, 56.
18.37000, 42.
18.38000, 54.
18.39000, 53.
18.40000, 56.
18.41000, 56.
18.42000, 65.
18.43000, 70.
18.44000, 70.
18.45000, 73.
18.46000, 85.
18.47000, 92.
18.48000, 76.
18.49000, 79.
18.50000, 91.
18.51000, 103.
18.52000, 110.
18.53000, 100.
18.54000, 94.
18.55000, 116.
18.56000, 104.
18.57000, 120.
18.58000, 113.
18.59000, 114.
18.60000, 153.
18.61000, 112.
18.62000, 144.
18.63000, 134.
18.64000, 123.
18.65000, 130.
18.66000, 135.
18.67000, 127.
18.68000, 133.
18.69000, 128.
18.70000, 131.
18.71000, 127.
18.72000, 134.
18.73000, 118.
18.74000, 120.
18.75000, 119.
18.76000, 123.
18.77000, 137.
18.78000, 108.
18.79000, 109.
18.80000, 129.
18.81000, 121.
18.82000, 121.
18.83000, 121.
18.84000, 125.
18.85000, 132.
18.86000, 123.
18.87000, 112.
18.88000, 134.
18.89000, 116.
18.90000, 129.
18.91000, 126.
18.92000, 132.
18.93000, 119.
18.94000, 128.
18.95000, 110.
18.96000, 117.
18.97000, 97.
18.98000, 113.
18.99000, 126.
19.00000, 105.
19.01000, 90.
19.02000, 122.
19.03000, 93.
19.04000, 110.
19.05000, 105.
19.06000, 86.
19.07000, 98.
19.08000, 79.
19.09000, 94.
19.10000, 85.
19.11000, 66.
19.12000, 77.
19.13000, 81.
19.14000, 79.
19.15000, 70.
19.16000, 70.
19.17000, 83.
19.18000, 72.
19.19000, 61.
19.20000, 73.
19.21000, 63.
19.22000, 63.
19.23000, 45.
19.24000, 58.
19.25000, 45.
19.26000, 65.
19.27000, 55.
19.28000, 51.
19.29000, 62.
19.30000, 44.
19.31000, 47.
19.32000, 51.
19.33000, 41.
19.34000, 44.
19.35000, 45.
19.36000, 45.
19.37000, 48.
19.38000, 38.
19.39000, 37.
19.40000, 35.
19.41000, 40.
19.42000, 42.
19.43000, 36.
19.44000, 49.
19.45000, 39.
19.46000, 33.
19.47000, 38.
19.48000, 44.
19.49000, 33.
19.50000, 38.
19.51000, 38.
19.52000, 35.
19.53000, 33.
19.54000, 28.
19.55000, 27.
19.56000, 34.
19.57000, 26.
19.58000, 31.
19.59000, 35.
19.60000, 27.
19.61000, 25.
19.62000, 32.
19.63000, 35.
19.64000, 26.
19.65000, 30.
19.66000, 27.
19.67000, 26.
19.68000, 22.
19.69000, 35.
19.70000, 25.
19.71000, 23.
19.72000, 28.
19.73000, 22.
19.74000, 28.
19.75000, 31.
19.76000, 34.
19.77000, 26.
19.78000, 28.
19.79000, 33.
19.80000, 26.
19.81000, 34.
19.82000, 41.
19.83000, 34.
19.84000, 25.
19.85000, 35.
19.86000, 38.
19.87000, 31.
19.88000, 36.
19.89000, 36.
19.90000, 58.
19.91000, 32.
19.92000, 66.
19.93000, 60.
19.94000, 70.
19.95000, 60.
19.96000, 75.
19.97000, 86.
19.98000, 97.
19.99000, 100.
20.00000, 100.
20.01000, 108.
20.02000, 109.
20.03000, 108.
20.04000, 127.
20.05000, 139.
20.06000, 151.
20.07000, 145.
20.08000, 160.
20.09000, 168.
20.10000, 170.
20.11000, 152.
20.12000, 172.
20.13000, 172.
20.14000, 155.
20.15000, 166.
20.16000, 168.
20.17000, 167.
20.18000, 152.
20.19000, 171.
20.20000, 151.
20.21000, 127.
20.22000, 151.
20.23000, 135.
20.24000, 113.
20.25000, 106.
20.26000, 124.
20.27000, 105.
20.28000, 95.
20.29000, 87.
20.30000, 68.
20.31000, 92.
20.32000, 72.
20.33000, 66.
20.34000, 53.
20.35000, 39.
20.36000, 40.
20.37000, 45.
20.38000, 37.
20.39000, 38.
20.40000, 26.
20.41000, 27.
20.42000, 32.
20.43000, 27.
20.44000, 31.
20.45000, 21.
20.46000, 24.
20.47000, 15.
20.48000, 19.
20.49000, 39.
20.50000, 38.
20.51000, 28.
20.52000, 38.
20.53000, 30.
20.54000, 24.
20.55000, 28.
20.56000, 31.
20.57000, 26.
20.58000, 24.
20.59000, 30.
20.60000, 30.
20.61000, 24.
20.62000, 33.
20.63000, 28.
20.64000, 20.
20.65000, 22.
20.66000, 26.
20.67000, 28.
20.68000, 38.
20.69000, 22.
20.70000, 26.
20.71000, 25.
20.72000, 32.
20.73000, 23.
20.74000, 21.
20.75000, 29.
20.76000, 22.
20.77000, 25.
20.78000, 22.
20.79000, 30.
20.80000, 16.
20.81000, 14.
20.82000, 33.
20.83000, 32.
20.84000, 30.
20.85000, 30.
20.86000, 45.
20.87000, 31.
20.88000, 36.
20.89000, 22.
20.90000, 33.
20.91000, 29.
20.92000, 25.
20.93000, 35.
20.94000, 42.
20.95000, 36.
20.96000, 35.
20.97000, 31.
20.98000, 49.
20.99000, 39.
21.00000, 26.
21.01000, 37.
21.02000, 34.
21.03000, 41.
21.04000, 32.
21.05000, 37.
21.06000, 31.
21.07000, 26.
21.08000, 31.
21.09000, 27.
21.10000, 34.
21.11000, 31.
21.12000, 36.
21.13000, 35.
21.14000, 35.
21.15000, 28.
21.16000, 30.
21.17000, 26.
21.18000, 27.
21.19000, 41.
21.20000, 38.
21.21000, 28.
21.22000, 28.
21.23000, 31.
21.24000, 34.
21.25000, 33.
21.26000, 30.
21.27000, 38.
21.28000, 34.
21.29000, 33.
21.30000, 26.
21.31000, 30.
21.32000, 25.
21.33000, 31.
21.34000, 28.
21.35000, 22.
21.36000, 31.
21.37000, 17.
21.38000, 27.
21.39000, 23.
21.40000, 26.
21.41000, 26.
21.42000, 27.
21.43000, 23.
21.44000, 19.
21.45000, 19.
21.46000, 17.
21.47000, 18.
21.48000, 23.
21.49000, 15.
21.50000, 18.
21.51000, 29.
21.52000, 27.
21.53000, 23.
21.54000, 20.
21.55000, 16.
21.56000, 17.
21.57000, 13.
21.58000, 18.
21.59000, 21.
21.60000, 20.
21.61000, 23.
21.62000, 24.
21.63000, 17.
21.64000, 26.
21.65000, 20.
21.66000, 21.
21.67000, 15.
21.68000, 17.
21.69000, 16.
21.70000, 17.
21.71000, 24.
21.72000, 13.
21.73000, 18.
21.74000, 23.
21.75000, 12.
21.76000, 13.
21.77000, 25.
21.78000, 18.
21.79000, 7.
21.80000, 16.
21.81000, 16.
21.82000, 15.
21.83000, 15.
21.84000, 12.
21.85000, 9.
21.86000, 19.
21.87000, 13.
21.88000, 17.
21.89000, 15.
21.90000, 14.
21.91000, 20.
21.92000, 12.
21.93000, 17.
21.94000, 15.
21.95000, 12.
21.96000, 15.
21.97000, 16.
21.98000, 12.
21.99000, 24.
22.00000, 15.
22.01000, 17.
22.02000, 17.
22.03000, 14.
22.04000, 10.
22.05000, 14.
22.06000, 15.
22.07000, 15.
22.08000, 15.
22.09000, 12.
22.10000, 13.
22.11000, 17.
22.12000, 15.
22.13000, 16.
22.14000, 8.
22.15000, 10.
22.16000, 15.
22.17000, 22.
22.18000, 12.
22.19000, 14.
22.20000, 12.
22.21000, 14.
22.22000, 20.
22.23000, 12.
22.24000, 17.
22.25000, 14.
22.26000, 15.
22.27000, 13.
22.28000, 25.
22.29000, 17.
22.30000, 12.
22.31000, 9.
22.32000, 17.
22.33000, 13.
22.34000, 12.
22.35000, 15.
22.36000, 15.
22.37000, 11.
22.38000, 14.
22.39000, 13.
22.40000, 17.
22.41000, 20.
22.42000, 18.
22.43000, 14.
22.44000, 20.
22.45000, 5.
22.46000, 12.
22.47000, 14.
22.48000, 24.
22.49000, 22.
22.50000, 16.
22.51000, 22.
22.52000, 28.
22.53000, 17.
22.54000, 21.
22.55000, 24.
22.56000, 23.
22.57000, 21.
22.58000, 24.
22.59000, 34.
22.60000, 22.
22.61000, 27.
22.62000, 31.
22.63000, 38.
22.64000, 38.
22.65000, 33.
22.66000, 33.
22.67000, 36.
22.68000, 29.
22.69000, 40.
22.70000, 38.
22.71000, 38.
22.72000, 37.
22.73000, 41.
22.74000, 35.
22.75000, 33.
22.76000, 36.
22.77000, 26.
22.78000, 23.
22.79000, 26.
22.80000, 22.
22.81000, 22.
22.82000, 25.
22.83000, 21.
22.84000, 24.
22.85000, 18.
22.86000, 21.
22.87000, 12.
22.88000, 25.
22.89000, 23.
22.90000, 19.
22.91000, 13.
22.92000, 11.
22.93000, 14.
22.94000, 17.
22.95000, 20.
22.96000, 16.
22.97000, 15.
22.98000, 15.
22.99000, 11.
23.00000, 19.
23.01000, 16.
23.02000, 20.
23.03000, 17.
23.04000, 22.
23.05000, 19.
23.06000, 15.
23.07000, 24.
23.08000, 19.
23.09000, 15.
23.10000, 10.
23.11000, 16.
23.12000, 13.
23.13000, 10.
23.14000, 22.
23.15000, 8.
23.16000, 14.
23.17000, 24.
23.18000, 16.
23.19000, 13.
23.20000, 11.
23.21000, 9.
23.22000, 7.
23.23000, 14.
23.24000, 12.
23.25000, 15.
23.26000, 9.
23.27000, 14.
23.28000, 11.
23.29000, 11.
23.30000, 10.
23.31000, 12.
23.32000, 13.
23.33000, 9.
23.34000, 11.
23.35000, 9.
23.36000, 16.
23.37000, 16.
23.38000, 3.
23.39000, 5.
23.40000, 6.
23.41000, 6.
23.42000, 19.
23.43000, 8.
23.44000, 7.
23.45000, 11.
23.46000, 13.
23.47000, 9.
23.48000, 13.
23.49000, 9.
23.50000, 9.
23.51000, 14.
23.52000, 10.
23.53000, 8.
23.54000, 8.
23.55000, 9.
23.56000, 8.
23.57000, 7.
23.58000, 9.
23.59000, 12.
23.60000, 10.
23.61000, 12.
23.62000, 10.
23.63000, 8.
23.64000, 16.
23.65000, 18.
23.66000, 7.
23.67000, 4.
23.68000, 10.
23.69000, 11.
23.70000, 17.
23.71000, 10.
23.72000, 9.
23.73000, 12.
23.74000, 9.
23.75000, 15.
23.76000, 14.
23.77000, 15.
23.78000, 12.
23.79000, 7.
23.80000, 11.
23.81000, 11.
23.82000, 14.
23.83000, 14.
23.84000, 17.
23.85000, 9.
23.86000, 10.
23.87000, 15.
23.88000, 13.
23.89000, 9.
23.90000, 7.
23.91000, 10.
23.92000, 13.
23.93000, 10.
23.94000, 7.
23.95000, 12.
23.96000, 12.
23.97000, 16.
23.98000, 9.
23.99000, 10.
24.00000, 12.
24.01000, 4.
24.02000, 9.
24.03000, 6.
24.04000, 10.
24.05000, 7.
24.06000, 3.
24.07000, 11.
24.08000, 4.
24.09000, 15.
24.10000, 6.
24.11000, 12.
24.12000, 7.
24.13000, 11.
24.14000, 17.
24.15000, 5.
24.16000, 7.
24.17000, 10.
24.18000, 16.
24.19000, 16.
24.20000, 5.
24.21000, 14.
24.22000, 8.
24.23000, 8.
24.24000, 14.
24.25000, 7.
24.26000, 10.
24.27000, 13.
24.28000, 18.
24.29000, 5.
24.30000, 12.
24.31000, 14.
24.32000, 8.
24.33000, 9.
24.34000, 11.
24.35000, 13.
24.36000, 13.
24.37000, 9.
24.38000, 19.
24.39000, 13.
24.40000, 6.
24.41000, 10.
24.42000, 18.
24.43000, 9.
24.44000, 9.
24.45000, 8.
24.46000, 7.
24.47000, 10.
24.48000, 17.
24.49000, 15.
24.50000, 8.
24.51000, 9.
24.52000, 12.
24.53000, 13.
24.54000, 13.
24.55000, 15.
24.56000, 12.
24.57000, 5.
24.58000, 6.
24.59000, 8.
24.60000, 17.
24.61000, 13.
24.62000, 14.
24.63000, 11.
24.64000, 7.
24.65000, 8.
24.66000, 9.
24.67000, 10.
24.68000, 17.
24.69000, 10.
24.70000, 9.
24.71000, 10.
24.72000, 12.
24.73000, 7.
24.74000, 6.
24.75000, 11.
24.76000, 14.
24.77000, 10.
24.78000, 10.
24.79000, 12.
24.80000, 7.
24.81000, 11.
24.82000, 8.
24.83000, 9.
24.84000, 9.
24.85000, 13.
24.86000, 12.
24.87000, 8.
24.88000, 6.
24.89000, 7.
24.90000, 7.
24.91000, 10.
24.92000, 13.
24.93000, 9.
24.94000, 13.
24.95000, 11.
24.96000, 12.
24.97000, 12.
24.98000, 9.
24.99000, 10.
25.00000, 12.
25.01000, 11.
25.02000, 13.
25.03000, 13.
25.04000, 12.
25.05000, 18.
25.06000, 7.
25.07000, 15.
25.08000, 18.
25.09000, 19.
25.10000, 9.
25.11000, 13.
25.12000, 13.
25.13000, 13.
25.14000, 12.
25.15000, 20.
25.16000, 15.
25.17000, 15.
25.18000, 22.
25.19000, 9.
25.20000, 14.
25.21000, 12.
25.22000, 11.
25.23000, 16.
25.24000, 15.
25.25000, 21.
25.26000, 15.
25.27000, 7.
25.28000, 15.
25.29000, 12.
25.30000, 7.
25.31000, 10.
25.32000, 15.
25.33000, 10.
25.34000, 9.
25.35000, 13.
25.36000, 8.
25.37000, 9.
25.38000, 10.
25.39000, 15.
25.40000, 3.
25.41000, 5.
25.42000, 9.
25.43000, 9.
25.44000, 11.
25.45000, 10.
25.46000, 11.
25.47000, 10.
25.48000, 4.
25.49000, 9.
25.50000, 11.
25.51000, 7.
25.52000, 18.
25.53000, 11.
25.54000, 15.
25.55000, 13.
25.56000, 11.
25.57000, 7.
25.58000, 6.
25.59000, 6.
25.60000, 7.
25.61000, 11.
25.62000, 12.
25.63000, 9.
25.64000, 8.
25.65000, 8.
25.66000, 5.
25.67000, 14.
25.68000, 9.
25.69000, 6.
25.70000, 8.
25.71000, 7.
25.72000, 5.
25.73000, 10.
25.74000, 13.
25.75000, 9.
25.76000, 15.
25.77000, 8.
25.78000, 12.
25.79000, 11.
25.80000, 5.
25.81000, 8.
25.82000, 12.
25.83000, 11.
25.84000, 6.
25.85000, 12.
25.86000, 2.
25.87000, 9.
25.88000, 12.
25.89000, 9.
25.90000, 15.
25.91000, 15.
25.92000, 12.
25.93000, 8.
25.94000, 8.
25.95000, 12.
25.96000, 13.
25.97000, 16.
25.98000, 10.
25.99000, 13.
26.00000, 5.
26.01000, 10.
26.02000, 7.
26.03000, 12.
26.04000, 10.
26.05000, 11.
26.06000, 8.
26.07000, 15.
26.08000, 12.
26.09000, 9.
26.10000, 7.
26.11000, 15.
26.12000, 7.
26.13000, 6.
26.14000, 8.
26.15000, 6.
26.16000, 9.
26.17000, 10.
26.18000, 8.
26.19000, 7.
26.20000, 9.
26.21000, 6.
26.22000, 12.
26.23000, 7.
26.24000, 7.
26.25000, 9.
26.26000, 9.
26.27000, 12.
26.28000, 8.
26.29000, 7.
26.30000, 9.
26.31000, 11.
26.32000, 8.
26.33000, 10.
26.34000, 9.
26.35000, 14.
26.36000, 11.
26.37000, 12.
26.38000, 12.
26.39000, 5.
26.40000, 6.
26.41000, 10.
26.42000, 8.
26.43000, 9.
26.44000, 12.
26.45000, 9.
26.46000, 13.
26.47000, 14.
26.48000, 9.
26.49000, 6.
26.50000, 15.
26.51000, 13.
26.52000, 7.
26.53000, 6.
26.54000, 13.
26.55000, 8.
26.56000, 14.
26.57000, 7.
26.58000, 10.
26.59000, 5.
26.60000, 7.
26.61000, 12.
26.62000, 8.
26.63000, 7.
26.64000, 3.
26.65000, 9.
26.66000, 16.
26.67000, 6.
26.68000, 15.
26.69000, 16.
26.70000, 8.
26.71000, 6.
26.72000, 8.
26.73000, 7.
26.74000, 9.
26.75000, 11.
26.76000, 9.
26.77000, 12.
26.78000, 9.
26.79000, 6.
26.80000, 7.
26.81000, 10.
26.82000, 9.
26.83000, 6.
26.84000, 11.
26.85000, 9.
26.86000, 8.
26.87000, 7.
26.88000, 7.
26.89000, 4.
26.90000, 15.
26.91000, 10.
26.92000, 6.
26.93000, 4.
26.94000, 9.
26.95000, 7.
26.96000, 9.
26.97000, 13.
26.98000, 3.
26.99000, 6.
27.00000, 7.
27.01000, 14.
27.02000, 8.
27.03000, 10.
27.04000, 4.
27.05000, 7.
27.06000, 8.
27.07000, 10.
27.08000, 13.
27.09000, 7.
27.10000, 5.
27.11000, 7.
27.12000, 8.
27.13000, 7.
27.14000, 6.
27.15000, 12.
27.16000, 11.
27.17000, 8.
27.18000, 8.
27.19000, 10.
27.20000, 4.
27.21000, 6.
27.22000, 8.
27.23000, 6.
27.24000, 15.
27.25000, 5.
27.26000, 8.
27.27000, 9.
27.28000, 10.
27.29000, 10.
27.30000, 8.
27.31000, 7.
27.32000, 17.
27.33000, 8.
27.34000, 8.
27.35000, 6.
27.36000, 7.
27.37000, 5.
27.38000, 7.
27.39000, 5.
27.40000, 13.
27.41000, 11.
27.42000, 11.
27.43000, 5.
27.44000, 8.
27.45000, 11.
27.46000, 6.
27.47000, 12.
27.48000, 8.
27.49000, 5.
27.50000, 1.
27.51000, 8.
27.52000, 5.
27.53000, 6.
27.54000, 10.
27.55000, 9.
27.56000, 12.
27.57000, 6.
27.58000, 11.
27.59000, 7.
27.60000, 7.
27.61000, 6.
27.62000, 5.
27.63000, 8.
27.64000, 5.
27.65000, 13.
27.66000, 7.
27.67000, 10.
27.68000, 8.
27.69000, 7.
27.70000, 5.
27.71000, 6.
27.72000, 7.
27.73000, 11.
27.74000, 7.
27.75000, 4.
27.76000, 10.
27.77000, 7.
27.78000, 7.
27.79000, 7.
27.80000, 9.
27.81000, 8.
27.82000, 6.
27.83000, 10.
27.84000, 11.
27.85000, 8.
27.86000, 6.
27.87000, 4.
27.88000, 8.
27.89000, 7.
27.90000, 6.
27.91000, 10.
27.92000, 8.
27.93000, 6.
27.94000, 10.
27.95000, 10.
27.96000, 7.
27.97000, 10.
27.98000, 12.
27.99000, 8.
28.00000, 7.
28.01000, 6.
28.02000, 5.
28.03000, 7.
28.04000, 12.
28.05000, 5.
28.06000, 5.
28.07000, 5.
28.08000, 3.
28.09000, 5.
28.10000, 9.
28.11000, 3.
28.12000, 3.
28.13000, 9.
28.14000, 9.
28.15000, 7.
28.16000, 5.
28.17000, 8.
28.18000, 4.
28.19000, 5.
28.20000, 12.
28.21000, 8.
28.22000, 8.
28.23000, 16.
28.24000, 9.
28.25000, 11.
28.26000, 7.
28.27000, 8.
28.28000, 5.
28.29000, 6.
28.30000, 6.
28.31000, 12.
28.32000, 3.
28.33000, 4.
28.34000, 9.
28.35000, 9.
28.36000, 13.
28.37000, 7.
28.38000, 8.
28.39000, 7.
28.40000, 10.
28.41000, 6.
28.42000, 9.
28.43000, 10.
28.44000, 4.
28.45000, 4.
28.46000, 6.
28.47000, 7.
28.48000, 6.
28.49000, 7.
28.50000, 6.
28.51000, 0.
28.52000, 7.
28.53000, 5.
28.54000, 9.
28.55000, 7.
28.56000, 11.
28.57000, 5.
28.58000, 9.
28.59000, 9.
28.60000, 10.
28.61000, 10.
28.62000, 6.
28.63000, 7.
28.64000, 4.
28.65000, 14.
28.66000, 11.
28.67000, 7.
28.68000, 8.
28.69000, 6.
28.70000, 10.
28.71000, 3.
28.72000, 4.
28.73000, 9.
28.74000, 4.
28.75000, 4.
28.76000, 10.
28.77000, 9.
28.78000, 5.
28.79000, 6.
28.80000, 5.
28.81000, 4.
28.82000, 9.
28.83000, 10.
28.84000, 7.
28.85000, 9.
28.86000, 3.
28.87000, 7.
28.88000, 6.
28.89000, 6.
28.90000, 7.
28.91000, 11.
28.92000, 5.
28.93000, 12.
28.94000, 9.
28.95000, 8.
28.96000, 4.
28.97000, 8.
28.98000, 13.
28.99000, 8.
29.00000, 5.
29.01000, 6.
29.02000, 2.
29.03000, 2.
29.04000, 12.
29.05000, 8.
29.06000, 3.
29.07000, 4.
29.08000, 6.
29.09000, 5.
29.10000, 6.
29.11000, 9.
29.12000, 3.
29.13000, 6.
29.14000, 7.
29.15000, 2.
29.16000, 5.
29.17000, 6.
29.18000, 3.
29.19000, 5.
29.20000, 5.
29.21000, 4.
29.22000, 11.
29.23000, 8.
29.24000, 4.
29.25000, 8.
29.26000, 11.
29.27000, 7.
29.28000, 5.
29.29000, 7.
29.30000, 5.
29.31000, 8.
29.32000, 10.
29.33000, 4.
29.34000, 3.
29.35000, 8.
29.36000, 7.
29.37000, 5.
29.38000, 7.
29.39000, 11.
29.40000, 2.
29.41000, 9.
29.42000, 9.
29.43000, 10.
29.44000, 5.
29.45000, 8.
29.46000, 7.
29.47000, 9.
29.48000, 7.
29.49000, 4.
29.50000, 5.
29.51000, 5.
29.52000, 7.
29.53000, 2.
29.54000, 10.
29.55000, 9.
29.56000, 6.
29.57000, 2.
29.58000, 8.
29.59000, 8.
29.60000, 4.
29.61000, 3.
29.62000, 1.
29.63000, 8.
29.64000, 2.
29.65000, 6.
29.66000, 3.
29.67000, 4.
29.68000, 9.
29.69000, 9.
29.70000, 8.
29.71000, 6.
29.72000, 7.
29.73000, 12.
29.74000, 8.
29.75000, 8.
29.76000, 8.
29.77000, 10.
29.78000, 0.
29.79000, 9.
29.80000, 10.
29.81000, 9.
29.82000, 9.
29.83000, 2.
29.84000, 2.
29.85000, 6.
29.86000, 8.
29.87000, 5.
29.88000, 6.
29.89000, 8.
29.90000, 11.
29.91000, 2.
29.92000, 5.
29.93000, 5.
29.94000, 4.
29.95000, 7.
29.96000, 5.
29.97000, 2.
29.98000, 5.
29.99000, 7.
30.00000, 6.
30.01000, 7.
30.02000, 3.
30.03000, 10.
30.04000, 2.
30.05000, 3.
30.06000, 7.
30.07000, 7.
30.08000, 7.
30.09000, 12.
30.10000, 8.
30.11000, 5.
30.12000, 4.
30.13000, 6.
30.14000, 5.
30.15000, 2.
30.16000, 5.
30.17000, 6.
30.18000, 5.
30.19000, 7.
30.20000, 9.
30.21000, 6.
30.22000, 8.
30.23000, 7.
30.24000, 7.
30.25000, 8.
30.26000, 4.
30.27000, 12.
30.28000, 6.
30.29000, 10.
30.30000, 4.
30.31000, 5.
30.32000, 7.
30.33000, 9.
30.34000, 7.
30.35000, 5.
30.36000, 8.
30.37000, 7.
30.38000, 4.
30.39000, 3.
30.40000, 6.
30.41000, 1.
30.42000, 11.
30.43000, 5.
30.44000, 9.
30.45000, 7.
30.46000, 7.
30.47000, 5.
30.48000, 5.
30.49000, 8.
30.50000, 7.
30.51000, 2.
30.52000, 10.
30.53000, 4.
30.54000, 4.
30.55000, 3.
30.56000, 4.
30.57000, 5.
30.58000, 6.
30.59000, 5.
30.60000, 5.
30.61000, 5.
30.62000, 8.
30.63000, 10.
30.64000, 8.
30.65000, 11.
30.66000, 8.
30.67000, 5.
30.68000, 5.
30.69000, 5.
30.70000, 4.
30.71000, 1.
30.72000, 5.
30.73000, 2.
30.74000, 6.
30.75000, 3.
30.76000, 3.
30.77000, 5.
30.78000, 7.
30.79000, 5.
30.80000, 2.
30.81000, 4.
30.82000, 3.
30.83000, 8.
30.84000, 10.
30.85000, 2.
30.86000, 4.
30.87000, 3.
30.88000, 7.
30.89000, 8.
30.90000, 3.
30.91000, 5.
30.92000, 4.
30.93000, 7.
30.94000, 8.
30.95000, 8.
30.96000, 8.
30.97000, 3.
30.98000, 4.
30.99000, 4.
31.00000, 1.
31.01000, 8.
31.02000, 5.
31.03000, 4.
31.04000, 5.
31.05000, 6.
31.06000, 5.
31.07000, 5.
31.08000, 2.
31.09000, 3.
31.10000, 5.
31.11000, 5.
31.12000, 6.
31.13000, 16.
31.14000, 2.
31.15000, 6.
31.16000, 3.
31.17000, 8.
31.18000, 6.
31.19000, 1.
31.20000, 6.
31.21000, 5.
31.22000, 7.
31.23000, 7.
31.24000, 6.
31.25000, 5.
31.26000, 5.
31.27000, 6.
31.28000, 6.
31.29000, 7.
31.30000, 8.
31.31000, 13.
31.32000, 5.
31.33000, 2.
31.34000, 3.
31.35000, 5.
31.36000, 11.
31.37000, 5.
31.38000, 5.
31.39000, 5.
31.40000, 5.
31.41000, 6.
31.42000, 7.
31.43000, 6.
31.44000, 10.
31.45000, 6.
31.46000, 7.
31.47000, 3.
31.48000, 7.
31.49000, 6.
31.50000, 8.
31.51000, 4.
31.52000, 7.
31.53000, 4.
31.54000, 12.
31.55000, 6.
31.56000, 3.
31.57000, 7.
31.58000, 6.
31.59000, 4.
31.60000, 8.
31.61000, 5.
31.62000, 9.
31.63000, 10.
31.64000, 8.
31.65000, 4.
31.66000, 4.
31.67000, 4.
31.68000, 7.
31.69000, 4.
31.70000, 6.
31.71000, 5.
31.72000, 12.
31.73000, 7.
31.74000, 3.
31.75000, 9.
31.76000, 3.
31.77000, 10.
31.78000, 8.
31.79000, 4.
31.80000, 6.
31.81000, 10.
31.82000, 5.
31.83000, 5.
31.84000, 10.
31.85000, 7.
31.86000, 3.
31.87000, 11.
31.88000, 7.
31.89000, 7.
31.90000, 6.
31.91000, 9.
31.92000, 8.
31.93000, 7.
31.94000, 8.
31.95000, 6.
31.96000, 6.
31.97000, 9.
31.98000, 5.
31.99000, 8.
32.00000, 6.
32.01000, 7.
32.02000, 10.
32.03000, 12.
32.04000, 9.
32.05000, 5.
32.06000, 6.
32.07000, 8.
32.08000, 11.
32.09000, 10.
32.10000, 10.
32.11000, 10.
32.12000, 10.
32.13000, 8.
32.14000, 8.
32.15000, 9.
32.16000, 7.
32.17000, 11.
32.18000, 8.
32.19000, 7.
32.20000, 5.
32.21000, 9.
32.22000, 8.
32.23000, 5.
32.24000, 10.
32.25000, 8.
32.26000, 7.
32.27000, 6.
32.28000, 11.
32.29000, 9.
32.30000, 6.
32.31000, 10.
32.32000, 3.
32.33000, 2.
32.34000, 4.
32.35000, 2.
32.36000, 5.
32.37000, 2.
32.38000, 5.
32.39000, 6.
32.40000, 4.
32.41000, 2.
32.42000, 8.
32.43000, 3.
32.44000, 7.
32.45000, 5.
32.46000, 5.
32.47000, 2.
32.48000, 7.
32.49000, 5.
32.50000, 8.
32.51000, 5.
32.52000, 9.
32.53000, 6.
32.54000, 2.
32.55000, 3.
32.56000, 6.
32.57000, 9.
32.58000, 7.
32.59000, 1.
32.60000, 3.
32.61000, 3.
32.62000, 2.
32.63000, 4.
32.64000, 4.
32.65000, 1.
32.66000, 4.
32.67000, 2.
32.68000, 4.
32.69000, 7.
32.70000, 3.
32.71000, 4.
32.72000, 11.
32.73000, 4.
32.74000, 6.
32.75000, 10.
32.76000, 11.
32.77000, 5.
32.78000, 16.
32.79000, 5.
32.80000, 9.
32.81000, 7.
32.82000, 6.
32.83000, 5.
32.84000, 9.
32.85000, 5.
32.86000, 14.
32.87000, 13.
32.88000, 8.
32.89000, 17.
32.90000, 17.
32.91000, 11.
32.92000, 13.
32.93000, 19.
32.94000, 18.
32.95000, 15.
32.96000, 15.
32.97000, 13.
32.98000, 16.
32.99000, 11.
33.00000, 13.
33.01000, 12.
33.02000, 14.
33.03000, 19.
33.04000, 18.
33.05000, 11.
33.06000, 12.
33.07000, 13.
33.08000, 9.
33.09000, 9.
33.10000, 9.
33.11000, 16.
33.12000, 9.
33.13000, 13.
33.14000, 12.
33.15000, 10.
33.16000, 18.
33.17000, 10.
33.18000, 5.
33.19000, 9.
33.20000, 11.
33.21000, 15.
33.22000, 13.
33.23000, 16.
33.24000, 24.
33.25000, 19.
33.26000, 13.
33.27000, 18.
33.28000, 21.
33.29000, 18.
33.30000, 22.
33.31000, 19.
33.32000, 30.
33.33000, 26.
33.34000, 28.
33.35000, 18.
33.36000, 18.
33.37000, 21.
33.38000, 17.
33.39000, 15.
33.40000, 19.
33.41000, 18.
33.42000, 16.
33.43000, 16.
33.44000, 19.
33.45000, 21.
33.46000, 18.
33.47000, 20.
33.48000, 17.
33.49000, 18.
33.50000, 12.
33.51000, 12.
33.52000, 13.
33.53000, 13.
33.54000, 13.
33.55000, 14.
33.56000, 10.
33.57000, 12.
33.58000, 4.
33.59000, 7.
33.60000, 11.
33.61000, 9.
33.62000, 10.
33.63000, 8.
33.64000, 9.
33.65000, 6.
33.66000, 1.
33.67000, 2.
33.68000, 4.
33.69000, 6.
33.70000, 6.
33.71000, 6.
33.72000, 6.
33.73000, 5.
33.74000, 4.
33.75000, 8.
33.76000, 6.
33.77000, 9.
33.78000, 0.
33.79000, 6.
33.80000, 2.
33.81000, 4.
33.82000, 3.
33.83000, 8.
33.84000, 13.
33.85000, 6.
33.86000, 6.
33.87000, 7.
33.88000, 6.
33.89000, 4.
33.90000, 7.
33.91000, 4.
33.92000, 6.
33.93000, 4.
33.94000, 4.
33.95000, 7.
33.96000, 5.
33.97000, 5.
33.98000, 8.
33.99000, 12.
34.00000, 9.
34.01000, 8.
34.02000, 2.
34.03000, 4.
34.04000, 3.
34.05000, 5.
34.06000, 5.
34.07000, 9.
34.08000, 13.
34.09000, 10.
34.10000, 6.
34.11000, 10.
34.12000, 11.
34.13000, 15.
34.14000, 10.
34.15000, 11.
34.16000, 12.
34.17000, 19.
34.18000, 12.
34.19000, 12.
34.20000, 12.
34.21000, 17.
34.22000, 22.
34.23000, 11.
34.24000, 12.
34.25000, 12.
34.26000, 12.
34.27000, 10.
34.28000, 15.
34.29000, 19.
34.30000, 7.
34.31000, 16.
34.32000, 7.
34.33000, 7.
34.34000, 3.
34.35000, 10.
34.36000, 7.
34.37000, 8.
34.38000, 11.
34.39000, 9.
34.40000, 6.
34.41000, 9.
34.42000, 6.
34.43000, 15.
34.44000, 11.
34.45000, 13.
34.46000, 11.
34.47000, 10.
34.48000, 11.
34.49000, 10.
34.50000, 9.
34.51000, 18.
34.52000, 13.
34.53000, 6.
34.54000, 13.
34.55000, 15.
34.56000, 22.
34.57000, 22.
34.58000, 15.
34.59000, 17.
34.60000, 21.
34.61000, 17.
34.62000, 13.
34.63000, 17.
34.64000, 22.
34.65000, 14.
34.66000, 23.
34.67000, 18.
34.68000, 16.
34.69000, 13.
34.70000, 26.
34.71000, 15.
34.72000, 17.
34.73000, 16.
34.74000, 15.
34.75000, 16.
34.76000, 16.
34.77000, 15.
34.78000, 13.
34.79000, 12.
34.80000, 10.
34.81000, 12.
34.82000, 14.
34.83000, 8.
34.84000, 7.
34.85000, 4.
34.86000, 17.
34.87000, 5.
34.88000, 6.
34.89000, 8.
34.90000, 8.
34.91000, 2.
34.92000, 6.
34.93000, 3.
34.94000, 1.
34.95000, 7.
34.96000, 4.
34.97000, 3.
34.98000, 5.
34.99000, 3.
35.00000, 7.
35.01000, 5.
35.02000, 5.
35.03000, 7.
35.04000, 7.
35.05000, 3.
35.06000, 3.
35.07000, 6.
35.08000, 2.
35.09000, 7.
35.10000, 2.
35.11000, 4.
35.12000, 3.
35.13000, 2.
35.14000, 2.
35.15000, 2.
35.16000, 3.
35.17000, 2.
35.18000, 4.
35.19000, 2.
35.20000, 4.
35.21000, 3.
35.22000, 3.
35.23000, 5.
35.24000, 4.
35.25000, 3.
35.26000, 4.
35.27000, 2.
35.28000, 5.
35.29000, 1.
35.30000, 3.
35.31000, 3.
35.32000, 5.
35.33000, 3.
35.34000, 2.
35.35000, 3.
35.36000, 9.
35.37000, 1.
35.38000, 2.
35.39000, 3.
35.40000, 3.
35.41000, 3.
35.42000, 2.
35.43000, 3.
35.44000, 6.
35.45000, 4.
35.46000, 7.
35.47000, 5.
35.48000, 5.
35.49000, 1.
35.50000, 4.
35.51000, 4.
35.52000, 5.
35.53000, 1.
35.54000, 2.
35.55000, 3.
35.56000, 7.
35.57000, 6.
35.58000, 4.
35.59000, 6.
35.60000, 5.
35.61000, 7.
35.62000, 7.
35.63000, 5.
35.64000, 5.
35.65000, 3.
35.66000, 2.
35.67000, 4.
35.68000, 0.
35.69000, 2.
35.70000, 6.
35.71000, 3.
35.72000, 5.
35.73000, 4.
35.74000, 5.
35.75000, 2.
35.76000, 1.
35.77000, 3.
35.78000, 1.
35.79000, 5.
35.80000, 5.
35.81000, 1.
35.82000, 6.
35.83000, 5.
35.84000, 1.
35.85000, 8.
35.86000, 5.
35.87000, 2.
35.88000, 8.
35.89000, 7.
35.90000, 5.
35.91000, 5.
35.92000, 5.
35.93000, 7.
35.94000, 4.
35.95000, 3.
35.96000, 4.
35.97000, 5.
35.98000, 0.
35.99000, 6.
36.00000, 4.
36.01000, 2.
36.02000, 8.
36.03000, 1.
36.04000, 2.
36.05000, 1.
36.06000, 4.
36.07000, 5.
36.08000, 5.
36.09000, 3.
36.10000, 4.
36.11000, 7.
36.12000, 0.
36.13000, 1.
36.14000, 2.
36.15000, 6.
36.16000, 4.
36.17000, 3.
36.18000, 4.
36.19000, 3.
36.20000, 4.
36.21000, 1.
36.22000, 3.
36.23000, 2.
36.24000, 1.
36.25000, 4.
36.26000, 3.
36.27000, 5.
36.28000, 3.
36.29000, 4.
36.30000, 1.
36.31000, 1.
36.32000, 5.
36.33000, 2.
36.34000, 4.
36.35000, 3.
36.36000, 5.
36.37000, 3.
36.38000, 1.
36.39000, 3.
36.40000, 4.
36.41000, 1.
36.42000, 4.
36.43000, 1.
36.44000, 2.
36.45000, 0.
36.46000, 5.
36.47000, 3.
36.48000, 5.
36.49000, 0.
36.50000, 1.
36.51000, 3.
36.52000, 4.
36.53000, 5.
36.54000, 5.
36.55000, 1.
36.56000, 3.
36.57000, 2.
36.58000, 1.
36.59000, 3.
36.60000, 3.
36.61000, 4.
36.62000, 1.
36.63000, 2.
36.64000, 6.
36.65000, 5.
36.66000, 5.
36.67000, 2.
36.68000, 2.
36.69000, 4.
36.70000, 3.
36.71000, 4.
36.72000, 4.
36.73000, 4.
36.74000, 4.
36.75000, 6.
36.76000, 4.
36.77000, 9.
36.78000, 7.
36.79000, 8.
36.80000, 3.
36.81000, 4.
36.82000, 5.
36.83000, 7.
36.84000, 2.
36.85000, 4.
36.86000, 3.
36.87000, 4.
36.88000, 5.
36.89000, 5.
36.90000, 1.
36.91000, 8.
36.92000, 1.
36.93000, 5.
36.94000, 3.
36.95000, 6.
36.96000, 1.
36.97000, 3.
36.98000, 1.
36.99000, 1.
37.00000, 3.
37.01000, 1.
37.02000, 4.
37.03000, 1.
37.04000, 2.
37.05000, 2.
37.06000, 0.
37.07000, 5.
37.08000, 1.
37.09000, 2.
37.10000, 6.
37.11000, 4.
37.12000, 3.
37.13000, 2.
37.14000, 10.
37.15000, 5.
37.16000, 4.
37.17000, 4.
37.18000, 5.
37.19000, 4.
37.20000, 6.
37.21000, 7.
37.22000, 2.
37.23000, 6.
37.24000, 9.
37.25000, 4.
37.26000, 6.
37.27000, 6.
37.28000, 5.
37.29000, 3.
37.30000, 7.
37.31000, 4.
37.32000, 8.
37.33000, 8.
37.34000, 14.
37.35000, 2.
37.36000, 8.
37.37000, 5.
37.38000, 3.
37.39000, 6.
37.40000, 4.
37.41000, 9.
37.42000, 7.
37.43000, 9.
37.44000, 8.
37.45000, 6.
37.46000, 4.
37.47000, 4.
37.48000, 3.
37.49000, 5.
37.50000, 2.
37.51000, 3.
37.52000, 7.
37.53000, 4.
37.54000, 9.
37.55000, 4.
37.56000, 3.
37.57000, 5.
37.58000, 6.
37.59000, 5.
37.60000, 4.
37.61000, 5.
37.62000, 7.
37.63000, 9.
37.64000, 5.
37.65000, 2.
37.66000, 4.
37.67000, 7.
37.68000, 4.
37.69000, 3.
37.70000, 5.
37.71000, 4.
37.72000, 4.
37.73000, 6.
37.74000, 8.
37.75000, 7.
37.76000, 3.
37.77000, 4.
37.78000, 3.
37.79000, 5.
37.80000, 3.
37.81000, 2.
37.82000, 2.
37.83000, 4.
37.84000, 3.
37.85000, 4.
37.86000, 3.
37.87000, 1.
37.88000, 3.
37.89000, 3.
37.90000, 3.
37.91000, 2.
37.92000, 3.
37.93000, 1.
37.94000, 3.
37.95000, 5.
37.96000, 3.
37.97000, 1.
37.98000, 2.
37.99000, 0.
38.00000, 2.
38.01000, 2.
38.02000, 2.
38.03000, 4.
38.04000, 3.
38.05000, 3.
38.06000, 2.
38.07000, 1.
38.08000, 1.
38.09000, 0.
38.10000, 0.
38.11000, 4.
38.12000, 1.
38.13000, 0.
38.14000, 1.
38.15000, 1.
38.16000, 1.
38.17000, 2.
38.18000, 2.
38.19000, 1.
38.20000, 3.
38.21000, 2.
38.22000, 2.
38.23000, 1.
38.24000, 2.
38.25000, 1.
38.26000, 2.
38.27000, 0.
38.28000, 1.
38.29000, 0.
38.30000, 2.
38.31000, 2.
38.32000, 2.
38.33000, 4.
38.34000, 3.
38.35000, 0.
38.36000, 1.
38.37000, 3.
38.38000, 0.
38.39000, 3.
38.40000, 1.
38.41000, 3.
38.42000, 1.
38.43000, 1.
38.44000, 3.
38.45000, 1.
38.46000, 1.
38.47000, 2.
38.48000, 1.
38.49000, 2.
38.50000, 3.
38.51000, 3.
38.52000, 2.
38.53000, 2.
38.54000, 2.
38.55000, 2.
38.56000, 4.
38.57000, 2.
38.58000, 2.
38.59000, 0.
38.60000, 3.
38.61000, 0.
38.62000, 3.
38.63000, 4.
38.64000, 4.
38.65000, 2.
38.66000, 3.
38.67000, 1.
38.68000, 3.
38.69000, 3.
38.70000, 3.
38.71000, 4.
38.72000, 1.
38.73000, 4.
38.74000, 2.
38.75000, 0.
38.76000, 1.
38.77000, 4.
38.78000, 2.
38.79000, 3.
38.80000, 3.
38.81000, 3.
38.82000, 4.
38.83000, 3.
38.84000, 2.
38.85000, 4.
38.86000, 5.
38.87000, 0.
38.88000, 0.
38.89000, 3.
38.90000, 2.
38.91000, 3.
38.92000, 0.
38.93000, 3.
38.94000, 2.
38.95000, 0.
38.96000, 2.
38.97000, 5.
38.98000, 8.
38.99000, 3.
39.00000, 1.
39.01000, 3.
39.02000, 2.
39.03000, 4.
39.04000, 4.
39.05000, 6.
39.06000, 4.
39.07000, 7.
39.08000, 7.
39.09000, 1.
39.10000, 6.
39.11000, 7.
39.12000, 6.
39.13000, 4.
39.14000, 2.
39.15000, 6.
39.16000, 4.
39.17000, 8.
39.18000, 1.
39.19000, 3.
39.20000, 8.
39.21000, 4.
39.22000, 3.
39.23000, 5.
39.24000, 4.
39.25000, 6.
39.26000, 2.
39.27000, 4.
39.28000, 2.
39.29000, 2.
39.30000, 3.
39.31000, 2.
39.32000, 4.
39.33000, 3.
39.34000, 1.
39.35000, 3.
39.36000, 1.
39.37000, 3.
39.38000, 5.
39.39000, 0.
39.40000, 1.
39.41000, 1.
39.42000, 1.
39.43000, 0.
39.44000, 1.
39.45000, 0.
39.46000, 5.
39.47000, 0.
39.48000, 2.
39.49000, 1.
39.50000, 1.
39.51000, 1.
39.52000, 3.
39.53000, 1.
39.54000, 0.
39.55000, 2.
39.56000, 2.
39.57000, 3.
39.58000, 1.
39.59000, 3.
39.60000, 1.
39.61000, 5.
39.62000, 1.
39.63000, 1.
39.64000, 1.
39.65000, 0.
39.66000, 0.
39.67000, 0.
39.68000, 0.
39.69000, 1.
39.70000, 2.
39.71000, 1.
39.72000, 1.
39.73000, 1.
39.74000, 0.
39.75000, 4.
39.76000, 0.
39.77000, 1.
39.78000, 3.
39.79000, 1.
39.80000, 0.
39.81000, 0.
39.82000, 2.
39.83000, 2.
39.84000, 0.
39.85000, 3.
39.86000, 0.
39.87000, 3.
39.88000, 1.
39.89000, 2.
39.90000, 0.
39.91000, 2.
39.92000, 1.
39.93000, 0.
39.94000, 3.
39.95000, 2.
39.96000, 2.
39.97000, 1.
39.98000, 0.
39.99000, 0.
40.00000, 3.
40.01000, 1.
40.02000, 4.
40.03000, 1.
40.04000, 1.
40.05000, 0.
40.06000, 3.
40.07000, 3.
40.08000, 1.
40.09000, 3.
40.10000, 2.
40.11000, 4.
40.12000, 1.
40.13000, 1.
40.14000, 1.
40.15000, 1.
40.16000, 3.
40.17000, 1.
40.18000, 3.
40.19000, 1.
40.20000, 1.
40.21000, 2.
40.22000, 2.
40.23000, 2.
40.24000, 1.
40.25000, 1.
40.26000, 3.
40.27000, 0.
40.28000, 3.
40.29000, 0.
40.30000, 0.
40.31000, 2.
40.32000, 4.
40.33000, 3.
40.34000, 3.
40.35000, 0.
40.36000, 1.
40.37000, 0.
40.38000, 1.
40.39000, 1.
40.40000, 2.
40.41000, 3.
40.42000, 0.
40.43000, 2.
40.44000, 3.
40.45000, 0.
40.46000, 2.
40.47000, 1.
40.48000, 0.
40.49000, 2.
40.50000, 4.
40.51000, 2.
40.52000, 0.
40.53000, 4.
40.54000, 1.
40.55000, 0.
#ENDOFDATA   : 
