#FORMAT      : EMSA/MAS Spectral Data File
#VERSION     : 1.0
#TITLE       : oreas 464 3
#DATE        : 23-JUL-2026
#TIME        : 12:15
#OWNER       : XGT7200
#NPOINTS     : 4096.
#NCOLUMNS    : 1.
#XUNITS      : keV
#YUNITS      : counts
#DATATYPE    : XY
#XPERCHAN    : 0.0100000
#OFFSET      : -0.400000
#SIGNALTYPE  : EDS
#CHOFFSET    : 40.0000
#LIVETIME    : 30.000000
#REALTIME    : 38.645234
#BEAMKV      : 50.0000
#PROBECUR    : 249000.
#MAGCAM      : 100.000
#XTILTSTGE   : 0.0
#AZIMANGLE   : 0.0
#ELEVANGLE   : 45.0
#XPOSITION mm: 0.0000
#YPOSITION mm: 0.0000
#ZPOSITION mm: 0.0000
##OXINSTPT   : 4
##OXINSTSTROB: 71.62
##OXINSTELEMS: 12,13,14,15,19,20,21,22,25,26,30,38,39,40,41,58,60
##OXINSTLABEL: 26, 6.404, Fe
##OXINSTLABEL: 26, 7.058, Fe
##OXINSTLABEL: 26, 0.705, Fe
##OXINSTLABEL: 26, 0.628, Fe
##OXINSTLABEL: 14, 1.740, Si
##OXINSTLABEL: 13, 1.487, Al
##OXINSTLABEL: 20, 3.692, Ca
##OXINSTLABEL: 20, 4.013, Ca
##OXINSTLABEL: 20, 0.341, Ca
##OXINSTLABEL: 20, 0.306, Ca
##OXINSTLABEL: 15, 2.014, P
##OXINSTLABEL: 15, 2.139, P
##OXINSTLABEL: 41, 16.615, Nb
##OXINSTLABEL: 41, 18.623, Nb
##OXINSTLABEL: 41, 18.953, Nb
##OXINSTLABEL: 41, 2.166, Nb
##OXINSTLABEL: 41, 1.996, Nb
##OXINSTLABEL: 41, 2.664, Nb
##OXINSTLABEL: 41, 1.902, Nb
##OXINSTLABEL: 30, 8.639, Zn
##OXINSTLABEL: 30, 9.572, Zn
##OXINSTLABEL: 30, 1.012, Zn
##OXINSTLABEL: 30, 0.906, Zn
##OXINSTLABEL: 30, 0.884, Zn
##OXINSTLABEL: 38, 14.165, Sr
##OXINSTLABEL: 38, 15.836, Sr
##OXINSTLABEL: 38, 16.085, Sr
##OXINSTLABEL: 38, 1.807, Sr
##OXINSTLABEL: 38, 1.649, Sr
##OXINSTLABEL: 38, 1.582, Sr
##OXINSTLABEL: 22, 4.511, Ti
##OXINSTLABEL: 22, 4.932, Ti
##OXINSTLABEL: 22, 0.452, Ti
##OXINSTLABEL: 22, 0.401, Ti
##OXINSTLABEL: 40, 15.775, Zr
##OXINSTLABEL: 40, 17.668, Zr
##OXINSTLABEL: 40, 17.970, Zr
##OXINSTLABEL: 40, 2.042, Zr
##OXINSTLABEL: 40, 1.877, Zr
##OXINSTLABEL: 40, 2.503, Zr
##OXINSTLABEL: 40, 1.792, Zr
##OXINSTLABEL: 39, 14.959, Y
##OXINSTLABEL: 39, 16.738, Y
##OXINSTLABEL: 39, 17.016, Y
##OXINSTLABEL: 39, 1.923, Y
##OXINSTLABEL: 39, 1.761, Y
##OXINSTLABEL: 39, 1.685, Y
##OXINSTLABEL: 25, 5.899, Mn
##OXINSTLABEL: 25, 6.491, Mn
##OXINSTLABEL: 25, 0.636, Mn
##OXINSTLABEL: 25, 0.567, Mn
##OXINSTLABEL: 12, 1.254, Mg
##OXINSTLABEL: 58, 34.720, Ce
##OXINSTLABEL: 58, 34.279, Ce
##OXINSTLABEL: 58, 39.258, Ce
##OXINSTLABEL: 58, 4.840, Ce
##OXINSTLABEL: 58, 5.262, Ce
##OXINSTLABEL: 58, 5.613, Ce
##OXINSTLABEL: 58, 4.732, Ce
##OXINSTLABEL: 58, 6.052, Ce
##OXINSTLABEL: 58, 6.325, Ce
##OXINSTLABEL: 58, 4.288, Ce
##OXINSTLABEL: 58, 0.883, Ce
##OXINSTLABEL: 58, 1.075, Ce
##OXINSTLABEL: 58, 0.676, Ce
##OXINSTLABEL: 19, 3.314, K
##OXINSTLABEL: 19, 3.590, K
##OXINSTLABEL: 19, 0.262, K
##OXINSTLABEL: 60, 37.362, Nd
##OXINSTLABEL: 60, 36.848, Nd
##OXINSTLABEL: 60, 5.230, Nd
##OXINSTLABEL: 60, 5.722, Nd
##OXINSTLABEL: 60, 6.090, Nd
##OXINSTLABEL: 60, 5.146, Nd
##OXINSTLABEL: 60, 6.602, Nd
##OXINSTLABEL: 60, 6.883, Nd
##OXINSTLABEL: 60, 4.633, Nd
##OXINSTLABEL: 60, 0.978, Nd
##OXINSTLABEL: 60, 1.180, Nd
##OXINSTLABEL: 60, 0.753, Nd
##OXINSTLABEL: 21, 4.091, Sc
##OXINSTLABEL: 21, 4.460, Sc
##OXINSTLABEL: 21, 0.395, Sc
##OXINSTLABEL: 21, 0.353, Sc
#SPECTRUM    : Spectral Data Starts Here
-0.40000, 0.
-0.39000, 0.
-0.38000, 0.
-0.37000, 0.
-0.36000, 0.
-0.35000, 0.
-0.34000, 0.
-0.33000, 0.
-0.32000, 0.
-0.31000, 0.
-0.30000, 0.
-0.29000, 0.
-0.28000, 0.
-0.27000, 0.
-0.26000, 0.
-0.25000, 0.
-0.24000, 0.
-0.23000, 0.
-0.22000, 0.
-0.21000, 0.
-0.20000, 0.
-0.19000, 0.
-0.18000, 0.
-0.17000, 0.
-0.16000, 0.
-0.15000, 0.
-0.14000, 0.
-0.13000, 0.
-0.12000, 0.
-0.11000, 0.
-0.10000, 0.
-0.09000, 0.
-0.08000, 0.
-0.07000, 0.
-0.06000, 0.
-0.05000, 0.
-0.04000, 0.
-0.03000, 0.
-0.02000, 0.
-0.01000, 0.
0.00000, 0.
0.01000, 0.
0.02000, 0.
0.03000, 0.
0.04000, 0.
0.05000, 0.
0.06000, 0.
0.07000, 0.
0.08000, 0.
0.09000, 0.
0.10000, 0.
0.11000, 0.
0.12000, 0.
0.13000, 0.
0.14000, 0.
0.15000, 0.
0.16000, 0.
0.17000, 0.
0.18000, 0.
0.19000, 0.
0.20000, 0.
0.21000, 0.
0.22000, 0.
0.23000, 0.
0.24000, 0.
0.25000, 0.
0.26000, 0.
0.27000, 0.
0.28000, 0.
0.29000, 0.
0.30000, 0.
0.31000, 0.
0.32000, 0.
0.33000, 0.
0.34000, 0.
0.35000, 0.
0.36000, 1.
0.37000, 1.
0.38000, 2.
0.39000, 6.
0.40000, 7.
0.41000, 5.
0.42000, 6.
0.43000, 11.
0.44000, 7.
0.45000, 12.
0.46000, 10.
0.47000, 9.
0.48000, 8.
0.49000, 7.
0.50000, 9.
0.51000, 4.
0.52000, 11.
0.53000, 13.
0.54000, 13.
0.55000, 15.
0.56000, 10.
0.57000, 12.
0.58000, 16.
0.59000, 13.
0.60000, 8.
0.61000, 10.
0.62000, 7.
0.63000, 7.
0.64000, 14.
0.65000, 7.
0.66000, 9.
0.67000, 7.
0.68000, 12.
0.69000, 14.
0.70000, 4.
0.71000, 11.
0.72000, 12.
0.73000, 10.
0.74000, 12.
0.75000, 12.
0.76000, 9.
0.77000, 11.
0.78000, 11.
0.79000, 11.
0.80000, 11.
0.81000, 9.
0.82000, 8.
0.83000, 7.
0.84000, 10.
0.85000, 13.
0.86000, 15.
0.87000, 9.
0.88000, 8.
0.89000, 10.
0.90000, 8.
0.91000, 12.
0.92000, 13.
0.93000, 11.
0.94000, 18.
0.95000, 19.
0.96000, 14.
0.97000, 16.
0.98000, 8.
0.99000, 7.
1.00000, 8.
1.01000, 10.
1.02000, 12.
1.03000, 9.
1.04000, 10.
1.05000, 11.
1.06000, 6.
1.07000, 10.
1.08000, 11.
1.09000, 9.
1.10000, 20.
1.11000, 6.
1.12000, 12.
1.13000, 8.
1.14000, 8.
1.15000, 7.
1.16000, 8.
1.17000, 7.
1.18000, 15.
1.19000, 7.
1.20000, 13.
1.21000, 13.
1.22000, 12.
1.23000, 11.
1.24000, 16.
1.25000, 20.
1.26000, 15.
1.27000, 20.
1.28000, 21.
1.29000, 13.
1.30000, 11.
1.31000, 12.
1.32000, 8.
1.33000, 7.
1.34000, 11.
1.35000, 5.
1.36000, 4.
1.37000, 14.
1.38000, 9.
1.39000, 13.
1.40000, 19.
1.41000, 25.
1.42000, 28.
1.43000, 41.
1.44000, 73.
1.45000, 70.
1.46000, 110.
1.47000, 121.
1.48000, 136.
1.49000, 118.
1.50000, 145.
1.51000, 108.
1.52000, 110.
1.53000, 66.
1.54000, 74.
1.55000, 50.
1.56000, 44.
1.57000, 22.
1.58000, 17.
1.59000, 19.
1.60000, 19.
1.61000, 21.
1.62000, 18.
1.63000, 27.
1.64000, 28.
1.65000, 56.
1.66000, 77.
1.67000, 137.
1.68000, 197.
1.69000, 273.
1.70000, 340.
1.71000, 443.
1.72000, 537.
1.73000, 622.
1.74000, 676.
1.75000, 641.
1.76000, 575.
1.77000, 554.
1.78000, 467.
1.79000, 384.
1.80000, 310.
1.81000, 240.
1.82000, 151.
1.83000, 107.
1.84000, 93.
1.85000, 68.
1.86000, 62.
1.87000, 51.
1.88000, 35.
1.89000, 34.
1.90000, 33.
1.91000, 27.
1.92000, 40.
1.93000, 43.
1.94000, 48.
1.95000, 54.
1.96000, 75.
1.97000, 96.
1.98000, 126.
1.99000, 129.
2.00000, 130.
2.01000, 149.
2.02000, 140.
2.03000, 148.
2.04000, 126.
2.05000, 109.
2.06000, 94.
2.07000, 81.
2.08000, 54.
2.09000, 45.
2.10000, 40.
2.11000, 26.
2.12000, 40.
2.13000, 30.
2.14000, 34.
2.15000, 35.
2.16000, 27.
2.17000, 32.
2.18000, 25.
2.19000, 31.
2.20000, 25.
2.21000, 29.
2.22000, 18.
2.23000, 29.
2.24000, 41.
2.25000, 22.
2.26000, 33.
2.27000, 33.
2.28000, 39.
2.29000, 40.
2.30000, 38.
2.31000, 40.
2.32000, 38.
2.33000, 36.
2.34000, 41.
2.35000, 40.
2.36000, 29.
2.37000, 36.
2.38000, 19.
2.39000, 28.
2.40000, 13.
2.41000, 29.
2.42000, 19.
2.43000, 25.
2.44000, 24.
2.45000, 29.
2.46000, 37.
2.47000, 19.
2.48000, 17.
2.49000, 26.
2.50000, 15.
2.51000, 16.
2.52000, 23.
2.53000, 24.
2.54000, 22.
2.55000, 26.
2.56000, 31.
2.57000, 38.
2.58000, 41.
2.59000, 48.
2.60000, 73.
2.61000, 86.
2.62000, 109.
2.63000, 141.
2.64000, 166.
2.65000, 226.
2.66000, 278.
2.67000, 323.
2.68000, 354.
2.69000, 407.
2.70000, 399.
2.71000, 339.
2.72000, 389.
2.73000, 351.
2.74000, 287.
2.75000, 255.
2.76000, 196.
2.77000, 180.
2.78000, 138.
2.79000, 138.
2.80000, 129.
2.81000, 98.
2.82000, 113.
2.83000, 107.
2.84000, 97.
2.85000, 101.
2.86000, 94.
2.87000, 75.
2.88000, 65.
2.89000, 92.
2.90000, 70.
2.91000, 60.
2.92000, 60.
2.93000, 63.
2.94000, 50.
2.95000, 44.
2.96000, 49.
2.97000, 45.
2.98000, 43.
2.99000, 47.
3.00000, 45.
3.01000, 42.
3.02000, 44.
3.03000, 39.
3.04000, 35.
3.05000, 34.
3.06000, 32.
3.07000, 32.
3.08000, 27.
3.09000, 23.
3.10000, 17.
3.11000, 17.
3.12000, 21.
3.13000, 17.
3.14000, 17.
3.15000, 22.
3.16000, 25.
3.17000, 15.
3.18000, 21.
3.19000, 19.
3.20000, 22.
3.21000, 13.
3.22000, 27.
3.23000, 14.
3.24000, 25.
3.25000, 16.
3.26000, 20.
3.27000, 28.
3.28000, 31.
3.29000, 28.
3.30000, 22.
3.31000, 27.
3.32000, 35.
3.33000, 34.
3.34000, 21.
3.35000, 28.
3.36000, 15.
3.37000, 22.
3.38000, 21.
3.39000, 26.
3.40000, 27.
3.41000, 10.
3.42000, 10.
3.43000, 13.
3.44000, 15.
3.45000, 15.
3.46000, 15.
3.47000, 14.
3.48000, 11.
3.49000, 10.
3.50000, 14.
3.51000, 21.
3.52000, 21.
3.53000, 27.
3.54000, 32.
3.55000, 19.
3.56000, 27.
3.57000, 35.
3.58000, 43.
3.59000, 46.
3.60000, 83.
3.61000, 103.
3.62000, 117.
3.63000, 133.
3.64000, 205.
3.65000, 216.
3.66000, 225.
3.67000, 280.
3.68000, 264.
3.69000, 277.
3.70000, 270.
3.71000, 297.
3.72000, 259.
3.73000, 246.
3.74000, 189.
3.75000, 168.
3.76000, 115.
3.77000, 109.
3.78000, 89.
3.79000, 78.
3.80000, 54.
3.81000, 44.
3.82000, 37.
3.83000, 33.
3.84000, 31.
3.85000, 21.
3.86000, 20.
3.87000, 26.
3.88000, 32.
3.89000, 24.
3.90000, 22.
3.91000, 30.
3.92000, 20.
3.93000, 34.
3.94000, 34.
3.95000, 53.
3.96000, 40.
3.97000, 52.
3.98000, 64.
3.99000, 57.
4.00000, 61.
4.01000, 63.
4.02000, 67.
4.03000, 59.
4.04000, 49.
4.05000, 62.
4.06000, 66.
4.07000, 46.
4.08000, 48.
4.09000, 36.
4.10000, 37.
4.11000, 37.
4.12000, 30.
4.13000, 30.
4.14000, 33.
4.15000, 33.
4.16000, 22.
4.17000, 37.
4.18000, 33.
4.19000, 34.
4.20000, 22.
4.21000, 28.
4.22000, 22.
4.23000, 18.
4.24000, 18.
4.25000, 23.
4.26000, 19.
4.27000, 32.
4.28000, 25.
4.29000, 24.
4.30000, 24.
4.31000, 34.
4.32000, 37.
4.33000, 50.
4.34000, 50.
4.35000, 46.
4.36000, 59.
4.37000, 79.
4.38000, 88.
4.39000, 122.
4.40000, 188.
4.41000, 205.
4.42000, 296.
4.43000, 365.
4.44000, 485.
4.45000, 546.
4.46000, 694.
4.47000, 767.
4.48000, 888.
4.49000, 965.
4.50000, 1010.
4.51000, 1011.
4.52000, 1021.
4.53000, 1045.
4.54000, 940.
4.55000, 830.
4.56000, 767.
4.57000, 670.
4.58000, 667.
4.59000, 573.
4.60000, 534.
4.61000, 475.
4.62000, 454.
4.63000, 469.
4.64000, 492.
4.65000, 448.
4.66000, 439.
4.67000, 426.
4.68000, 417.
4.69000, 375.
4.70000, 322.
4.71000, 276.
4.72000, 245.
4.73000, 248.
4.74000, 220.
4.75000, 228.
4.76000, 252.
4.77000, 273.
4.78000, 305.
4.79000, 300.
4.80000, 340.
4.81000, 392.
4.82000, 452.
4.83000, 450.
4.84000, 455.
4.85000, 463.
4.86000, 492.
4.87000, 428.
4.88000, 441.
4.89000, 406.
4.90000, 403.
4.91000, 393.
4.92000, 347.
4.93000, 365.
4.94000, 319.
4.95000, 304.
4.96000, 319.
4.97000, 316.
4.98000, 293.
4.99000, 307.
5.00000, 306.
5.01000, 325.
5.02000, 305.
5.03000, 264.
5.04000, 270.
5.05000, 294.
5.06000, 279.
5.07000, 247.
5.08000, 246.
5.09000, 257.
5.10000, 220.
5.11000, 217.
5.12000, 207.
5.13000, 246.
5.14000, 243.
5.15000, 251.
5.16000, 277.
5.17000, 299.
5.18000, 369.
5.19000, 402.
5.20000, 452.
5.21000, 483.
5.22000, 505.
5.23000, 528.
5.24000, 563.
5.25000, 559.
5.26000, 558.
5.27000, 536.
5.28000, 508.
5.29000, 492.
5.30000, 428.
5.31000, 417.
5.32000, 341.
5.33000, 331.
5.34000, 311.
5.35000, 295.
5.36000, 245.
5.37000, 250.
5.38000, 238.
5.39000, 217.
5.40000, 190.
5.41000, 209.
5.42000, 203.
5.43000, 166.
5.44000, 146.
5.45000, 174.
5.46000, 147.
5.47000, 137.
5.48000, 126.
5.49000, 133.
5.50000, 129.
5.51000, 103.
5.52000, 126.
5.53000, 119.
5.54000, 116.
5.55000, 130.
5.56000, 161.
5.57000, 148.
5.58000, 195.
5.59000, 171.
5.60000, 187.
5.61000, 203.
5.62000, 179.
5.63000, 217.
5.64000, 217.
5.65000, 233.
5.66000, 197.
5.67000, 231.
5.68000, 236.
5.69000, 227.
5.70000, 255.
5.71000, 251.
5.72000, 254.
5.73000, 234.
5.74000, 227.
5.75000, 251.
5.76000, 223.
5.77000, 226.
5.78000, 231.
5.79000, 245.
5.80000, 252.
5.81000, 245.
5.82000, 277.
5.83000, 290.
5.84000, 287.
5.85000, 298.
5.86000, 328.
5.87000, 307.
5.88000, 357.
5.89000, 340.
5.90000, 320.
5.91000, 311.
5.92000, 309.
5.93000, 278.
5.94000, 239.
5.95000, 265.
5.96000, 219.
5.97000, 225.
5.98000, 194.
5.99000, 180.
6.00000, 193.
6.01000, 187.
6.02000, 175.
6.03000, 192.
6.04000, 203.
6.05000, 199.
6.06000, 204.
6.07000, 218.
6.08000, 214.
6.09000, 226.
6.10000, 218.
6.11000, 214.
6.12000, 203.
6.13000, 189.
6.14000, 215.
6.15000, 208.
6.16000, 223.
6.17000, 218.
6.18000, 253.
6.19000, 311.
6.20000, 382.
6.21000, 536.
6.22000, 721.
6.23000, 1083.
6.24000, 1422.
6.25000, 1953.
6.26000, 2785.
6.27000, 3895.
6.28000, 5333.
6.29000, 6976.
6.30000, 9397.
6.31000, 11736.
6.32000, 14736.
6.33000, 17870.
6.34000, 21284.
6.35000, 24090.
6.36000, 27507.
6.37000, 30103.
6.38000, 32079.
6.39000, 32991.
6.40000, 33318.
6.41000, 33573.
6.42000, 31514.
6.43000, 29817.
6.44000, 27041.
6.45000, 24028.
6.46000, 20946.
6.47000, 17201.
6.48000, 14080.
6.49000, 11230.
6.50000, 8871.
6.51000, 6704.
6.52000, 4974.
6.53000, 3635.
6.54000, 2536.
6.55000, 1771.
6.56000, 1232.
6.57000, 785.
6.58000, 559.
6.59000, 422.
6.60000, 301.
6.61000, 230.
6.62000, 189.
6.63000, 175.
6.64000, 130.
6.65000, 147.
6.66000, 134.
6.67000, 135.
6.68000, 130.
6.69000, 100.
6.70000, 117.
6.71000, 114.
6.72000, 103.
6.73000, 97.
6.74000, 112.
6.75000, 113.
6.76000, 109.
6.77000, 119.
6.78000, 108.
6.79000, 137.
6.80000, 142.
6.81000, 147.
6.82000, 144.
6.83000, 160.
6.84000, 196.
6.85000, 219.
6.86000, 238.
6.87000, 259.
6.88000, 312.
6.89000, 378.
6.90000, 458.
6.91000, 599.
6.92000, 809.
6.93000, 1007.
6.94000, 1171.
6.95000, 1523.
6.96000, 1892.
6.97000, 2288.
6.98000, 2676.
6.99000, 3067.
7.00000, 3557.
7.01000, 3942.
7.02000, 4354.
7.03000, 4729.
7.04000, 4874.
7.05000, 4894.
7.06000, 4962.
7.07000, 4915.
7.08000, 4461.
7.09000, 4243.
7.10000, 3796.
7.11000, 3283.
7.12000, 2943.
7.13000, 2493.
7.14000, 2071.
7.15000, 1546.
7.16000, 1245.
7.17000, 972.
7.18000, 810.
7.19000, 552.
7.20000, 410.
7.21000, 289.
7.22000, 219.
7.23000, 147.
7.24000, 99.
7.25000, 66.
7.26000, 45.
7.27000, 45.
7.28000, 38.
7.29000, 34.
7.30000, 17.
7.31000, 19.
7.32000, 20.
7.33000, 15.
7.34000, 18.
7.35000, 9.
7.36000, 16.
7.37000, 12.
7.38000, 18.
7.39000, 23.
7.40000, 21.
7.41000, 18.
7.42000, 20.
7.43000, 19.
7.44000, 12.
7.45000, 17.
7.46000, 22.
7.47000, 20.
7.48000, 22.
7.49000, 28.
7.50000, 23.
7.51000, 15.
7.52000, 9.
7.53000, 11.
7.54000, 17.
7.55000, 7.
7.56000, 16.
7.57000, 23.
7.58000, 9.
7.59000, 17.
7.60000, 22.
7.61000, 22.
7.62000, 19.
7.63000, 18.
7.64000, 11.
7.65000, 12.
7.66000, 14.
7.67000, 17.
7.68000, 15.
7.69000, 18.
7.70000, 25.
7.71000, 26.
7.72000, 22.
7.73000, 13.
7.74000, 27.
7.75000, 25.
7.76000, 19.
7.77000, 20.
7.78000, 27.
7.79000, 23.
7.80000, 30.
7.81000, 19.
7.82000, 29.
7.83000, 24.
7.84000, 25.
7.85000, 21.
7.86000, 33.
7.87000, 26.
7.88000, 20.
7.89000, 27.
7.90000, 24.
7.91000, 16.
7.92000, 26.
7.93000, 31.
7.94000, 22.
7.95000, 23.
7.96000, 28.
7.97000, 31.
7.98000, 25.
7.99000, 32.
8.00000, 32.
8.01000, 32.
8.02000, 25.
8.03000, 38.
8.04000, 32.
8.05000, 26.
8.06000, 35.
8.07000, 32.
8.08000, 33.
8.09000, 39.
8.10000, 28.
8.11000, 40.
8.12000, 30.
8.13000, 30.
8.14000, 36.
8.15000, 39.
8.16000, 27.
8.17000, 33.
8.18000, 26.
8.19000, 16.
8.20000, 28.
8.21000, 20.
8.22000, 21.
8.23000, 21.
8.24000, 22.
8.25000, 13.
8.26000, 22.
8.27000, 23.
8.28000, 15.
8.29000, 19.
8.30000, 16.
8.31000, 15.
8.32000, 29.
8.33000, 23.
8.34000, 23.
8.35000, 9.
8.36000, 20.
8.37000, 31.
8.38000, 19.
8.39000, 24.
8.40000, 27.
8.41000, 26.
8.42000, 16.
8.43000, 26.
8.44000, 25.
8.45000, 25.
8.46000, 25.
8.47000, 30.
8.48000, 25.
8.49000, 37.
8.50000, 35.
8.51000, 39.
8.52000, 70.
8.53000, 71.
8.54000, 71.
8.55000, 58.
8.56000, 86.
8.57000, 81.
8.58000, 79.
8.59000, 105.
8.60000, 122.
8.61000, 98.
8.62000, 136.
8.63000, 116.
8.64000, 108.
8.65000, 97.
8.66000, 95.
8.67000, 87.
8.68000, 86.
8.69000, 81.
8.70000, 77.
8.71000, 79.
8.72000, 55.
8.73000, 56.
8.74000, 43.
8.75000, 48.
8.76000, 44.
8.77000, 39.
8.78000, 22.
8.79000, 30.
8.80000, 31.
8.81000, 31.
8.82000, 18.
8.83000, 27.
8.84000, 19.
8.85000, 26.
8.86000, 23.
8.87000, 24.
8.88000, 27.
8.89000, 18.
8.90000, 18.
8.91000, 28.
8.92000, 24.
8.93000, 31.
8.94000, 22.
8.95000, 18.
8.96000, 19.
8.97000, 30.
8.98000, 30.
8.99000, 20.
9.00000, 15.
9.01000, 30.
9.02000, 21.
9.03000, 18.
9.04000, 23.
9.05000, 25.
9.06000, 21.
9.07000, 20.
9.08000, 21.
9.09000, 23.
9.10000, 19.
9.11000, 25.
9.12000, 29.
9.13000, 21.
9.14000, 32.
9.15000, 26.
9.16000, 26.
9.17000, 26.
9.18000, 31.
9.19000, 26.
9.20000, 27.
9.21000, 22.
9.22000, 24.
9.23000, 28.
9.24000, 20.
9.25000, 23.
9.26000, 31.
9.27000, 32.
9.28000, 26.
9.29000, 25.
9.30000, 27.
9.31000, 22.
9.32000, 23.
9.33000, 26.
9.34000, 32.
9.35000, 34.
9.36000, 25.
9.37000, 18.
9.38000, 23.
9.39000, 27.
9.40000, 27.
9.41000, 28.
9.42000, 24.
9.43000, 22.
9.44000, 26.
9.45000, 33.
9.46000, 25.
9.47000, 32.
9.48000, 31.
9.49000, 31.
9.50000, 25.
9.51000, 43.
9.52000, 33.
9.53000, 40.
9.54000, 40.
9.55000, 38.
9.56000, 52.
9.57000, 40.
9.58000, 37.
9.59000, 41.
9.60000, 42.
9.61000, 30.
9.62000, 29.
9.63000, 37.
9.64000, 39.
9.65000, 27.
9.66000, 37.
9.67000, 29.
9.68000, 30.
9.69000, 21.
9.70000, 30.
9.71000, 38.
9.72000, 30.
9.73000, 24.
9.74000, 34.
9.75000, 19.
9.76000, 21.
9.77000, 29.
9.78000, 24.
9.79000, 25.
9.80000, 20.
9.81000, 30.
9.82000, 28.
9.83000, 31.
9.84000, 27.
9.85000, 20.
9.86000, 32.
9.87000, 23.
9.88000, 26.
9.89000, 18.
9.90000, 28.
9.91000, 22.
9.92000, 22.
9.93000, 29.
9.94000, 19.
9.95000, 19.
9.96000, 19.
9.97000, 26.
9.98000, 21.
9.99000, 20.
10.00000, 31.
10.01000, 19.
10.02000, 27.
10.03000, 21.
10.04000, 29.
10.05000, 27.
10.06000, 19.
10.07000, 20.
10.08000, 27.
10.09000, 28.
10.10000, 27.
10.11000, 35.
10.12000, 25.
10.13000, 23.
10.14000, 25.
10.15000, 30.
10.16000, 17.
10.17000, 16.
10.18000, 25.
10.19000, 25.
10.20000, 29.
10.21000, 22.
10.22000, 32.
10.23000, 21.
10.24000, 16.
10.25000, 13.
10.26000, 29.
10.27000, 22.
10.28000, 32.
10.29000, 34.
10.30000, 23.
10.31000, 17.
10.32000, 25.
10.33000, 26.
10.34000, 31.
10.35000, 22.
10.36000, 40.
10.37000, 27.
10.38000, 25.
10.39000, 24.
10.40000, 35.
10.41000, 32.
10.42000, 26.
10.43000, 29.
10.44000, 23.
10.45000, 29.
10.46000, 34.
10.47000, 42.
10.48000, 27.
10.49000, 35.
10.50000, 30.
10.51000, 31.
10.52000, 34.
10.53000, 38.
10.54000, 37.
10.55000, 33.
10.56000, 31.
10.57000, 27.
10.58000, 31.
10.59000, 32.
10.60000, 32.
10.61000, 37.
10.62000, 25.
10.63000, 22.
10.64000, 27.
10.65000, 26.
10.66000, 28.
10.67000, 21.
10.68000, 25.
10.69000, 23.
10.70000, 26.
10.71000, 29.
10.72000, 26.
10.73000, 23.
10.74000, 30.
10.75000, 16.
10.76000, 21.
10.77000, 27.
10.78000, 34.
10.79000, 31.
10.80000, 28.
10.81000, 26.
10.82000, 37.
10.83000, 26.
10.84000, 27.
10.85000, 37.
10.86000, 20.
10.87000, 34.
10.88000, 34.
10.89000, 28.
10.90000, 36.
10.91000, 43.
10.92000, 28.
10.93000, 43.
10.94000, 48.
10.95000, 25.
10.96000, 39.
10.97000, 34.
10.98000, 33.
10.99000, 38.
11.00000, 32.
11.01000, 29.
11.02000, 31.
11.03000, 22.
11.04000, 38.
11.05000, 33.
11.06000, 25.
11.07000, 24.
11.08000, 36.
11.09000, 35.
11.10000, 27.
11.11000, 30.
11.12000, 32.
11.13000, 29.
11.14000, 27.
11.15000, 29.
11.16000, 21.
11.17000, 32.
11.18000, 19.
11.19000, 29.
11.20000, 24.
11.21000, 19.
11.22000, 32.
11.23000, 30.
11.24000, 32.
11.25000, 33.
11.26000, 39.
11.27000, 36.
11.28000, 24.
11.29000, 33.
11.30000, 28.
11.31000, 41.
11.32000, 25.
11.33000, 24.
11.34000, 21.
11.35000, 25.
11.36000, 39.
11.37000, 34.
11.38000, 31.
11.39000, 26.
11.40000, 39.
11.41000, 30.
11.42000, 33.
11.43000, 22.
11.44000, 26.
11.45000, 20.
11.46000, 29.
11.47000, 29.
11.48000, 36.
11.49000, 21.
11.50000, 32.
11.51000, 29.
11.52000, 31.
11.53000, 27.
11.54000, 32.
11.55000, 35.
11.56000, 36.
11.57000, 29.
11.58000, 37.
11.59000, 32.
11.60000, 37.
11.61000, 26.
11.62000, 33.
11.63000, 36.
11.64000, 22.
11.65000, 29.
11.66000, 35.
11.67000, 36.
11.68000, 41.
11.69000, 35.
11.70000, 31.
11.71000, 32.
11.72000, 36.
11.73000, 32.
11.74000, 29.
11.75000, 43.
11.76000, 30.
11.77000, 37.
11.78000, 27.
11.79000, 22.
11.80000, 28.
11.81000, 25.
11.82000, 21.
11.83000, 31.
11.84000, 22.
11.85000, 30.
11.86000, 29.
11.87000, 20.
11.88000, 23.
11.89000, 26.
11.90000, 30.
11.91000, 31.
11.92000, 22.
11.93000, 26.
11.94000, 32.
11.95000, 36.
11.96000, 21.
11.97000, 33.
11.98000, 27.
11.99000, 32.
12.00000, 24.
12.01000, 26.
12.02000, 28.
12.03000, 20.
12.04000, 31.
12.05000, 32.
12.06000, 29.
12.07000, 20.
12.08000, 26.
12.09000, 29.
12.10000, 33.
12.11000, 26.
12.12000, 38.
12.13000, 34.
12.14000, 37.
12.15000, 31.
12.16000, 44.
12.17000, 31.
12.18000, 25.
12.19000, 36.
12.20000, 27.
12.21000, 31.
12.22000, 29.
12.23000, 24.
12.24000, 30.
12.25000, 33.
12.26000, 38.
12.27000, 32.
12.28000, 22.
12.29000, 35.
12.30000, 24.
12.31000, 37.
12.32000, 39.
12.33000, 24.
12.34000, 36.
12.35000, 34.
12.36000, 25.
12.37000, 42.
12.38000, 30.
12.39000, 36.
12.40000, 29.
12.41000, 18.
12.42000, 26.
12.43000, 32.
12.44000, 33.
12.45000, 30.
12.46000, 28.
12.47000, 30.
12.48000, 26.
12.49000, 41.
12.50000, 28.
12.51000, 35.
12.52000, 18.
12.53000, 40.
12.54000, 43.
12.55000, 28.
12.56000, 30.
12.57000, 40.
12.58000, 30.
12.59000, 39.
12.60000, 50.
12.61000, 56.
12.62000, 54.
12.63000, 56.
12.64000, 57.
12.65000, 62.
12.66000, 71.
12.67000, 85.
12.68000, 82.
12.69000, 106.
12.70000, 106.
12.71000, 127.
12.72000, 128.
12.73000, 149.
12.74000, 138.
12.75000, 147.
12.76000, 165.
12.77000, 186.
12.78000, 180.
12.79000, 191.
12.80000, 190.
12.81000, 179.
12.82000, 220.
12.83000, 215.
12.84000, 169.
12.85000, 179.
12.86000, 162.
12.87000, 146.
12.88000, 141.
12.89000, 118.
12.90000, 127.
12.91000, 103.
12.92000, 101.
12.93000, 107.
12.94000, 87.
12.95000, 85.
12.96000, 91.
12.97000, 63.
12.98000, 42.
12.99000, 66.
13.00000, 49.
13.01000, 44.
13.02000, 51.
13.03000, 40.
13.04000, 40.
13.05000, 40.
13.06000, 34.
13.07000, 45.
13.08000, 26.
13.09000, 39.
13.10000, 34.
13.11000, 36.
13.12000, 36.
13.13000, 30.
13.14000, 28.
13.15000, 29.
13.16000, 37.
13.17000, 29.
13.18000, 32.
13.19000, 25.
13.20000, 27.
13.21000, 44.
13.22000, 25.
13.23000, 21.
13.24000, 30.
13.25000, 31.
13.26000, 27.
13.27000, 35.
13.28000, 29.
13.29000, 29.
13.30000, 27.
13.31000, 39.
13.32000, 39.
13.33000, 42.
13.34000, 33.
13.35000, 47.
13.36000, 68.
13.37000, 60.
13.38000, 61.
13.39000, 58.
13.40000, 63.
13.41000, 77.
13.42000, 66.
13.43000, 78.
13.44000, 89.
13.45000, 89.
13.46000, 58.
13.47000, 98.
13.48000, 71.
13.49000, 56.
13.50000, 71.
13.51000, 78.
13.52000, 58.
13.53000, 74.
13.54000, 48.
13.55000, 54.
13.56000, 55.
13.57000, 51.
13.58000, 53.
13.59000, 47.
13.60000, 43.
13.61000, 22.
13.62000, 28.
13.63000, 36.
13.64000, 29.
13.65000, 34.
13.66000, 19.
13.67000, 18.
13.68000, 40.
13.69000, 23.
13.70000, 36.
13.71000, 24.
13.72000, 24.
13.73000, 20.
13.74000, 21.
13.75000, 32.
13.76000, 20.
13.77000, 31.
13.78000, 31.
13.79000, 20.
13.80000, 31.
13.81000, 18.
13.82000, 19.
13.83000, 22.
13.84000, 35.
13.85000, 24.
13.86000, 26.
13.87000, 32.
13.88000, 25.
13.89000, 38.
13.90000, 40.
13.91000, 46.
13.92000, 40.
13.93000, 58.
13.94000, 57.
13.95000, 77.
13.96000, 60.
13.97000, 85.
13.98000, 98.
13.99000, 101.
14.00000, 140.
14.01000, 140.
14.02000, 140.
14.03000, 169.
14.04000, 211.
14.05000, 217.
14.06000, 235.
14.07000, 209.
14.08000, 255.
14.09000, 280.
14.10000, 291.
14.11000, 280.
14.12000, 305.
14.13000, 267.
14.14000, 290.
14.15000, 308.
14.16000, 252.
14.17000, 234.
14.18000, 239.
14.19000, 205.
14.20000, 212.
14.21000, 196.
14.22000, 188.
14.23000, 141.
14.24000, 135.
14.25000, 107.
14.26000, 110.
14.27000, 88.
14.28000, 72.
14.29000, 70.
14.30000, 73.
14.31000, 53.
14.32000, 42.
14.33000, 35.
14.34000, 30.
14.35000, 37.
14.36000, 28.
14.37000, 31.
14.38000, 30.
14.39000, 33.
14.40000, 33.
14.41000, 26.
14.42000, 21.
14.43000, 34.
14.44000, 34.
14.45000, 30.
14.46000, 32.
14.47000, 27.
14.48000, 20.
14.49000, 15.
14.50000, 25.
14.51000, 26.
14.52000, 32.
14.53000, 23.
14.54000, 27.
14.55000, 32.
14.56000, 31.
14.57000, 25.
14.58000, 32.
14.59000, 16.
14.60000, 20.
14.61000, 30.
14.62000, 25.
14.63000, 32.
14.64000, 36.
14.65000, 27.
14.66000, 23.
14.67000, 23.
14.68000, 32.
14.69000, 26.
14.70000, 31.
14.71000, 35.
14.72000, 30.
14.73000, 32.
14.74000, 39.
14.75000, 45.
14.76000, 36.
14.77000, 45.
14.78000, 53.
14.79000, 51.
14.80000, 47.
14.81000, 45.
14.82000, 64.
14.83000, 62.
14.84000, 62.
14.85000, 62.
14.86000, 78.
14.87000, 71.
14.88000, 78.
14.89000, 68.
14.90000, 76.
14.91000, 63.
14.92000, 103.
14.93000, 87.
14.94000, 87.
14.95000, 87.
14.96000, 79.
14.97000, 77.
14.98000, 71.
14.99000, 77.
15.00000, 61.
15.01000, 47.
15.02000, 54.
15.03000, 52.
15.04000, 46.
15.05000, 49.
15.06000, 35.
15.07000, 36.
15.08000, 39.
15.09000, 38.
15.10000, 35.
15.11000, 23.
15.12000, 27.
15.13000, 40.
15.14000, 31.
15.15000, 25.
15.16000, 19.
15.17000, 29.
15.18000, 24.
15.19000, 31.
15.20000, 31.
15.21000, 19.
15.22000, 26.
15.23000, 26.
15.24000, 32.
15.25000, 28.
15.26000, 24.
15.27000, 21.
15.28000, 29.
15.29000, 24.
15.30000, 20.
15.31000, 21.
15.32000, 27.
15.33000, 31.
15.34000, 25.
15.35000, 27.
15.36000, 26.
15.37000, 20.
15.38000, 28.
15.39000, 21.
15.40000, 23.
15.41000, 26.
15.42000, 36.
15.43000, 32.
15.44000, 32.
15.45000, 34.
15.46000, 32.
15.47000, 30.
15.48000, 27.
15.49000, 30.
15.50000, 35.
15.51000, 41.
15.52000, 43.
15.53000, 57.
15.54000, 54.
15.55000, 61.
15.56000, 58.
15.57000, 80.
15.58000, 59.
15.59000, 86.
15.60000, 77.
15.61000, 95.
15.62000, 82.
15.63000, 100.
15.64000, 106.
15.65000, 121.
15.66000, 135.
15.67000, 128.
15.68000, 138.
15.69000, 152.
15.70000, 166.
15.71000, 161.
15.72000, 150.
15.73000, 170.
15.74000, 167.
15.75000, 183.
15.76000, 147.
15.77000, 150.
15.78000, 161.
15.79000, 157.
15.80000, 152.
15.81000, 148.
15.82000, 138.
15.83000, 131.
15.84000, 126.
15.85000, 129.
15.86000, 90.
15.87000, 98.
15.88000, 88.
15.89000, 82.
15.90000, 69.
15.91000, 85.
15.92000, 62.
15.93000, 75.
15.94000, 43.
15.95000, 42.
15.96000, 45.
15.97000, 52.
15.98000, 42.
15.99000, 40.
16.00000, 42.
16.01000, 44.
16.02000, 40.
16.03000, 44.
16.04000, 34.
16.05000, 38.
16.06000, 49.
16.07000, 31.
16.08000, 36.
16.09000, 30.
16.10000, 46.
16.11000, 44.
16.12000, 42.
16.13000, 51.
16.14000, 48.
16.15000, 33.
16.16000, 33.
16.17000, 56.
16.18000, 45.
16.19000, 54.
16.20000, 52.
16.21000, 46.
16.22000, 38.
16.23000, 41.
16.24000, 47.
16.25000, 40.
16.26000, 39.
16.27000, 30.
16.28000, 43.
16.29000, 42.
16.30000, 39.
16.31000, 61.
16.32000, 33.
16.33000, 53.
16.34000, 58.
16.35000, 55.
16.36000, 63.
16.37000, 63.
16.38000, 50.
16.39000, 74.
16.40000, 82.
16.41000, 112.
16.42000, 137.
16.43000, 130.
16.44000, 119.
16.45000, 132.
16.46000, 153.
16.47000, 163.
16.48000, 165.
16.49000, 204.
16.50000, 219.
16.51000, 194.
16.52000, 210.
16.53000, 223.
16.54000, 236.
16.55000, 244.
16.56000, 214.
16.57000, 247.
16.58000, 258.
16.59000, 248.
16.60000, 232.
16.61000, 240.
16.62000, 211.
16.63000, 200.
16.64000, 174.
16.65000, 169.
16.66000, 169.
16.67000, 156.
16.68000, 135.
16.69000, 111.
16.70000, 112.
16.71000, 133.
16.72000, 95.
16.73000, 71.
16.74000, 71.
16.75000, 70.
16.76000, 62.
16.77000, 56.
16.78000, 60.
16.79000, 48.
16.80000, 42.
16.81000, 42.
16.82000, 38.
16.83000, 31.
16.84000, 34.
16.85000, 35.
16.86000, 33.
16.87000, 35.
16.88000, 29.
16.89000, 32.
16.90000, 25.
16.91000, 24.
16.92000, 28.
16.93000, 28.
16.94000, 25.
16.95000, 19.
16.96000, 30.
16.97000, 27.
16.98000, 18.
16.99000, 34.
17.00000, 35.
17.01000, 32.
17.02000, 31.
17.03000, 26.
17.04000, 34.
17.05000, 24.
17.06000, 33.
17.07000, 24.
17.08000, 18.
17.09000, 25.
17.10000, 28.
17.11000, 26.
17.12000, 18.
17.13000, 20.
17.14000, 29.
17.15000, 24.
17.16000, 25.
17.17000, 30.
17.18000, 25.
17.19000, 24.
17.20000, 30.
17.21000, 20.
17.22000, 30.
17.23000, 28.
17.24000, 38.
17.25000, 28.
17.26000, 27.
17.27000, 26.
17.28000, 31.
17.29000, 26.
17.30000, 34.
17.31000, 25.
17.32000, 33.
17.33000, 36.
17.34000, 27.
17.35000, 26.
17.36000, 21.
17.37000, 37.
17.38000, 33.
17.39000, 22.
17.40000, 33.
17.41000, 45.
17.42000, 41.
17.43000, 29.
17.44000, 36.
17.45000, 45.
17.46000, 32.
17.47000, 36.
17.48000, 48.
17.49000, 34.
17.50000, 30.
17.51000, 39.
17.52000, 39.
17.53000, 50.
17.54000, 43.
17.55000, 38.
17.56000, 31.
17.57000, 62.
17.58000, 59.
17.59000, 50.
17.60000, 40.
17.61000, 34.
17.62000, 48.
17.63000, 44.
17.64000, 47.
17.65000, 37.
17.66000, 31.
17.67000, 52.
17.68000, 42.
17.69000, 36.
17.70000, 35.
17.71000, 24.
17.72000, 37.
17.73000, 31.
17.74000, 31.
17.75000, 34.
17.76000, 32.
17.77000, 36.
17.78000, 46.
17.79000, 32.
17.80000, 30.
17.81000, 28.
17.82000, 38.
17.83000, 24.
17.84000, 35.
17.85000, 28.
17.86000, 26.
17.87000, 31.
17.88000, 40.
17.89000, 14.
17.90000, 47.
17.91000, 28.
17.92000, 28.
17.93000, 37.
17.94000, 34.
17.95000, 28.
17.96000, 37.
17.97000, 29.
17.98000, 39.
17.99000, 37.
18.00000, 35.
18.01000, 32.
18.02000, 29.
18.03000, 37.
18.04000, 36.
18.05000, 36.
18.06000, 39.
18.07000, 34.
18.08000, 35.
18.09000, 41.
18.10000, 21.
18.11000, 37.
18.12000, 33.
18.13000, 38.
18.14000, 29.
18.15000, 39.
18.16000, 38.
18.17000, 38.
18.18000, 34.
18.19000, 30.
18.20000, 37.
18.21000, 38.
18.22000, 47.
18.23000, 29.
18.24000, 32.
18.25000, 46.
18.26000, 43.
18.27000, 37.
18.28000, 43.
18.29000, 39.
18.30000, 46.
18.31000, 47.
18.32000, 63.
18.33000, 47.
18.34000, 53.
18.35000, 31.
18.36000, 40.
18.37000, 57.
18.38000, 51.
18.39000, 53.
18.40000, 52.
18.41000, 64.
18.42000, 64.
18.43000, 80.
18.44000, 85.
18.45000, 64.
18.46000, 75.
18.47000, 99.
18.48000, 76.
18.49000, 70.
18.50000, 93.
18.51000, 106.
18.52000, 106.
18.53000, 101.
18.54000, 107.
18.55000, 120.
18.56000, 116.
18.57000, 116.
18.58000, 132.
18.59000, 141.
18.60000, 116.
18.61000, 148.
18.62000, 135.
18.63000, 135.
18.64000, 121.
18.65000, 138.
18.66000, 142.
18.67000, 104.
18.68000, 131.
18.69000, 137.
18.70000, 111.
18.71000, 132.
18.72000, 127.
18.73000, 133.
18.74000, 109.
18.75000, 139.
18.76000, 103.
18.77000, 128.
18.78000, 119.
18.79000, 115.
18.80000, 111.
18.81000, 114.
18.82000, 112.
18.83000, 118.
18.84000, 129.
18.85000, 121.
18.86000, 123.
18.87000, 128.
18.88000, 129.
18.89000, 119.
18.90000, 122.
18.91000, 121.
18.92000, 112.
18.93000, 106.
18.94000, 101.
18.95000, 104.
18.96000, 109.
18.97000, 122.
18.98000, 99.
18.99000, 113.
19.00000, 113.
19.01000, 96.
19.02000, 98.
19.03000, 112.
19.04000, 86.
19.05000, 103.
19.06000, 85.
19.07000, 104.
19.08000, 83.
19.09000, 110.
19.10000, 71.
19.11000, 77.
19.12000, 67.
19.13000, 81.
19.14000, 69.
19.15000, 56.
19.16000, 58.
19.17000, 59.
19.18000, 55.
19.19000, 87.
19.20000, 67.
19.21000, 65.
19.22000, 65.
19.23000, 57.
19.24000, 50.
19.25000, 58.
19.26000, 49.
19.27000, 63.
19.28000, 55.
19.29000, 55.
19.30000, 53.
19.31000, 54.
19.32000, 41.
19.33000, 46.
19.34000, 38.
19.35000, 40.
19.36000, 38.
19.37000, 52.
19.38000, 42.
19.39000, 41.
19.40000, 36.
19.41000, 45.
19.42000, 32.
19.43000, 41.
19.44000, 39.
19.45000, 40.
19.46000, 41.
19.47000, 40.
19.48000, 31.
19.49000, 35.
19.50000, 31.
19.51000, 40.
19.52000, 47.
19.53000, 34.
19.54000, 41.
19.55000, 36.
19.56000, 40.
19.57000, 36.
19.58000, 27.
19.59000, 32.
19.60000, 31.
19.61000, 40.
19.62000, 32.
19.63000, 37.
19.64000, 36.
19.65000, 33.
19.66000, 28.
19.67000, 24.
19.68000, 34.
19.69000, 24.
19.70000, 20.
19.71000, 23.
19.72000, 22.
19.73000, 22.
19.74000, 35.
19.75000, 21.
19.76000, 27.
19.77000, 32.
19.78000, 26.
19.79000, 27.
19.80000, 25.
19.81000, 24.
19.82000, 30.
19.83000, 24.
19.84000, 31.
19.85000, 22.
19.86000, 37.
19.87000, 33.
19.88000, 39.
19.89000, 40.
19.90000, 55.
19.91000, 47.
19.92000, 62.
19.93000, 52.
19.94000, 60.
19.95000, 59.
19.96000, 78.
19.97000, 85.
19.98000, 87.
19.99000, 81.
20.00000, 88.
20.01000, 108.
20.02000, 108.
20.03000, 97.
20.04000, 138.
20.05000, 139.
20.06000, 109.
20.07000, 141.
20.08000, 135.
20.09000, 157.
20.10000, 158.
20.11000, 152.
20.12000, 193.
20.13000, 154.
20.14000, 176.
20.15000, 146.
20.16000, 152.
20.17000, 159.
20.18000, 161.
20.19000, 183.
20.20000, 152.
20.21000, 131.
20.22000, 139.
20.23000, 120.
20.24000, 119.
20.25000, 108.
20.26000, 113.
20.27000, 85.
20.28000, 78.
20.29000, 85.
20.30000, 68.
20.31000, 84.
20.32000, 72.
20.33000, 76.
20.34000, 58.
20.35000, 48.
20.36000, 40.
20.37000, 35.
20.38000, 30.
20.39000, 38.
20.40000, 35.
20.41000, 32.
20.42000, 33.
20.43000, 25.
20.44000, 35.
20.45000, 19.
20.46000, 23.
20.47000, 25.
20.48000, 21.
20.49000, 33.
20.50000, 17.
20.51000, 25.
20.52000, 25.
20.53000, 31.
20.54000, 27.
20.55000, 28.
20.56000, 27.
20.57000, 21.
20.58000, 25.
20.59000, 19.
20.60000, 30.
20.61000, 21.
20.62000, 23.
20.63000, 34.
20.64000, 34.
20.65000, 31.
20.66000, 23.
20.67000, 26.
20.68000, 27.
20.69000, 23.
20.70000, 30.
20.71000, 26.
20.72000, 28.
20.73000, 23.
20.74000, 25.
20.75000, 25.
20.76000, 20.
20.77000, 27.
20.78000, 26.
20.79000, 33.
20.80000, 24.
20.81000, 30.
20.82000, 31.
20.83000, 31.
20.84000, 28.
20.85000, 23.
20.86000, 28.
20.87000, 31.
20.88000, 30.
20.89000, 24.
20.90000, 26.
20.91000, 26.
20.92000, 31.
20.93000, 31.
20.94000, 25.
20.95000, 28.
20.96000, 27.
20.97000, 34.
20.98000, 28.
20.99000, 38.
21.00000, 43.
21.01000, 28.
21.02000, 29.
21.03000, 31.
21.04000, 25.
21.05000, 25.
21.06000, 48.
21.07000, 35.
21.08000, 37.
21.09000, 30.
21.10000, 45.
21.11000, 30.
21.12000, 46.
21.13000, 27.
21.14000, 36.
21.15000, 26.
21.16000, 30.
21.17000, 26.
21.18000, 35.
21.19000, 27.
21.20000, 34.
21.21000, 30.
21.22000, 25.
21.23000, 30.
21.24000, 33.
21.25000, 23.
21.26000, 27.
21.27000, 32.
21.28000, 34.
21.29000, 41.
21.30000, 40.
21.31000, 27.
21.32000, 27.
21.33000, 27.
21.34000, 31.
21.35000, 22.
21.36000, 19.
21.37000, 23.
21.38000, 36.
21.39000, 32.
21.40000, 26.
21.41000, 23.
21.42000, 19.
21.43000, 21.
21.44000, 25.
21.45000, 20.
21.46000, 17.
21.47000, 17.
21.48000, 25.
21.49000, 19.
21.50000, 22.
21.51000, 17.
21.52000, 22.
21.53000, 11.
21.54000, 18.
21.55000, 17.
21.56000, 17.
21.57000, 22.
21.58000, 19.
21.59000, 15.
21.60000, 19.
21.61000, 20.
21.62000, 11.
21.63000, 14.
21.64000, 18.
21.65000, 17.
21.66000, 12.
21.67000, 13.
21.68000, 11.
21.69000, 15.
21.70000, 18.
21.71000, 18.
21.72000, 18.
21.73000, 14.
21.74000, 22.
21.75000, 21.
21.76000, 19.
21.77000, 10.
21.78000, 18.
21.79000, 17.
21.80000, 21.
21.81000, 15.
21.82000, 16.
21.83000, 14.
21.84000, 16.
21.85000, 13.
21.86000, 17.
21.87000, 20.
21.88000, 19.
21.89000, 22.
21.90000, 24.
21.91000, 12.
21.92000, 16.
21.93000, 21.
21.94000, 14.
21.95000, 21.
21.96000, 20.
21.97000, 12.
21.98000, 15.
21.99000, 14.
22.00000, 22.
22.01000, 10.
22.02000, 16.
22.03000, 13.
22.04000, 20.
22.05000, 13.
22.06000, 16.
22.07000, 19.
22.08000, 7.
22.09000, 20.
22.10000, 16.
22.11000, 14.
22.12000, 18.
22.13000, 18.
22.14000, 12.
22.15000, 5.
22.16000, 23.
22.17000, 11.
22.18000, 9.
22.19000, 13.
22.20000, 14.
22.21000, 22.
22.22000, 16.
22.23000, 12.
22.24000, 20.
22.25000, 12.
22.26000, 22.
22.27000, 8.
22.28000, 14.
22.29000, 14.
22.30000, 13.
22.31000, 13.
22.32000, 15.
22.33000, 11.
22.34000, 9.
22.35000, 15.
22.36000, 15.
22.37000, 17.
22.38000, 14.
22.39000, 14.
22.40000, 13.
22.41000, 15.
22.42000, 6.
22.43000, 11.
22.44000, 14.
22.45000, 11.
22.46000, 11.
22.47000, 22.
22.48000, 19.
22.49000, 14.
22.50000, 16.
22.51000, 13.
22.52000, 24.
22.53000, 31.
22.54000, 26.
22.55000, 25.
22.56000, 30.
22.57000, 32.
22.58000, 31.
22.59000, 37.
22.60000, 30.
22.61000, 38.
22.62000, 34.
22.63000, 35.
22.64000, 29.
22.65000, 44.
22.66000, 36.
22.67000, 46.
22.68000, 37.
22.69000, 36.
22.70000, 46.
22.71000, 23.
22.72000, 35.
22.73000, 29.
22.74000, 37.
22.75000, 30.
22.76000, 25.
22.77000, 27.
22.78000, 33.
22.79000, 23.
22.80000, 22.
22.81000, 14.
22.82000, 18.
22.83000, 19.
22.84000, 16.
22.85000, 23.
22.86000, 31.
22.87000, 21.
22.88000, 15.
22.89000, 24.
22.90000, 21.
22.91000, 15.
22.92000, 17.
22.93000, 16.
22.94000, 15.
22.95000, 14.
22.96000, 16.
22.97000, 13.
22.98000, 18.
22.99000, 22.
23.00000, 23.
23.01000, 17.
23.02000, 10.
23.03000, 16.
23.04000, 13.
23.05000, 16.
23.06000, 15.
23.07000, 18.
23.08000, 10.
23.09000, 10.
23.10000, 12.
23.11000, 18.
23.12000, 15.
23.13000, 23.
23.14000, 22.
23.15000, 15.
23.16000, 16.
23.17000, 13.
23.18000, 21.
23.19000, 17.
23.20000, 13.
23.21000, 10.
23.22000, 13.
23.23000, 13.
23.24000, 13.
23.25000, 10.
23.26000, 7.
23.27000, 14.
23.28000, 19.
23.29000, 13.
23.30000, 10.
23.31000, 11.
23.32000, 6.
23.33000, 14.
23.34000, 11.
23.35000, 10.
23.36000, 14.
23.37000, 8.
23.38000, 13.
23.39000, 16.
23.40000, 8.
23.41000, 10.
23.42000, 12.
23.43000, 11.
23.44000, 15.
23.45000, 10.
23.46000, 12.
23.47000, 7.
23.48000, 11.
23.49000, 10.
23.50000, 8.
23.51000, 11.
23.52000, 9.
23.53000, 6.
23.54000, 13.
23.55000, 14.
23.56000, 12.
23.57000, 14.
23.58000, 10.
23.59000, 12.
23.60000, 14.
23.61000, 14.
23.62000, 6.
23.63000, 14.
23.64000, 13.
23.65000, 10.
23.66000, 6.
23.67000, 8.
23.68000, 8.
23.69000, 12.
23.70000, 8.
23.71000, 13.
23.72000, 9.
23.73000, 8.
23.74000, 15.
23.75000, 6.
23.76000, 10.
23.77000, 6.
23.78000, 14.
23.79000, 9.
23.80000, 15.
23.81000, 6.
23.82000, 7.
23.83000, 10.
23.84000, 7.
23.85000, 11.
23.86000, 14.
23.87000, 9.
23.88000, 17.
23.89000, 9.
23.90000, 9.
23.91000, 7.
23.92000, 12.
23.93000, 14.
23.94000, 13.
23.95000, 13.
23.96000, 10.
23.97000, 8.
23.98000, 12.
23.99000, 13.
24.00000, 14.
24.01000, 14.
24.02000, 10.
24.03000, 8.
24.04000, 17.
24.05000, 6.
24.06000, 14.
24.07000, 12.
24.08000, 8.
24.09000, 10.
24.10000, 13.
24.11000, 12.
24.12000, 12.
24.13000, 13.
24.14000, 10.
24.15000, 12.
24.16000, 11.
24.17000, 9.
24.18000, 9.
24.19000, 11.
24.20000, 9.
24.21000, 6.
24.22000, 9.
24.23000, 14.
24.24000, 8.
24.25000, 5.
24.26000, 8.
24.27000, 11.
24.28000, 7.
24.29000, 11.
24.30000, 10.
24.31000, 10.
24.32000, 8.
24.33000, 9.
24.34000, 12.
24.35000, 9.
24.36000, 3.
24.37000, 14.
24.38000, 7.
24.39000, 8.
24.40000, 6.
24.41000, 9.
24.42000, 7.
24.43000, 12.
24.44000, 13.
24.45000, 10.
24.46000, 9.
24.47000, 11.
24.48000, 11.
24.49000, 7.
24.50000, 9.
24.51000, 8.
24.52000, 4.
24.53000, 10.
24.54000, 11.
24.55000, 9.
24.56000, 16.
24.57000, 8.
24.58000, 12.
24.59000, 7.
24.60000, 4.
24.61000, 14.
24.62000, 14.
24.63000, 11.
24.64000, 7.
24.65000, 18.
24.66000, 12.
24.67000, 8.
24.68000, 12.
24.69000, 13.
24.70000, 10.
24.71000, 6.
24.72000, 11.
24.73000, 11.
24.74000, 7.
24.75000, 9.
24.76000, 12.
24.77000, 12.
24.78000, 10.
24.79000, 10.
24.80000, 9.
24.81000, 11.
24.82000, 9.
24.83000, 16.
24.84000, 17.
24.85000, 6.
24.86000, 13.
24.87000, 12.
24.88000, 10.
24.89000, 11.
24.90000, 12.
24.91000, 15.
24.92000, 13.
24.93000, 6.
24.94000, 8.
24.95000, 14.
24.96000, 12.
24.97000, 11.
24.98000, 11.
24.99000, 11.
25.00000, 9.
25.01000, 13.
25.02000, 12.
25.03000, 6.
25.04000, 16.
25.05000, 10.
25.06000, 11.
25.07000, 17.
25.08000, 19.
25.09000, 6.
25.10000, 11.
25.11000, 13.
25.12000, 11.
25.13000, 16.
25.14000, 11.
25.15000, 15.
25.16000, 10.
25.17000, 10.
25.18000, 13.
25.19000, 14.
25.20000, 11.
25.21000, 12.
25.22000, 16.
25.23000, 8.
25.24000, 11.
25.25000, 6.
25.26000, 10.
25.27000, 10.
25.28000, 17.
25.29000, 9.
25.30000, 5.
25.31000, 14.
25.32000, 18.
25.33000, 12.
25.34000, 10.
25.35000, 16.
25.36000, 14.
25.37000, 10.
25.38000, 15.
25.39000, 20.
25.40000, 7.
25.41000, 11.
25.42000, 9.
25.43000, 13.
25.44000, 11.
25.45000, 13.
25.46000, 10.
25.47000, 9.
25.48000, 3.
25.49000, 8.
25.50000, 11.
25.51000, 9.
25.52000, 8.
25.53000, 5.
25.54000, 11.
25.55000, 10.
25.56000, 11.
25.57000, 8.
25.58000, 7.
25.59000, 13.
25.60000, 11.
25.61000, 6.
25.62000, 11.
25.63000, 10.
25.64000, 7.
25.65000, 6.
25.66000, 8.
25.67000, 6.
25.68000, 16.
25.69000, 12.
25.70000, 8.
25.71000, 7.
25.72000, 7.
25.73000, 13.
25.74000, 7.
25.75000, 7.
25.76000, 11.
25.77000, 11.
25.78000, 8.
25.79000, 5.
25.80000, 7.
25.81000, 11.
25.82000, 5.
25.83000, 12.
25.84000, 12.
25.85000, 9.
25.86000, 11.
25.87000, 11.
25.88000, 6.
25.89000, 16.
25.90000, 13.
25.91000, 8.
25.92000, 8.
25.93000, 13.
25.94000, 5.
25.95000, 7.
25.96000, 5.
25.97000, 12.
25.98000, 9.
25.99000, 13.
26.00000, 8.
26.01000, 12.
26.02000, 10.
26.03000, 7.
26.04000, 9.
26.05000, 9.
26.06000, 8.
26.07000, 7.
26.08000, 13.
26.09000, 9.
26.10000, 4.
26.11000, 11.
26.12000, 8.
26.13000, 10.
26.14000, 11.
26.15000, 5.
26.16000, 4.
26.17000, 11.
26.18000, 8.
26.19000, 9.
26.20000, 11.
26.21000, 7.
26.22000, 12.
26.23000, 7.
26.24000, 15.
26.25000, 8.
26.26000, 15.
26.27000, 8.
26.28000, 14.
26.29000, 14.
26.30000, 11.
26.31000, 6.
26.32000, 15.
26.33000, 15.
26.34000, 12.
26.35000, 6.
26.36000, 10.
26.37000, 14.
26.38000, 9.
26.39000, 6.
26.40000, 8.
26.41000, 8.
26.42000, 6.
26.43000, 9.
26.44000, 3.
26.45000, 3.
26.46000, 11.
26.47000, 14.
26.48000, 9.
26.49000, 6.
26.50000, 14.
26.51000, 10.
26.52000, 6.
26.53000, 14.
26.54000, 6.
26.55000, 11.
26.56000, 10.
26.57000, 9.
26.58000, 8.
26.59000, 3.
26.60000, 8.
26.61000, 18.
26.62000, 7.
26.63000, 13.
26.64000, 13.
26.65000, 7.
26.66000, 9.
26.67000, 9.
26.68000, 12.
26.69000, 6.
26.70000, 7.
26.71000, 9.
26.72000, 5.
26.73000, 9.
26.74000, 5.
26.75000, 9.
26.76000, 6.
26.77000, 8.
26.78000, 7.
26.79000, 8.
26.80000, 9.
26.81000, 6.
26.82000, 11.
26.83000, 7.
26.84000, 4.
26.85000, 4.
26.86000, 5.
26.87000, 11.
26.88000, 10.
26.89000, 9.
26.90000, 8.
26.91000, 9.
26.92000, 13.
26.93000, 13.
26.94000, 6.
26.95000, 10.
26.96000, 6.
26.97000, 5.
26.98000, 8.
26.99000, 7.
27.00000, 8.
27.01000, 13.
27.02000, 4.
27.03000, 5.
27.04000, 11.
27.05000, 5.
27.06000, 4.
27.07000, 3.
27.08000, 5.
27.09000, 10.
27.10000, 6.
27.11000, 8.
27.12000, 4.
27.13000, 10.
27.14000, 13.
27.15000, 6.
27.16000, 10.
27.17000, 9.
27.18000, 8.
27.19000, 9.
27.20000, 8.
27.21000, 8.
27.22000, 10.
27.23000, 7.
27.24000, 6.
27.25000, 5.
27.26000, 7.
27.27000, 5.
27.28000, 10.
27.29000, 11.
27.30000, 6.
27.31000, 3.
27.32000, 11.
27.33000, 15.
27.34000, 11.
27.35000, 9.
27.36000, 10.
27.37000, 5.
27.38000, 8.
27.39000, 9.
27.40000, 2.
27.41000, 9.
27.42000, 7.
27.43000, 12.
27.44000, 5.
27.45000, 4.
27.46000, 6.
27.47000, 9.
27.48000, 16.
27.49000, 7.
27.50000, 9.
27.51000, 9.
27.52000, 11.
27.53000, 9.
27.54000, 3.
27.55000, 5.
27.56000, 7.
27.57000, 4.
27.58000, 5.
27.59000, 3.
27.60000, 8.
27.61000, 6.
27.62000, 8.
27.63000, 8.
27.64000, 2.
27.65000, 4.
27.66000, 7.
27.67000, 9.
27.68000, 7.
27.69000, 6.
27.70000, 6.
27.71000, 11.
27.72000, 8.
27.73000, 9.
27.74000, 8.
27.75000, 8.
27.76000, 9.
27.77000, 12.
27.78000, 11.
27.79000, 4.
27.80000, 6.
27.81000, 10.
27.82000, 9.
27.83000, 5.
27.84000, 4.
27.85000, 13.
27.86000, 9.
27.87000, 7.
27.88000, 6.
27.89000, 9.
27.90000, 6.
27.91000, 8.
27.92000, 5.
27.93000, 7.
27.94000, 4.
27.95000, 8.
27.96000, 7.
27.97000, 3.
27.98000, 9.
27.99000, 11.
28.00000, 3.
28.01000, 14.
28.02000, 8.
28.03000, 11.
28.04000, 6.
28.05000, 7.
28.06000, 8.
28.07000, 10.
28.08000, 8.
28.09000, 6.
28.10000, 3.
28.11000, 1.
28.12000, 7.
28.13000, 8.
28.14000, 10.
28.15000, 5.
28.16000, 11.
28.17000, 8.
28.18000, 5.
28.19000, 6.
28.20000, 7.
28.21000, 5.
28.22000, 9.
28.23000, 4.
28.24000, 6.
28.25000, 9.
28.26000, 10.
28.27000, 10.
28.28000, 9.
28.29000, 8.
28.30000, 11.
28.31000, 8.
28.32000, 5.
28.33000, 6.
28.34000, 6.
28.35000, 11.
28.36000, 9.
28.37000, 11.
28.38000, 9.
28.39000, 8.
28.40000, 4.
28.41000, 9.
28.42000, 4.
28.43000, 7.
28.44000, 10.
28.45000, 10.
28.46000, 7.
28.47000, 4.
28.48000, 10.
28.49000, 3.
28.50000, 6.
28.51000, 11.
28.52000, 5.
28.53000, 10.
28.54000, 10.
28.55000, 10.
28.56000, 5.
28.57000, 9.
28.58000, 2.
28.59000, 12.
28.60000, 5.
28.61000, 6.
28.62000, 9.
28.63000, 5.
28.64000, 7.
28.65000, 7.
28.66000, 5.
28.67000, 4.
28.68000, 6.
28.69000, 8.
28.70000, 6.
28.71000, 4.
28.72000, 10.
28.73000, 6.
28.74000, 7.
28.75000, 6.
28.76000, 10.
28.77000, 5.
28.78000, 4.
28.79000, 3.
28.80000, 8.
28.81000, 5.
28.82000, 4.
28.83000, 8.
28.84000, 5.
28.85000, 6.
28.86000, 8.
28.87000, 7.
28.88000, 6.
28.89000, 7.
28.90000, 11.
28.91000, 8.
28.92000, 6.
28.93000, 4.
28.94000, 7.
28.95000, 4.
28.96000, 9.
28.97000, 11.
28.98000, 8.
28.99000, 9.
29.00000, 4.
29.01000, 5.
29.02000, 4.
29.03000, 5.
29.04000, 9.
29.05000, 2.
29.06000, 4.
29.07000, 6.
29.08000, 5.
29.09000, 6.
29.10000, 9.
29.11000, 5.
29.12000, 13.
29.13000, 7.
29.14000, 12.
29.15000, 9.
29.16000, 9.
29.17000, 11.
29.18000, 7.
29.19000, 10.
29.20000, 5.
29.21000, 7.
29.22000, 8.
29.23000, 7.
29.24000, 7.
29.25000, 4.
29.26000, 10.
29.27000, 6.
29.28000, 4.
29.29000, 3.
29.30000, 11.
29.31000, 6.
29.32000, 3.
29.33000, 7.
29.34000, 7.
29.35000, 3.
29.36000, 6.
29.37000, 7.
29.38000, 6.
29.39000, 4.
29.40000, 7.
29.41000, 5.
29.42000, 8.
29.43000, 8.
29.44000, 8.
29.45000, 8.
29.46000, 4.
29.47000, 9.
29.48000, 6.
29.49000, 3.
29.50000, 3.
29.51000, 4.
29.52000, 6.
29.53000, 7.
29.54000, 8.
29.55000, 6.
29.56000, 11.
29.57000, 5.
29.58000, 9.
29.59000, 5.
29.60000, 6.
29.61000, 5.
29.62000, 4.
29.63000, 7.
29.64000, 9.
29.65000, 4.
29.66000, 10.
29.67000, 5.
29.68000, 4.
29.69000, 8.
29.70000, 3.
29.71000, 4.
29.72000, 3.
29.73000, 4.
29.74000, 15.
29.75000, 3.
29.76000, 7.
29.77000, 5.
29.78000, 5.
29.79000, 5.
29.80000, 6.
29.81000, 2.
29.82000, 4.
29.83000, 1.
29.84000, 6.
29.85000, 2.
29.86000, 9.
29.87000, 7.
29.88000, 4.
29.89000, 2.
29.90000, 5.
29.91000, 4.
29.92000, 5.
29.93000, 5.
29.94000, 8.
29.95000, 4.
29.96000, 7.
29.97000, 3.
29.98000, 5.
29.99000, 9.
30.00000, 6.
30.01000, 5.
30.02000, 11.
30.03000, 4.
30.04000, 7.
30.05000, 9.
30.06000, 6.
30.07000, 8.
30.08000, 5.
30.09000, 6.
30.10000, 5.
30.11000, 10.
30.12000, 5.
30.13000, 6.
30.14000, 4.
30.15000, 5.
30.16000, 10.
30.17000, 5.
30.18000, 9.
30.19000, 7.
30.20000, 5.
30.21000, 7.
30.22000, 11.
30.23000, 5.
30.24000, 7.
30.25000, 4.
30.26000, 3.
30.27000, 5.
30.28000, 5.
30.29000, 4.
30.30000, 4.
30.31000, 10.
30.32000, 2.
30.33000, 8.
30.34000, 6.
30.35000, 4.
30.36000, 5.
30.37000, 5.
30.38000, 6.
30.39000, 11.
30.40000, 3.
30.41000, 6.
30.42000, 6.
30.43000, 4.
30.44000, 3.
30.45000, 7.
30.46000, 4.
30.47000, 4.
30.48000, 5.
30.49000, 9.
30.50000, 7.
30.51000, 14.
30.52000, 9.
30.53000, 6.
30.54000, 8.
30.55000, 3.
30.56000, 10.
30.57000, 6.
30.58000, 7.
30.59000, 2.
30.60000, 6.
30.61000, 5.
30.62000, 2.
30.63000, 11.
30.64000, 6.
30.65000, 4.
30.66000, 4.
30.67000, 9.
30.68000, 6.
30.69000, 6.
30.70000, 2.
30.71000, 4.
30.72000, 7.
30.73000, 9.
30.74000, 7.
30.75000, 6.
30.76000, 1.
30.77000, 3.
30.78000, 4.
30.79000, 7.
30.80000, 2.
30.81000, 12.
30.82000, 8.
30.83000, 3.
30.84000, 6.
30.85000, 8.
30.86000, 5.
30.87000, 4.
30.88000, 7.
30.89000, 5.
30.90000, 4.
30.91000, 6.
30.92000, 4.
30.93000, 10.
30.94000, 5.
30.95000, 5.
30.96000, 7.
30.97000, 7.
30.98000, 6.
30.99000, 3.
31.00000, 6.
31.01000, 5.
31.02000, 6.
31.03000, 5.
31.04000, 6.
31.05000, 3.
31.06000, 8.
31.07000, 2.
31.08000, 7.
31.09000, 7.
31.10000, 5.
31.11000, 6.
31.12000, 7.
31.13000, 2.
31.14000, 6.
31.15000, 8.
31.16000, 5.
31.17000, 9.
31.18000, 6.
31.19000, 12.
31.20000, 8.
31.21000, 5.
31.22000, 6.
31.23000, 4.
31.24000, 5.
31.25000, 6.
31.26000, 7.
31.27000, 4.
31.28000, 3.
31.29000, 5.
31.30000, 6.
31.31000, 6.
31.32000, 7.
31.33000, 8.
31.34000, 8.
31.35000, 6.
31.36000, 9.
31.37000, 6.
31.38000, 8.
31.39000, 4.
31.40000, 4.
31.41000, 4.
31.42000, 6.
31.43000, 6.
31.44000, 8.
31.45000, 8.
31.46000, 5.
31.47000, 8.
31.48000, 5.
31.49000, 4.
31.50000, 3.
31.51000, 8.
31.52000, 3.
31.53000, 8.
31.54000, 4.
31.55000, 7.
31.56000, 6.
31.57000, 7.
31.58000, 5.
31.59000, 5.
31.60000, 4.
31.61000, 6.
31.62000, 4.
31.63000, 10.
31.64000, 9.
31.65000, 11.
31.66000, 4.
31.67000, 2.
31.68000, 9.
31.69000, 10.
31.70000, 6.
31.71000, 11.
31.72000, 6.
31.73000, 11.
31.74000, 10.
31.75000, 5.
31.76000, 6.
31.77000, 5.
31.78000, 4.
31.79000, 6.
31.80000, 12.
31.81000, 6.
31.82000, 8.
31.83000, 11.
31.84000, 4.
31.85000, 3.
31.86000, 7.
31.87000, 6.
31.88000, 8.
31.89000, 11.
31.90000, 6.
31.91000, 6.
31.92000, 7.
31.93000, 8.
31.94000, 6.
31.95000, 7.
31.96000, 4.
31.97000, 4.
31.98000, 8.
31.99000, 9.
32.00000, 7.
32.01000, 6.
32.02000, 12.
32.03000, 10.
32.04000, 3.
32.05000, 11.
32.06000, 5.
32.07000, 2.
32.08000, 12.
32.09000, 10.
32.10000, 10.
32.11000, 6.
32.12000, 12.
32.13000, 11.
32.14000, 6.
32.15000, 2.
32.16000, 9.
32.17000, 7.
32.18000, 10.
32.19000, 7.
32.20000, 3.
32.21000, 8.
32.22000, 6.
32.23000, 6.
32.24000, 10.
32.25000, 9.
32.26000, 5.
32.27000, 5.
32.28000, 6.
32.29000, 9.
32.30000, 6.
32.31000, 5.
32.32000, 4.
32.33000, 9.
32.34000, 3.
32.35000, 5.
32.36000, 3.
32.37000, 8.
32.38000, 10.
32.39000, 3.
32.40000, 2.
32.41000, 5.
32.42000, 6.
32.43000, 4.
32.44000, 3.
32.45000, 1.
32.46000, 4.
32.47000, 4.
32.48000, 8.
32.49000, 3.
32.50000, 4.
32.51000, 4.
32.52000, 2.
32.53000, 6.
32.54000, 4.
32.55000, 5.
32.56000, 5.
32.57000, 2.
32.58000, 1.
32.59000, 5.
32.60000, 6.
32.61000, 3.
32.62000, 6.
32.63000, 6.
32.64000, 6.
32.65000, 4.
32.66000, 8.
32.67000, 3.
32.68000, 2.
32.69000, 2.
32.70000, 5.
32.71000, 5.
32.72000, 5.
32.73000, 9.
32.74000, 4.
32.75000, 10.
32.76000, 9.
32.77000, 8.
32.78000, 8.
32.79000, 7.
32.80000, 9.
32.81000, 8.
32.82000, 9.
32.83000, 7.
32.84000, 10.
32.85000, 8.
32.86000, 17.
32.87000, 14.
32.88000, 9.
32.89000, 10.
32.90000, 11.
32.91000, 11.
32.92000, 9.
32.93000, 11.
32.94000, 6.
32.95000, 11.
32.96000, 13.
32.97000, 13.
32.98000, 16.
32.99000, 22.
33.00000, 16.
33.01000, 12.
33.02000, 14.
33.03000, 17.
33.04000, 15.
33.05000, 10.
33.06000, 12.
33.07000, 11.
33.08000, 11.
33.09000, 13.
33.10000, 14.
33.11000, 11.
33.12000, 14.
33.13000, 7.
33.14000, 10.
33.15000, 10.
33.16000, 9.
33.17000, 12.
33.18000, 11.
33.19000, 6.
33.20000, 8.
33.21000, 15.
33.22000, 15.
33.23000, 18.
33.24000, 28.
33.25000, 17.
33.26000, 14.
33.27000, 18.
33.28000, 17.
33.29000, 20.
33.30000, 19.
33.31000, 18.
33.32000, 30.
33.33000, 16.
33.34000, 16.
33.35000, 20.
33.36000, 16.
33.37000, 27.
33.38000, 22.
33.39000, 20.
33.40000, 24.
33.41000, 29.
33.42000, 23.
33.43000, 21.
33.44000, 14.
33.45000, 18.
33.46000, 10.
33.47000, 14.
33.48000, 10.
33.49000, 9.
33.50000, 17.
33.51000, 15.
33.52000, 16.
33.53000, 13.
33.54000, 17.
33.55000, 8.
33.56000, 9.
33.57000, 9.
33.58000, 8.
33.59000, 2.
33.60000, 6.
33.61000, 5.
33.62000, 7.
33.63000, 4.
33.64000, 4.
33.65000, 7.
33.66000, 3.
33.67000, 4.
33.68000, 2.
33.69000, 3.
33.70000, 2.
33.71000, 10.
33.72000, 8.
33.73000, 2.
33.74000, 5.
33.75000, 7.
33.76000, 6.
33.77000, 4.
33.78000, 5.
33.79000, 4.
33.80000, 1.
33.81000, 1.
33.82000, 3.
33.83000, 3.
33.84000, 4.
33.85000, 6.
33.86000, 4.
33.87000, 4.
33.88000, 3.
33.89000, 3.
33.90000, 4.
33.91000, 0.
33.92000, 3.
33.93000, 4.
33.94000, 9.
33.95000, 5.
33.96000, 4.
33.97000, 6.
33.98000, 6.
33.99000, 7.
34.00000, 4.
34.01000, 6.
34.02000, 6.
34.03000, 6.
34.04000, 10.
34.05000, 8.
34.06000, 6.
34.07000, 7.
34.08000, 14.
34.09000, 17.
34.10000, 11.
34.11000, 9.
34.12000, 10.
34.13000, 6.
34.14000, 11.
34.15000, 14.
34.16000, 7.
34.17000, 10.
34.18000, 16.
34.19000, 8.
34.20000, 6.
34.21000, 22.
34.22000, 15.
34.23000, 14.
34.24000, 14.
34.25000, 7.
34.26000, 10.
34.27000, 12.
34.28000, 10.
34.29000, 10.
34.30000, 20.
34.31000, 13.
34.32000, 16.
34.33000, 12.
34.34000, 11.
34.35000, 8.
34.36000, 13.
34.37000, 13.
34.38000, 7.
34.39000, 9.
34.40000, 10.
34.41000, 3.
34.42000, 15.
34.43000, 8.
34.44000, 7.
34.45000, 8.
34.46000, 7.
34.47000, 14.
34.48000, 6.
34.49000, 10.
34.50000, 15.
34.51000, 12.
34.52000, 10.
34.53000, 9.
34.54000, 7.
34.55000, 19.
34.56000, 23.
34.57000, 19.
34.58000, 13.
34.59000, 20.
34.60000, 13.
34.61000, 15.
34.62000, 17.
34.63000, 15.
34.64000, 21.
34.65000, 16.
34.66000, 19.
34.67000, 19.
34.68000, 15.
34.69000, 20.
34.70000, 19.
34.71000, 15.
34.72000, 20.
34.73000, 21.
34.74000, 12.
34.75000, 11.
34.76000, 14.
34.77000, 6.
34.78000, 24.
34.79000, 9.
34.80000, 13.
34.81000, 16.
34.82000, 10.
34.83000, 8.
34.84000, 13.
34.85000, 8.
34.86000, 7.
34.87000, 10.
34.88000, 6.
34.89000, 5.
34.90000, 5.
34.91000, 3.
34.92000, 8.
34.93000, 7.
34.94000, 4.
34.95000, 2.
34.96000, 4.
34.97000, 5.
34.98000, 6.
34.99000, 5.
35.00000, 7.
35.01000, 3.
35.02000, 5.
35.03000, 2.
35.04000, 4.
35.05000, 3.
35.06000, 8.
35.07000, 1.
35.08000, 1.
35.09000, 3.
35.10000, 3.
35.11000, 3.
35.12000, 1.
35.13000, 3.
35.14000, 6.
35.15000, 1.
35.16000, 3.
35.17000, 5.
35.18000, 2.
35.19000, 4.
35.20000, 2.
35.21000, 2.
35.22000, 2.
35.23000, 2.
35.24000, 4.
35.25000, 5.
35.26000, 5.
35.27000, 3.
35.28000, 4.
35.29000, 2.
35.30000, 4.
35.31000, 3.
35.32000, 2.
35.33000, 3.
35.34000, 3.
35.35000, 1.
35.36000, 1.
35.37000, 2.
35.38000, 4.
35.39000, 2.
35.40000, 4.
35.41000, 5.
35.42000, 6.
35.43000, 4.
35.44000, 3.
35.45000, 4.
35.46000, 6.
35.47000, 4.
35.48000, 5.
35.49000, 4.
35.50000, 3.
35.51000, 3.
35.52000, 7.
35.53000, 5.
35.54000, 2.
35.55000, 5.
35.56000, 5.
35.57000, 3.
35.58000, 4.
35.59000, 4.
35.60000, 6.
35.61000, 3.
35.62000, 1.
35.63000, 5.
35.64000, 1.
35.65000, 3.
35.66000, 1.
35.67000, 3.
35.68000, 4.
35.69000, 4.
35.70000, 9.
35.71000, 3.
35.72000, 4.
35.73000, 3.
35.74000, 0.
35.75000, 3.
35.76000, 2.
35.77000, 2.
35.78000, 2.
35.79000, 5.
35.80000, 5.
35.81000, 3.
35.82000, 3.
35.83000, 4.
35.84000, 4.
35.85000, 0.
35.86000, 4.
35.87000, 4.
35.88000, 10.
35.89000, 8.
35.90000, 6.
35.91000, 0.
35.92000, 0.
35.93000, 2.
35.94000, 4.
35.95000, 5.
35.96000, 5.
35.97000, 8.
35.98000, 3.
35.99000, 5.
36.00000, 5.
36.01000, 4.
36.02000, 6.
36.03000, 8.
36.04000, 6.
36.05000, 9.
36.06000, 9.
36.07000, 2.
36.08000, 3.
36.09000, 4.
36.10000, 3.
36.11000, 6.
36.12000, 5.
36.13000, 3.
36.14000, 4.
36.15000, 5.
36.16000, 5.
36.17000, 5.
36.18000, 4.
36.19000, 4.
36.20000, 7.
36.21000, 4.
36.22000, 3.
36.23000, 3.
36.24000, 3.
36.25000, 4.
36.26000, 3.
36.27000, 1.
36.28000, 6.
36.29000, 4.
36.30000, 3.
36.31000, 2.
36.32000, 4.
36.33000, 5.
36.34000, 1.
36.35000, 1.
36.36000, 2.
36.37000, 3.
36.38000, 4.
36.39000, 1.
36.40000, 3.
36.41000, 5.
36.42000, 2.
36.43000, 3.
36.44000, 1.
36.45000, 3.
36.46000, 5.
36.47000, 2.
36.48000, 1.
36.49000, 4.
36.50000, 3.
36.51000, 1.
36.52000, 1.
36.53000, 3.
36.54000, 4.
36.55000, 1.
36.56000, 2.
36.57000, 2.
36.58000, 5.
36.59000, 4.
36.60000, 8.
36.61000, 5.
36.62000, 1.
36.63000, 4.
36.64000, 3.
36.65000, 4.
36.66000, 3.
36.67000, 2.
36.68000, 5.
36.69000, 5.
36.70000, 5.
36.71000, 3.
36.72000, 4.
36.73000, 7.
36.74000, 5.
36.75000, 1.
36.76000, 4.
36.77000, 4.
36.78000, 6.
36.79000, 0.
36.80000, 5.
36.81000, 8.
36.82000, 4.
36.83000, 7.
36.84000, 3.
36.85000, 5.
36.86000, 2.
36.87000, 7.
36.88000, 4.
36.89000, 2.
36.90000, 2.
36.91000, 1.
36.92000, 1.
36.93000, 2.
36.94000, 4.
36.95000, 4.
36.96000, 4.
36.97000, 1.
36.98000, 1.
36.99000, 3.
37.00000, 3.
37.01000, 1.
37.02000, 2.
37.03000, 2.
37.04000, 5.
37.05000, 5.
37.06000, 4.
37.07000, 3.
37.08000, 3.
37.09000, 5.
37.10000, 4.
37.11000, 3.
37.12000, 7.
37.13000, 3.
37.14000, 3.
37.15000, 5.
37.16000, 6.
37.17000, 6.
37.18000, 4.
37.19000, 5.
37.20000, 5.
37.21000, 2.
37.22000, 5.
37.23000, 3.
37.24000, 4.
37.25000, 8.
37.26000, 4.
37.27000, 5.
37.28000, 4.
37.29000, 4.
37.30000, 4.
37.31000, 5.
37.32000, 3.
37.33000, 7.
37.34000, 1.
37.35000, 4.
37.36000, 6.
37.37000, 10.
37.38000, 2.
37.39000, 2.
37.40000, 5.
37.41000, 6.
37.42000, 5.
37.43000, 3.
37.44000, 3.
37.45000, 4.
37.46000, 8.
37.47000, 5.
37.48000, 2.
37.49000, 7.
37.50000, 3.
37.51000, 4.
37.52000, 6.
37.53000, 5.
37.54000, 7.
37.55000, 4.
37.56000, 5.
37.57000, 9.
37.58000, 5.
37.59000, 3.
37.60000, 9.
37.61000, 4.
37.62000, 5.
37.63000, 4.
37.64000, 10.
37.65000, 5.
37.66000, 5.
37.67000, 4.
37.68000, 3.
37.69000, 9.
37.70000, 4.
37.71000, 5.
37.72000, 7.
37.73000, 3.
37.74000, 6.
37.75000, 7.
37.76000, 3.
37.77000, 4.
37.78000, 2.
37.79000, 5.
37.80000, 6.
37.81000, 11.
37.82000, 6.
37.83000, 1.
37.84000, 4.
37.85000, 5.
37.86000, 2.
37.87000, 8.
37.88000, 3.
37.89000, 6.
37.90000, 6.
37.91000, 3.
37.92000, 3.
37.93000, 1.
37.94000, 4.
37.95000, 3.
37.96000, 0.
37.97000, 0.
37.98000, 2.
37.99000, 4.
38.00000, 3.
38.01000, 2.
38.02000, 2.
38.03000, 2.
38.04000, 2.
38.05000, 0.
38.06000, 4.
38.07000, 1.
38.08000, 0.
38.09000, 1.
38.10000, 2.
38.11000, 1.
38.12000, 1.
38.13000, 1.
38.14000, 1.
38.15000, 0.
38.16000, 1.
38.17000, 2.
38.18000, 2.
38.19000, 2.
38.20000, 1.
38.21000, 0.
38.22000, 5.
38.23000, 1.
38.24000, 1.
38.25000, 1.
38.26000, 1.
38.27000, 2.
38.28000, 0.
38.29000, 1.
38.30000, 1.
38.31000, 0.
38.32000, 1.
38.33000, 3.
38.34000, 1.
38.35000, 1.
38.36000, 3.
38.37000, 2.
38.38000, 3.
38.39000, 0.
38.40000, 2.
38.41000, 2.
38.42000, 1.
38.43000, 1.
38.44000, 2.
38.45000, 0.
38.46000, 4.
38.47000, 3.
38.48000, 0.
38.49000, 5.
38.50000, 2.
38.51000, 5.
38.52000, 4.
38.53000, 3.
38.54000, 3.
38.55000, 1.
38.56000, 2.
38.57000, 0.
38.58000, 3.
38.59000, 1.
38.60000, 4.
38.61000, 4.
38.62000, 5.
38.63000, 2.
38.64000, 1.
38.65000, 0.
38.66000, 4.
38.67000, 3.
38.68000, 3.
38.69000, 4.
38.70000, 1.
38.71000, 2.
38.72000, 2.
38.73000, 1.
38.74000, 1.
38.75000, 2.
38.76000, 2.
38.77000, 1.
38.78000, 1.
38.79000, 2.
38.80000, 1.
38.81000, 0.
38.82000, 2.
38.83000, 0.
38.84000, 3.
38.85000, 3.
38.86000, 3.
38.87000, 2.
38.88000, 3.
38.89000, 3.
38.90000, 2.
38.91000, 1.
38.92000, 1.
38.93000, 1.
38.94000, 4.
38.95000, 4.
38.96000, 1.
38.97000, 1.
38.98000, 2.
38.99000, 6.
39.00000, 4.
39.01000, 4.
39.02000, 1.
39.03000, 4.
39.04000, 5.
39.05000, 1.
39.06000, 3.
39.07000, 6.
39.08000, 7.
39.09000, 3.
39.10000, 2.
39.11000, 4.
39.12000, 5.
39.13000, 9.
39.14000, 3.
39.15000, 2.
39.16000, 3.
39.17000, 2.
39.18000, 3.
39.19000, 2.
39.20000, 2.
39.21000, 7.
39.22000, 4.
39.23000, 6.
39.24000, 1.
39.25000, 5.
39.26000, 2.
39.27000, 5.
39.28000, 6.
39.29000, 1.
39.30000, 4.
39.31000, 4.
39.32000, 8.
39.33000, 4.
39.34000, 3.
39.35000, 1.
39.36000, 2.
39.37000, 2.
39.38000, 0.
39.39000, 0.
39.40000, 2.
39.41000, 5.
39.42000, 2.
39.43000, 3.
39.44000, 2.
39.45000, 2.
39.46000, 2.
39.47000, 0.
39.48000, 1.
39.49000, 2.
39.50000, 4.
39.51000, 2.
39.52000, 2.
39.53000, 1.
39.54000, 1.
39.55000, 1.
39.56000, 3.
39.57000, 2.
39.58000, 1.
39.59000, 1.
39.60000, 3.
39.61000, 0.
39.62000, 0.
39.63000, 3.
39.64000, 1.
39.65000, 3.
39.66000, 1.
39.67000, 1.
39.68000, 2.
39.69000, 2.
39.70000, 1.
39.71000, 2.
39.72000, 1.
39.73000, 1.
39.74000, 3.
39.75000, 1.
39.76000, 0.
39.77000, 2.
39.78000, 0.
39.79000, 0.
39.80000, 1.
39.81000, 1.
39.82000, 1.
39.83000, 2.
39.84000, 0.
39.85000, 2.
39.86000, 0.
39.87000, 4.
39.88000, 2.
39.89000, 3.
39.90000, 1.
39.91000, 2.
39.92000, 2.
39.93000, 1.
39.94000, 0.
39.95000, 3.
39.96000, 2.
39.97000, 2.
39.98000, 3.
39.99000, 1.
40.00000, 1.
40.01000, 2.
40.02000, 0.
40.03000, 1.
40.04000, 1.
40.05000, 1.
40.06000, 1.
40.07000, 1.
40.08000, 0.
40.09000, 1.
40.10000, 1.
40.11000, 2.
40.12000, 2.
40.13000, 2.
40.14000, 4.
40.15000, 2.
40.16000, 1.
40.17000, 0.
40.18000, 2.
40.19000, 2.
40.20000, 4.
40.21000, 1.
40.22000, 0.
40.23000, 0.
40.24000, 6.
40.25000, 2.
40.26000, 5.
40.27000, 0.
40.28000, 1.
40.29000, 1.
40.30000, 2.
40.31000, 1.
40.32000, 6.
40.33000, 1.
40.34000, 1.
40.35000, 1.
40.36000, 2.
40.37000, 2.
40.38000, 0.
40.39000, 1.
40.40000, 2.
40.41000, 1.
40.42000, 0.
40.43000, 1.
40.44000, 0.
40.45000, 2.
40.46000, 3.
40.47000, 2.
40.48000, 0.
40.49000, 0.
40.50000, 1.
40.51000, 0.
40.52000, 2.
40.53000, 3.
40.54000, 2.
40.55000, 0.
#ENDOFDATA   : 
