#FORMAT      : EMSA/MAS Spectral Data File
#VERSION     : 1.0
#TITLE       : oreas 462 2
#DATE        : 10-AUG-2026
#TIME        : 12:50
#OWNER       : XGT7200
#NPOINTS     : 4096.
#NCOLUMNS    : 1.
#XUNITS      : keV
#YUNITS      : counts
#DATATYPE    : XY
#XPERCHAN    : 0.0100000
#OFFSET      : -0.400000
#SIGNALTYPE  : EDS
#CHOFFSET    : 40.0000
#LIVETIME    : 30.000000
#REALTIME    : 38.971853
#BEAMKV      : 50.0000
#PROBECUR    : 241000.
#MAGCAM      : 100.000
#XTILTSTGE   : 0.0
#AZIMANGLE   : 0.0
#ELEVANGLE   : 45.0
#XPOSITION mm: 0.0000
#YPOSITION mm: 0.0000
#ZPOSITION mm: 0.0000
##OXINSTPT   : 4
##OXINSTSTROB: 71.96
##OXINSTELEMS: 12,13,14,15,19,20,22,26,30,37,38,40,41
##OXINSTLABEL: 26, 6.404, Fe
##OXINSTLABEL: 26, 7.058, Fe
##OXINSTLABEL: 26, 0.705, Fe
##OXINSTLABEL: 26, 0.628, Fe
##OXINSTLABEL: 14, 1.740, Si
##OXINSTLABEL: 13, 1.487, Al
##OXINSTLABEL: 20, 3.692, Ca
##OXINSTLABEL: 20, 4.013, Ca
##OXINSTLABEL: 20, 0.341, Ca
##OXINSTLABEL: 20, 0.306, Ca
##OXINSTLABEL: 22, 4.511, Ti
##OXINSTLABEL: 22, 4.932, Ti
##OXINSTLABEL: 22, 0.452, Ti
##OXINSTLABEL: 22, 0.401, Ti
##OXINSTLABEL: 41, 16.615, Nb
##OXINSTLABEL: 41, 18.623, Nb
##OXINSTLABEL: 41, 18.953, Nb
##OXINSTLABEL: 41, 2.166, Nb
##OXINSTLABEL: 41, 1.996, Nb
##OXINSTLABEL: 41, 2.664, Nb
##OXINSTLABEL: 41, 1.902, Nb
##OXINSTLABEL: 15, 2.014, P
##OXINSTLABEL: 15, 2.139, P
##OXINSTLABEL: 38, 14.165, Sr
##OXINSTLABEL: 38, 15.836, Sr
##OXINSTLABEL: 38, 16.085, Sr
##OXINSTLABEL: 38, 1.807, Sr
##OXINSTLABEL: 38, 1.649, Sr
##OXINSTLABEL: 38, 1.582, Sr
##OXINSTLABEL: 40, 15.775, Zr
##OXINSTLABEL: 40, 17.668, Zr
##OXINSTLABEL: 40, 17.970, Zr
##OXINSTLABEL: 40, 2.042, Zr
##OXINSTLABEL: 40, 1.877, Zr
##OXINSTLABEL: 40, 2.503, Zr
##OXINSTLABEL: 40, 1.792, Zr
##OXINSTLABEL: 19, 3.314, K
##OXINSTLABEL: 19, 3.590, K
##OXINSTLABEL: 19, 0.262, K
##OXINSTLABEL: 12, 1.254, Mg
##OXINSTLABEL: 30, 8.639, Zn
##OXINSTLABEL: 30, 9.572, Zn
##OXINSTLABEL: 30, 1.012, Zn
##OXINSTLABEL: 30, 0.906, Zn
##OXINSTLABEL: 30, 0.884, Zn
##OXINSTLABEL: 37, 13.396, Rb
##OXINSTLABEL: 37, 14.962, Rb
##OXINSTLABEL: 37, 1.694, Rb
##OXINSTLABEL: 37, 1.542, Rb
##OXINSTLABEL: 37, 1.482, Rb
#SPECTRUM    : Spectral Data Starts Here
-0.40000, 0.
-0.39000, 0.
-0.38000, 0.
-0.37000, 0.
-0.36000, 0.
-0.35000, 0.
-0.34000, 0.
-0.33000, 0.
-0.32000, 0.
-0.31000, 0.
-0.30000, 0.
-0.29000, 0.
-0.28000, 0.
-0.27000, 0.
-0.26000, 0.
-0.25000, 0.
-0.24000, 0.
-0.23000, 0.
-0.22000, 0.
-0.21000, 0.
-0.20000, 0.
-0.19000, 0.
-0.18000, 0.
-0.17000, 0.
-0.16000, 0.
-0.15000, 0.
-0.14000, 0.
-0.13000, 0.
-0.12000, 0.
-0.11000, 0.
-0.10000, 0.
-0.09000, 0.
-0.08000, 0.
-0.07000, 0.
-0.06000, 0.
-0.05000, 0.
-0.04000, 0.
-0.03000, 0.
-0.02000, 0.
-0.01000, 0.
0.00000, 0.
0.01000, 0.
0.02000, 0.
0.03000, 0.
0.04000, 0.
0.05000, 0.
0.06000, 0.
0.07000, 0.
0.08000, 0.
0.09000, 0.
0.10000, 0.
0.11000, 0.
0.12000, 0.
0.13000, 0.
0.14000, 0.
0.15000, 0.
0.16000, 0.
0.17000, 0.
0.18000, 0.
0.19000, 0.
0.20000, 0.
0.21000, 0.
0.22000, 0.
0.23000, 0.
0.24000, 0.
0.25000, 0.
0.26000, 0.
0.27000, 0.
0.28000, 0.
0.29000, 0.
0.30000, 0.
0.31000, 0.
0.32000, 0.
0.33000, 0.
0.34000, 2.
0.35000, 3.
0.36000, 1.
0.37000, 1.
0.38000, 1.
0.39000, 3.
0.40000, 5.
0.41000, 9.
0.42000, 8.
0.43000, 6.
0.44000, 11.
0.45000, 9.
0.46000, 11.
0.47000, 11.
0.48000, 12.
0.49000, 10.
0.50000, 7.
0.51000, 12.
0.52000, 9.
0.53000, 21.
0.54000, 14.
0.55000, 17.
0.56000, 12.
0.57000, 11.
0.58000, 15.
0.59000, 7.
0.60000, 9.
0.61000, 6.
0.62000, 15.
0.63000, 6.
0.64000, 6.
0.65000, 9.
0.66000, 12.
0.67000, 11.
0.68000, 14.
0.69000, 6.
0.70000, 12.
0.71000, 16.
0.72000, 7.
0.73000, 12.
0.74000, 10.
0.75000, 7.
0.76000, 9.
0.77000, 11.
0.78000, 7.
0.79000, 10.
0.80000, 9.
0.81000, 10.
0.82000, 10.
0.83000, 12.
0.84000, 8.
0.85000, 11.
0.86000, 10.
0.87000, 17.
0.88000, 10.
0.89000, 4.
0.90000, 9.
0.91000, 12.
0.92000, 8.
0.93000, 10.
0.94000, 16.
0.95000, 13.
0.96000, 16.
0.97000, 10.
0.98000, 17.
0.99000, 9.
1.00000, 17.
1.01000, 9.
1.02000, 10.
1.03000, 7.
1.04000, 8.
1.05000, 13.
1.06000, 6.
1.07000, 5.
1.08000, 6.
1.09000, 8.
1.10000, 16.
1.11000, 9.
1.12000, 16.
1.13000, 9.
1.14000, 8.
1.15000, 15.
1.16000, 6.
1.17000, 7.
1.18000, 12.
1.19000, 9.
1.20000, 13.
1.21000, 12.
1.22000, 20.
1.23000, 19.
1.24000, 18.
1.25000, 27.
1.26000, 20.
1.27000, 24.
1.28000, 18.
1.29000, 19.
1.30000, 10.
1.31000, 15.
1.32000, 7.
1.33000, 7.
1.34000, 13.
1.35000, 12.
1.36000, 13.
1.37000, 14.
1.38000, 11.
1.39000, 15.
1.40000, 24.
1.41000, 34.
1.42000, 45.
1.43000, 70.
1.44000, 81.
1.45000, 116.
1.46000, 158.
1.47000, 188.
1.48000, 174.
1.49000, 207.
1.50000, 185.
1.51000, 193.
1.52000, 183.
1.53000, 122.
1.54000, 99.
1.55000, 72.
1.56000, 64.
1.57000, 49.
1.58000, 35.
1.59000, 23.
1.60000, 25.
1.61000, 20.
1.62000, 24.
1.63000, 39.
1.64000, 56.
1.65000, 83.
1.66000, 135.
1.67000, 214.
1.68000, 317.
1.69000, 434.
1.70000, 582.
1.71000, 677.
1.72000, 811.
1.73000, 938.
1.74000, 1041.
1.75000, 969.
1.76000, 981.
1.77000, 864.
1.78000, 720.
1.79000, 657.
1.80000, 500.
1.81000, 309.
1.82000, 257.
1.83000, 187.
1.84000, 121.
1.85000, 95.
1.86000, 67.
1.87000, 70.
1.88000, 49.
1.89000, 32.
1.90000, 34.
1.91000, 29.
1.92000, 30.
1.93000, 32.
1.94000, 21.
1.95000, 38.
1.96000, 47.
1.97000, 47.
1.98000, 49.
1.99000, 53.
2.00000, 78.
2.01000, 69.
2.02000, 67.
2.03000, 61.
2.04000, 62.
2.05000, 53.
2.06000, 43.
2.07000, 39.
2.08000, 38.
2.09000, 16.
2.10000, 23.
2.11000, 18.
2.12000, 22.
2.13000, 27.
2.14000, 22.
2.15000, 29.
2.16000, 19.
2.17000, 21.
2.18000, 22.
2.19000, 20.
2.20000, 22.
2.21000, 18.
2.22000, 22.
2.23000, 15.
2.24000, 23.
2.25000, 29.
2.26000, 28.
2.27000, 25.
2.28000, 38.
2.29000, 31.
2.30000, 21.
2.31000, 41.
2.32000, 29.
2.33000, 32.
2.34000, 31.
2.35000, 26.
2.36000, 28.
2.37000, 20.
2.38000, 23.
2.39000, 25.
2.40000, 24.
2.41000, 20.
2.42000, 23.
2.43000, 16.
2.44000, 10.
2.45000, 22.
2.46000, 18.
2.47000, 23.
2.48000, 24.
2.49000, 31.
2.50000, 25.
2.51000, 20.
2.52000, 22.
2.53000, 19.
2.54000, 26.
2.55000, 21.
2.56000, 27.
2.57000, 29.
2.58000, 38.
2.59000, 54.
2.60000, 67.
2.61000, 93.
2.62000, 122.
2.63000, 152.
2.64000, 188.
2.65000, 218.
2.66000, 321.
2.67000, 305.
2.68000, 334.
2.69000, 386.
2.70000, 385.
2.71000, 380.
2.72000, 389.
2.73000, 337.
2.74000, 292.
2.75000, 247.
2.76000, 225.
2.77000, 165.
2.78000, 151.
2.79000, 124.
2.80000, 107.
2.81000, 110.
2.82000, 88.
2.83000, 85.
2.84000, 100.
2.85000, 103.
2.86000, 73.
2.87000, 70.
2.88000, 64.
2.89000, 73.
2.90000, 70.
2.91000, 52.
2.92000, 46.
2.93000, 55.
2.94000, 60.
2.95000, 40.
2.96000, 40.
2.97000, 44.
2.98000, 54.
2.99000, 36.
3.00000, 42.
3.01000, 31.
3.02000, 31.
3.03000, 25.
3.04000, 22.
3.05000, 28.
3.06000, 25.
3.07000, 34.
3.08000, 27.
3.09000, 20.
3.10000, 18.
3.11000, 14.
3.12000, 20.
3.13000, 21.
3.14000, 17.
3.15000, 15.
3.16000, 9.
3.17000, 14.
3.18000, 19.
3.19000, 12.
3.20000, 15.
3.21000, 15.
3.22000, 21.
3.23000, 18.
3.24000, 19.
3.25000, 17.
3.26000, 25.
3.27000, 24.
3.28000, 39.
3.29000, 29.
3.30000, 31.
3.31000, 46.
3.32000, 27.
3.33000, 30.
3.34000, 27.
3.35000, 26.
3.36000, 32.
3.37000, 22.
3.38000, 26.
3.39000, 23.
3.40000, 12.
3.41000, 15.
3.42000, 17.
3.43000, 13.
3.44000, 13.
3.45000, 7.
3.46000, 12.
3.47000, 11.
3.48000, 15.
3.49000, 13.
3.50000, 18.
3.51000, 17.
3.52000, 22.
3.53000, 23.
3.54000, 20.
3.55000, 28.
3.56000, 35.
3.57000, 38.
3.58000, 61.
3.59000, 68.
3.60000, 93.
3.61000, 145.
3.62000, 165.
3.63000, 211.
3.64000, 254.
3.65000, 350.
3.66000, 378.
3.67000, 413.
3.68000, 410.
3.69000, 452.
3.70000, 495.
3.71000, 401.
3.72000, 407.
3.73000, 353.
3.74000, 285.
3.75000, 238.
3.76000, 179.
3.77000, 137.
3.78000, 115.
3.79000, 83.
3.80000, 81.
3.81000, 46.
3.82000, 41.
3.83000, 26.
3.84000, 28.
3.85000, 27.
3.86000, 22.
3.87000, 20.
3.88000, 25.
3.89000, 26.
3.90000, 21.
3.91000, 23.
3.92000, 39.
3.93000, 30.
3.94000, 43.
3.95000, 45.
3.96000, 54.
3.97000, 53.
3.98000, 73.
3.99000, 78.
4.00000, 74.
4.01000, 85.
4.02000, 79.
4.03000, 77.
4.04000, 78.
4.05000, 72.
4.06000, 80.
4.07000, 66.
4.08000, 62.
4.09000, 39.
4.10000, 36.
4.11000, 21.
4.12000, 24.
4.13000, 38.
4.14000, 29.
4.15000, 30.
4.16000, 23.
4.17000, 20.
4.18000, 18.
4.19000, 14.
4.20000, 13.
4.21000, 19.
4.22000, 25.
4.23000, 15.
4.24000, 13.
4.25000, 23.
4.26000, 22.
4.27000, 19.
4.28000, 29.
4.29000, 28.
4.30000, 26.
4.31000, 21.
4.32000, 33.
4.33000, 29.
4.34000, 39.
4.35000, 29.
4.36000, 47.
4.37000, 62.
4.38000, 80.
4.39000, 137.
4.40000, 169.
4.41000, 213.
4.42000, 283.
4.43000, 365.
4.44000, 439.
4.45000, 572.
4.46000, 672.
4.47000, 787.
4.48000, 864.
4.49000, 950.
4.50000, 1037.
4.51000, 1031.
4.52000, 1020.
4.53000, 1007.
4.54000, 876.
4.55000, 808.
4.56000, 736.
4.57000, 672.
4.58000, 527.
4.59000, 485.
4.60000, 446.
4.61000, 404.
4.62000, 337.
4.63000, 337.
4.64000, 344.
4.65000, 306.
4.66000, 268.
4.67000, 263.
4.68000, 250.
4.69000, 217.
4.70000, 171.
4.71000, 158.
4.72000, 143.
4.73000, 136.
4.74000, 127.
4.75000, 122.
4.76000, 137.
4.77000, 127.
4.78000, 128.
4.79000, 143.
4.80000, 157.
4.81000, 198.
4.82000, 193.
4.83000, 201.
4.84000, 210.
4.85000, 247.
4.86000, 245.
4.87000, 240.
4.88000, 219.
4.89000, 252.
4.90000, 268.
4.91000, 261.
4.92000, 270.
4.93000, 244.
4.94000, 235.
4.95000, 254.
4.96000, 241.
4.97000, 235.
4.98000, 222.
4.99000, 211.
5.00000, 201.
5.01000, 174.
5.02000, 169.
5.03000, 162.
5.04000, 133.
5.05000, 144.
5.06000, 125.
5.07000, 112.
5.08000, 103.
5.09000, 110.
5.10000, 106.
5.11000, 91.
5.12000, 88.
5.13000, 103.
5.14000, 74.
5.15000, 121.
5.16000, 114.
5.17000, 141.
5.18000, 136.
5.19000, 156.
5.20000, 149.
5.21000, 197.
5.22000, 198.
5.23000, 215.
5.24000, 225.
5.25000, 220.
5.26000, 208.
5.27000, 218.
5.28000, 225.
5.29000, 206.
5.30000, 203.
5.31000, 177.
5.32000, 186.
5.33000, 171.
5.34000, 197.
5.35000, 145.
5.36000, 159.
5.37000, 167.
5.38000, 159.
5.39000, 155.
5.40000, 172.
5.41000, 152.
5.42000, 165.
5.43000, 160.
5.44000, 141.
5.45000, 120.
5.46000, 122.
5.47000, 113.
5.48000, 93.
5.49000, 102.
5.50000, 88.
5.51000, 91.
5.52000, 72.
5.53000, 71.
5.54000, 79.
5.55000, 73.
5.56000, 75.
5.57000, 77.
5.58000, 75.
5.59000, 90.
5.60000, 80.
5.61000, 74.
5.62000, 68.
5.63000, 95.
5.64000, 102.
5.65000, 93.
5.66000, 91.
5.67000, 96.
5.68000, 99.
5.69000, 102.
5.70000, 91.
5.71000, 107.
5.72000, 90.
5.73000, 98.
5.74000, 93.
5.75000, 104.
5.76000, 93.
5.77000, 119.
5.78000, 99.
5.79000, 100.
5.80000, 119.
5.81000, 97.
5.82000, 115.
5.83000, 122.
5.84000, 140.
5.85000, 137.
5.86000, 157.
5.87000, 146.
5.88000, 158.
5.89000, 162.
5.90000, 144.
5.91000, 137.
5.92000, 149.
5.93000, 158.
5.94000, 145.
5.95000, 123.
5.96000, 135.
5.97000, 125.
5.98000, 114.
5.99000, 112.
6.00000, 102.
6.01000, 116.
6.02000, 111.
6.03000, 109.
6.04000, 130.
6.05000, 117.
6.06000, 128.
6.07000, 115.
6.08000, 127.
6.09000, 139.
6.10000, 133.
6.11000, 112.
6.12000, 160.
6.13000, 138.
6.14000, 166.
6.15000, 158.
6.16000, 186.
6.17000, 204.
6.18000, 245.
6.19000, 328.
6.20000, 412.
6.21000, 563.
6.22000, 791.
6.23000, 1103.
6.24000, 1603.
6.25000, 2265.
6.26000, 3245.
6.27000, 4493.
6.28000, 6105.
6.29000, 8074.
6.30000, 10488.
6.31000, 13311.
6.32000, 16469.
6.33000, 19944.
6.34000, 23474.
6.35000, 26774.
6.36000, 29830.
6.37000, 32598.
6.38000, 34447.
6.39000, 35726.
6.40000, 36425.
6.41000, 35123.
6.42000, 33737.
6.43000, 30904.
6.44000, 27868.
6.45000, 24890.
6.46000, 21148.
6.47000, 17728.
6.48000, 14111.
6.49000, 11301.
6.50000, 8745.
6.51000, 6702.
6.52000, 4883.
6.53000, 3494.
6.54000, 2492.
6.55000, 1742.
6.56000, 1206.
6.57000, 885.
6.58000, 527.
6.59000, 364.
6.60000, 290.
6.61000, 194.
6.62000, 163.
6.63000, 151.
6.64000, 151.
6.65000, 119.
6.66000, 107.
6.67000, 110.
6.68000, 108.
6.69000, 107.
6.70000, 102.
6.71000, 111.
6.72000, 100.
6.73000, 100.
6.74000, 105.
6.75000, 99.
6.76000, 141.
6.77000, 132.
6.78000, 124.
6.79000, 140.
6.80000, 160.
6.81000, 152.
6.82000, 163.
6.83000, 183.
6.84000, 207.
6.85000, 235.
6.86000, 241.
6.87000, 295.
6.88000, 374.
6.89000, 449.
6.90000, 544.
6.91000, 704.
6.92000, 824.
6.93000, 1150.
6.94000, 1409.
6.95000, 1726.
6.96000, 2107.
6.97000, 2645.
6.98000, 3049.
6.99000, 3572.
7.00000, 4028.
7.01000, 4596.
7.02000, 4868.
7.03000, 5120.
7.04000, 5467.
7.05000, 5444.
7.06000, 5278.
7.07000, 5282.
7.08000, 4795.
7.09000, 4520.
7.10000, 3985.
7.11000, 3660.
7.12000, 3060.
7.13000, 2522.
7.14000, 2137.
7.15000, 1740.
7.16000, 1249.
7.17000, 1013.
7.18000, 760.
7.19000, 571.
7.20000, 420.
7.21000, 311.
7.22000, 173.
7.23000, 152.
7.24000, 103.
7.25000, 68.
7.26000, 50.
7.27000, 31.
7.28000, 16.
7.29000, 27.
7.30000, 16.
7.31000, 19.
7.32000, 21.
7.33000, 16.
7.34000, 20.
7.35000, 8.
7.36000, 17.
7.37000, 18.
7.38000, 12.
7.39000, 21.
7.40000, 15.
7.41000, 18.
7.42000, 17.
7.43000, 17.
7.44000, 21.
7.45000, 32.
7.46000, 27.
7.47000, 30.
7.48000, 32.
7.49000, 19.
7.50000, 19.
7.51000, 17.
7.52000, 16.
7.53000, 23.
7.54000, 21.
7.55000, 19.
7.56000, 18.
7.57000, 9.
7.58000, 19.
7.59000, 11.
7.60000, 13.
7.61000, 19.
7.62000, 25.
7.63000, 19.
7.64000, 19.
7.65000, 20.
7.66000, 20.
7.67000, 16.
7.68000, 18.
7.69000, 16.
7.70000, 19.
7.71000, 14.
7.72000, 21.
7.73000, 19.
7.74000, 22.
7.75000, 24.
7.76000, 20.
7.77000, 20.
7.78000, 18.
7.79000, 24.
7.80000, 17.
7.81000, 28.
7.82000, 18.
7.83000, 26.
7.84000, 22.
7.85000, 28.
7.86000, 21.
7.87000, 27.
7.88000, 26.
7.89000, 21.
7.90000, 21.
7.91000, 24.
7.92000, 28.
7.93000, 37.
7.94000, 26.
7.95000, 29.
7.96000, 23.
7.97000, 33.
7.98000, 34.
7.99000, 25.
8.00000, 30.
8.01000, 32.
8.02000, 44.
8.03000, 34.
8.04000, 23.
8.05000, 34.
8.06000, 35.
8.07000, 27.
8.08000, 48.
8.09000, 28.
8.10000, 38.
8.11000, 25.
8.12000, 29.
8.13000, 48.
8.14000, 47.
8.15000, 47.
8.16000, 40.
8.17000, 34.
8.18000, 30.
8.19000, 35.
8.20000, 32.
8.21000, 23.
8.22000, 42.
8.23000, 20.
8.24000, 17.
8.25000, 29.
8.26000, 20.
8.27000, 19.
8.28000, 22.
8.29000, 18.
8.30000, 11.
8.31000, 13.
8.32000, 22.
8.33000, 15.
8.34000, 18.
8.35000, 22.
8.36000, 23.
8.37000, 21.
8.38000, 26.
8.39000, 17.
8.40000, 12.
8.41000, 22.
8.42000, 15.
8.43000, 21.
8.44000, 20.
8.45000, 32.
8.46000, 21.
8.47000, 19.
8.48000, 16.
8.49000, 26.
8.50000, 23.
8.51000, 31.
8.52000, 28.
8.53000, 35.
8.54000, 24.
8.55000, 37.
8.56000, 29.
8.57000, 41.
8.58000, 39.
8.59000, 50.
8.60000, 47.
8.61000, 33.
8.62000, 43.
8.63000, 38.
8.64000, 42.
8.65000, 40.
8.66000, 30.
8.67000, 40.
8.68000, 40.
8.69000, 46.
8.70000, 34.
8.71000, 36.
8.72000, 31.
8.73000, 36.
8.74000, 22.
8.75000, 23.
8.76000, 21.
8.77000, 29.
8.78000, 18.
8.79000, 18.
8.80000, 28.
8.81000, 28.
8.82000, 18.
8.83000, 19.
8.84000, 23.
8.85000, 21.
8.86000, 15.
8.87000, 26.
8.88000, 19.
8.89000, 21.
8.90000, 23.
8.91000, 22.
8.92000, 18.
8.93000, 21.
8.94000, 22.
8.95000, 12.
8.96000, 30.
8.97000, 20.
8.98000, 20.
8.99000, 22.
9.00000, 17.
9.01000, 15.
9.02000, 21.
9.03000, 28.
9.04000, 16.
9.05000, 27.
9.06000, 24.
9.07000, 27.
9.08000, 30.
9.09000, 31.
9.10000, 23.
9.11000, 15.
9.12000, 32.
9.13000, 20.
9.14000, 21.
9.15000, 27.
9.16000, 16.
9.17000, 32.
9.18000, 23.
9.19000, 19.
9.20000, 38.
9.21000, 25.
9.22000, 24.
9.23000, 25.
9.24000, 19.
9.25000, 25.
9.26000, 20.
9.27000, 25.
9.28000, 29.
9.29000, 23.
9.30000, 21.
9.31000, 22.
9.32000, 26.
9.33000, 36.
9.34000, 29.
9.35000, 20.
9.36000, 34.
9.37000, 27.
9.38000, 22.
9.39000, 22.
9.40000, 24.
9.41000, 18.
9.42000, 19.
9.43000, 34.
9.44000, 22.
9.45000, 18.
9.46000, 27.
9.47000, 24.
9.48000, 23.
9.49000, 19.
9.50000, 19.
9.51000, 20.
9.52000, 25.
9.53000, 27.
9.54000, 25.
9.55000, 28.
9.56000, 22.
9.57000, 23.
9.58000, 30.
9.59000, 39.
9.60000, 32.
9.61000, 24.
9.62000, 21.
9.63000, 35.
9.64000, 22.
9.65000, 27.
9.66000, 25.
9.67000, 26.
9.68000, 27.
9.69000, 27.
9.70000, 20.
9.71000, 18.
9.72000, 31.
9.73000, 27.
9.74000, 27.
9.75000, 27.
9.76000, 22.
9.77000, 27.
9.78000, 20.
9.79000, 20.
9.80000, 23.
9.81000, 33.
9.82000, 27.
9.83000, 14.
9.84000, 31.
9.85000, 32.
9.86000, 24.
9.87000, 23.
9.88000, 29.
9.89000, 25.
9.90000, 28.
9.91000, 20.
9.92000, 21.
9.93000, 23.
9.94000, 28.
9.95000, 21.
9.96000, 24.
9.97000, 16.
9.98000, 26.
9.99000, 31.
10.00000, 30.
10.01000, 27.
10.02000, 22.
10.03000, 29.
10.04000, 26.
10.05000, 25.
10.06000, 22.
10.07000, 35.
10.08000, 26.
10.09000, 25.
10.10000, 33.
10.11000, 19.
10.12000, 30.
10.13000, 27.
10.14000, 27.
10.15000, 36.
10.16000, 26.
10.17000, 26.
10.18000, 23.
10.19000, 27.
10.20000, 26.
10.21000, 22.
10.22000, 20.
10.23000, 23.
10.24000, 26.
10.25000, 18.
10.26000, 22.
10.27000, 18.
10.28000, 28.
10.29000, 21.
10.30000, 18.
10.31000, 16.
10.32000, 33.
10.33000, 19.
10.34000, 27.
10.35000, 22.
10.36000, 16.
10.37000, 35.
10.38000, 24.
10.39000, 29.
10.40000, 30.
10.41000, 26.
10.42000, 37.
10.43000, 32.
10.44000, 30.
10.45000, 25.
10.46000, 24.
10.47000, 31.
10.48000, 37.
10.49000, 33.
10.50000, 38.
10.51000, 38.
10.52000, 33.
10.53000, 30.
10.54000, 26.
10.55000, 27.
10.56000, 22.
10.57000, 41.
10.58000, 37.
10.59000, 33.
10.60000, 29.
10.61000, 33.
10.62000, 31.
10.63000, 23.
10.64000, 25.
10.65000, 23.
10.66000, 24.
10.67000, 24.
10.68000, 29.
10.69000, 28.
10.70000, 16.
10.71000, 38.
10.72000, 39.
10.73000, 22.
10.74000, 25.
10.75000, 33.
10.76000, 26.
10.77000, 32.
10.78000, 30.
10.79000, 26.
10.80000, 17.
10.81000, 41.
10.82000, 35.
10.83000, 35.
10.84000, 25.
10.85000, 36.
10.86000, 34.
10.87000, 29.
10.88000, 25.
10.89000, 41.
10.90000, 39.
10.91000, 38.
10.92000, 32.
10.93000, 32.
10.94000, 28.
10.95000, 31.
10.96000, 30.
10.97000, 40.
10.98000, 38.
10.99000, 35.
11.00000, 33.
11.01000, 22.
11.02000, 49.
11.03000, 33.
11.04000, 45.
11.05000, 33.
11.06000, 30.
11.07000, 25.
11.08000, 26.
11.09000, 26.
11.10000, 39.
11.11000, 19.
11.12000, 26.
11.13000, 27.
11.14000, 30.
11.15000, 26.
11.16000, 40.
11.17000, 20.
11.18000, 26.
11.19000, 32.
11.20000, 37.
11.21000, 28.
11.22000, 25.
11.23000, 24.
11.24000, 28.
11.25000, 32.
11.26000, 21.
11.27000, 26.
11.28000, 40.
11.29000, 19.
11.30000, 32.
11.31000, 31.
11.32000, 32.
11.33000, 23.
11.34000, 29.
11.35000, 34.
11.36000, 31.
11.37000, 35.
11.38000, 30.
11.39000, 24.
11.40000, 25.
11.41000, 27.
11.42000, 30.
11.43000, 22.
11.44000, 21.
11.45000, 17.
11.46000, 36.
11.47000, 29.
11.48000, 40.
11.49000, 26.
11.50000, 28.
11.51000, 26.
11.52000, 21.
11.53000, 33.
11.54000, 31.
11.55000, 35.
11.56000, 36.
11.57000, 28.
11.58000, 31.
11.59000, 35.
11.60000, 32.
11.61000, 35.
11.62000, 29.
11.63000, 24.
11.64000, 30.
11.65000, 28.
11.66000, 32.
11.67000, 32.
11.68000, 24.
11.69000, 33.
11.70000, 35.
11.71000, 31.
11.72000, 22.
11.73000, 36.
11.74000, 33.
11.75000, 28.
11.76000, 33.
11.77000, 33.
11.78000, 31.
11.79000, 29.
11.80000, 28.
11.81000, 23.
11.82000, 20.
11.83000, 24.
11.84000, 21.
11.85000, 32.
11.86000, 32.
11.87000, 34.
11.88000, 38.
11.89000, 29.
11.90000, 26.
11.91000, 30.
11.92000, 28.
11.93000, 27.
11.94000, 18.
11.95000, 27.
11.96000, 30.
11.97000, 34.
11.98000, 41.
11.99000, 24.
12.00000, 35.
12.01000, 19.
12.02000, 25.
12.03000, 27.
12.04000, 28.
12.05000, 27.
12.06000, 23.
12.07000, 33.
12.08000, 23.
12.09000, 23.
12.10000, 26.
12.11000, 24.
12.12000, 35.
12.13000, 41.
12.14000, 24.
12.15000, 21.
12.16000, 22.
12.17000, 31.
12.18000, 17.
12.19000, 16.
12.20000, 24.
12.21000, 31.
12.22000, 33.
12.23000, 23.
12.24000, 26.
12.25000, 24.
12.26000, 34.
12.27000, 29.
12.28000, 29.
12.29000, 27.
12.30000, 22.
12.31000, 25.
12.32000, 26.
12.33000, 27.
12.34000, 33.
12.35000, 25.
12.36000, 23.
12.37000, 31.
12.38000, 27.
12.39000, 28.
12.40000, 29.
12.41000, 25.
12.42000, 29.
12.43000, 26.
12.44000, 30.
12.45000, 20.
12.46000, 30.
12.47000, 32.
12.48000, 37.
12.49000, 31.
12.50000, 35.
12.51000, 31.
12.52000, 35.
12.53000, 29.
12.54000, 35.
12.55000, 37.
12.56000, 42.
12.57000, 40.
12.58000, 37.
12.59000, 47.
12.60000, 55.
12.61000, 44.
12.62000, 47.
12.63000, 75.
12.64000, 61.
12.65000, 72.
12.66000, 97.
12.67000, 86.
12.68000, 103.
12.69000, 88.
12.70000, 135.
12.71000, 139.
12.72000, 145.
12.73000, 141.
12.74000, 180.
12.75000, 177.
12.76000, 185.
12.77000, 199.
12.78000, 214.
12.79000, 224.
12.80000, 205.
12.81000, 200.
12.82000, 202.
12.83000, 199.
12.84000, 197.
12.85000, 175.
12.86000, 154.
12.87000, 154.
12.88000, 118.
12.89000, 145.
12.90000, 115.
12.91000, 87.
12.92000, 108.
12.93000, 81.
12.94000, 84.
12.95000, 61.
12.96000, 54.
12.97000, 51.
12.98000, 46.
12.99000, 42.
13.00000, 40.
13.01000, 55.
13.02000, 40.
13.03000, 40.
13.04000, 36.
13.05000, 46.
13.06000, 34.
13.07000, 34.
13.08000, 41.
13.09000, 32.
13.10000, 32.
13.11000, 38.
13.12000, 35.
13.13000, 23.
13.14000, 24.
13.15000, 27.
13.16000, 33.
13.17000, 27.
13.18000, 30.
13.19000, 26.
13.20000, 28.
13.21000, 26.
13.22000, 31.
13.23000, 42.
13.24000, 30.
13.25000, 20.
13.26000, 27.
13.27000, 35.
13.28000, 45.
13.29000, 39.
13.30000, 27.
13.31000, 46.
13.32000, 40.
13.33000, 48.
13.34000, 49.
13.35000, 73.
13.36000, 52.
13.37000, 62.
13.38000, 72.
13.39000, 70.
13.40000, 74.
13.41000, 74.
13.42000, 73.
13.43000, 80.
13.44000, 75.
13.45000, 70.
13.46000, 81.
13.47000, 95.
13.48000, 68.
13.49000, 76.
13.50000, 87.
13.51000, 67.
13.52000, 80.
13.53000, 57.
13.54000, 60.
13.55000, 55.
13.56000, 43.
13.57000, 39.
13.58000, 30.
13.59000, 34.
13.60000, 31.
13.61000, 39.
13.62000, 44.
13.63000, 28.
13.64000, 23.
13.65000, 39.
13.66000, 31.
13.67000, 21.
13.68000, 34.
13.69000, 29.
13.70000, 24.
13.71000, 35.
13.72000, 29.
13.73000, 29.
13.74000, 26.
13.75000, 27.
13.76000, 27.
13.77000, 32.
13.78000, 18.
13.79000, 26.
13.80000, 34.
13.81000, 24.
13.82000, 38.
13.83000, 28.
13.84000, 26.
13.85000, 27.
13.86000, 31.
13.87000, 38.
13.88000, 23.
13.89000, 26.
13.90000, 35.
13.91000, 28.
13.92000, 36.
13.93000, 53.
13.94000, 34.
13.95000, 41.
13.96000, 64.
13.97000, 53.
13.98000, 67.
13.99000, 68.
14.00000, 67.
14.01000, 74.
14.02000, 92.
14.03000, 113.
14.04000, 114.
14.05000, 108.
14.06000, 102.
14.07000, 114.
14.08000, 134.
14.09000, 137.
14.10000, 144.
14.11000, 124.
14.12000, 156.
14.13000, 139.
14.14000, 121.
14.15000, 140.
14.16000, 113.
14.17000, 145.
14.18000, 106.
14.19000, 132.
14.20000, 97.
14.21000, 100.
14.22000, 111.
14.23000, 66.
14.24000, 71.
14.25000, 79.
14.26000, 45.
14.27000, 34.
14.28000, 35.
14.29000, 41.
14.30000, 51.
14.31000, 33.
14.32000, 29.
14.33000, 30.
14.34000, 23.
14.35000, 38.
14.36000, 25.
14.37000, 34.
14.38000, 34.
14.39000, 20.
14.40000, 21.
14.41000, 21.
14.42000, 26.
14.43000, 21.
14.44000, 31.
14.45000, 21.
14.46000, 21.
14.47000, 23.
14.48000, 28.
14.49000, 29.
14.50000, 27.
14.51000, 27.
14.52000, 20.
14.53000, 23.
14.54000, 26.
14.55000, 26.
14.56000, 32.
14.57000, 37.
14.58000, 36.
14.59000, 20.
14.60000, 21.
14.61000, 21.
14.62000, 30.
14.63000, 29.
14.64000, 35.
14.65000, 20.
14.66000, 28.
14.67000, 24.
14.68000, 20.
14.69000, 25.
14.70000, 23.
14.71000, 24.
14.72000, 38.
14.73000, 29.
14.74000, 23.
14.75000, 27.
14.76000, 31.
14.77000, 32.
14.78000, 42.
14.79000, 32.
14.80000, 42.
14.81000, 41.
14.82000, 41.
14.83000, 45.
14.84000, 46.
14.85000, 48.
14.86000, 51.
14.87000, 57.
14.88000, 44.
14.89000, 48.
14.90000, 41.
14.91000, 50.
14.92000, 42.
14.93000, 43.
14.94000, 52.
14.95000, 44.
14.96000, 58.
14.97000, 47.
14.98000, 35.
14.99000, 48.
15.00000, 38.
15.01000, 36.
15.02000, 35.
15.03000, 36.
15.04000, 33.
15.05000, 41.
15.06000, 26.
15.07000, 24.
15.08000, 26.
15.09000, 33.
15.10000, 29.
15.11000, 23.
15.12000, 24.
15.13000, 25.
15.14000, 33.
15.15000, 30.
15.16000, 27.
15.17000, 19.
15.18000, 32.
15.19000, 26.
15.20000, 20.
15.21000, 24.
15.22000, 23.
15.23000, 25.
15.24000, 32.
15.25000, 24.
15.26000, 29.
15.27000, 26.
15.28000, 25.
15.29000, 26.
15.30000, 29.
15.31000, 19.
15.32000, 31.
15.33000, 31.
15.34000, 36.
15.35000, 31.
15.36000, 25.
15.37000, 17.
15.38000, 28.
15.39000, 32.
15.40000, 31.
15.41000, 30.
15.42000, 17.
15.43000, 26.
15.44000, 31.
15.45000, 23.
15.46000, 27.
15.47000, 34.
15.48000, 27.
15.49000, 28.
15.50000, 34.
15.51000, 35.
15.52000, 37.
15.53000, 46.
15.54000, 43.
15.55000, 45.
15.56000, 50.
15.57000, 64.
15.58000, 49.
15.59000, 60.
15.60000, 75.
15.61000, 81.
15.62000, 96.
15.63000, 102.
15.64000, 94.
15.65000, 102.
15.66000, 122.
15.67000, 122.
15.68000, 142.
15.69000, 128.
15.70000, 120.
15.71000, 136.
15.72000, 129.
15.73000, 133.
15.74000, 136.
15.75000, 133.
15.76000, 104.
15.77000, 124.
15.78000, 127.
15.79000, 112.
15.80000, 102.
15.81000, 101.
15.82000, 100.
15.83000, 110.
15.84000, 96.
15.85000, 94.
15.86000, 78.
15.87000, 53.
15.88000, 52.
15.89000, 61.
15.90000, 54.
15.91000, 50.
15.92000, 31.
15.93000, 41.
15.94000, 44.
15.95000, 35.
15.96000, 40.
15.97000, 33.
15.98000, 33.
15.99000, 33.
16.00000, 30.
16.01000, 24.
16.02000, 36.
16.03000, 27.
16.04000, 32.
16.05000, 33.
16.06000, 38.
16.07000, 36.
16.08000, 36.
16.09000, 49.
16.10000, 46.
16.11000, 27.
16.12000, 32.
16.13000, 45.
16.14000, 55.
16.15000, 37.
16.16000, 41.
16.17000, 43.
16.18000, 36.
16.19000, 54.
16.20000, 35.
16.21000, 41.
16.22000, 37.
16.23000, 29.
16.24000, 45.
16.25000, 39.
16.26000, 46.
16.27000, 40.
16.28000, 35.
16.29000, 39.
16.30000, 42.
16.31000, 44.
16.32000, 41.
16.33000, 47.
16.34000, 53.
16.35000, 47.
16.36000, 62.
16.37000, 81.
16.38000, 74.
16.39000, 92.
16.40000, 82.
16.41000, 120.
16.42000, 115.
16.43000, 121.
16.44000, 117.
16.45000, 144.
16.46000, 156.
16.47000, 186.
16.48000, 177.
16.49000, 192.
16.50000, 205.
16.51000, 196.
16.52000, 236.
16.53000, 209.
16.54000, 218.
16.55000, 238.
16.56000, 232.
16.57000, 225.
16.58000, 208.
16.59000, 223.
16.60000, 192.
16.61000, 175.
16.62000, 205.
16.63000, 167.
16.64000, 176.
16.65000, 153.
16.66000, 131.
16.67000, 119.
16.68000, 104.
16.69000, 110.
16.70000, 102.
16.71000, 104.
16.72000, 100.
16.73000, 71.
16.74000, 67.
16.75000, 55.
16.76000, 41.
16.77000, 49.
16.78000, 39.
16.79000, 30.
16.80000, 46.
16.81000, 25.
16.82000, 23.
16.83000, 39.
16.84000, 34.
16.85000, 31.
16.86000, 24.
16.87000, 23.
16.88000, 36.
16.89000, 26.
16.90000, 33.
16.91000, 19.
16.92000, 26.
16.93000, 27.
16.94000, 22.
16.95000, 30.
16.96000, 32.
16.97000, 31.
16.98000, 25.
16.99000, 25.
17.00000, 23.
17.01000, 22.
17.02000, 34.
17.03000, 23.
17.04000, 35.
17.05000, 29.
17.06000, 33.
17.07000, 38.
17.08000, 20.
17.09000, 20.
17.10000, 29.
17.11000, 27.
17.12000, 30.
17.13000, 29.
17.14000, 23.
17.15000, 33.
17.16000, 31.
17.17000, 24.
17.18000, 21.
17.19000, 18.
17.20000, 28.
17.21000, 25.
17.22000, 24.
17.23000, 23.
17.24000, 34.
17.25000, 29.
17.26000, 31.
17.27000, 37.
17.28000, 26.
17.29000, 35.
17.30000, 24.
17.31000, 32.
17.32000, 26.
17.33000, 26.
17.34000, 34.
17.35000, 28.
17.36000, 29.
17.37000, 32.
17.38000, 30.
17.39000, 36.
17.40000, 29.
17.41000, 42.
17.42000, 34.
17.43000, 43.
17.44000, 37.
17.45000, 29.
17.46000, 32.
17.47000, 42.
17.48000, 42.
17.49000, 42.
17.50000, 32.
17.51000, 49.
17.52000, 44.
17.53000, 54.
17.54000, 40.
17.55000, 41.
17.56000, 45.
17.57000, 47.
17.58000, 57.
17.59000, 31.
17.60000, 40.
17.61000, 49.
17.62000, 45.
17.63000, 43.
17.64000, 35.
17.65000, 45.
17.66000, 50.
17.67000, 46.
17.68000, 56.
17.69000, 40.
17.70000, 37.
17.71000, 32.
17.72000, 51.
17.73000, 38.
17.74000, 33.
17.75000, 36.
17.76000, 33.
17.77000, 41.
17.78000, 40.
17.79000, 34.
17.80000, 37.
17.81000, 29.
17.82000, 42.
17.83000, 33.
17.84000, 41.
17.85000, 37.
17.86000, 31.
17.87000, 38.
17.88000, 35.
17.89000, 34.
17.90000, 34.
17.91000, 25.
17.92000, 42.
17.93000, 36.
17.94000, 30.
17.95000, 29.
17.96000, 35.
17.97000, 41.
17.98000, 36.
17.99000, 36.
18.00000, 41.
18.01000, 38.
18.02000, 37.
18.03000, 30.
18.04000, 37.
18.05000, 31.
18.06000, 35.
18.07000, 43.
18.08000, 35.
18.09000, 29.
18.10000, 40.
18.11000, 48.
18.12000, 30.
18.13000, 48.
18.14000, 36.
18.15000, 34.
18.16000, 29.
18.17000, 39.
18.18000, 38.
18.19000, 45.
18.20000, 32.
18.21000, 57.
18.22000, 37.
18.23000, 37.
18.24000, 38.
18.25000, 54.
18.26000, 24.
18.27000, 51.
18.28000, 52.
18.29000, 45.
18.30000, 48.
18.31000, 60.
18.32000, 54.
18.33000, 58.
18.34000, 50.
18.35000, 47.
18.36000, 50.
18.37000, 54.
18.38000, 68.
18.39000, 53.
18.40000, 63.
18.41000, 64.
18.42000, 75.
18.43000, 84.
18.44000, 77.
18.45000, 82.
18.46000, 81.
18.47000, 79.
18.48000, 96.
18.49000, 100.
18.50000, 83.
18.51000, 100.
18.52000, 106.
18.53000, 98.
18.54000, 124.
18.55000, 102.
18.56000, 130.
18.57000, 113.
18.58000, 144.
18.59000, 130.
18.60000, 127.
18.61000, 144.
18.62000, 150.
18.63000, 131.
18.64000, 150.
18.65000, 129.
18.66000, 124.
18.67000, 140.
18.68000, 150.
18.69000, 151.
18.70000, 142.
18.71000, 130.
18.72000, 124.
18.73000, 131.
18.74000, 140.
18.75000, 152.
18.76000, 137.
18.77000, 125.
18.78000, 145.
18.79000, 132.
18.80000, 157.
18.81000, 135.
18.82000, 167.
18.83000, 133.
18.84000, 156.
18.85000, 143.
18.86000, 141.
18.87000, 138.
18.88000, 152.
18.89000, 142.
18.90000, 156.
18.91000, 125.
18.92000, 134.
18.93000, 145.
18.94000, 133.
18.95000, 112.
18.96000, 126.
18.97000, 100.
18.98000, 144.
18.99000, 115.
19.00000, 107.
19.01000, 96.
19.02000, 128.
19.03000, 122.
19.04000, 89.
19.05000, 101.
19.06000, 92.
19.07000, 103.
19.08000, 109.
19.09000, 101.
19.10000, 99.
19.11000, 94.
19.12000, 93.
19.13000, 84.
19.14000, 84.
19.15000, 75.
19.16000, 70.
19.17000, 66.
19.18000, 69.
19.19000, 71.
19.20000, 75.
19.21000, 77.
19.22000, 68.
19.23000, 59.
19.24000, 62.
19.25000, 62.
19.26000, 68.
19.27000, 54.
19.28000, 48.
19.29000, 67.
19.30000, 55.
19.31000, 45.
19.32000, 60.
19.33000, 47.
19.34000, 43.
19.35000, 44.
19.36000, 53.
19.37000, 30.
19.38000, 46.
19.39000, 53.
19.40000, 52.
19.41000, 55.
19.42000, 45.
19.43000, 60.
19.44000, 40.
19.45000, 36.
19.46000, 38.
19.47000, 33.
19.48000, 44.
19.49000, 36.
19.50000, 54.
19.51000, 51.
19.52000, 28.
19.53000, 43.
19.54000, 25.
19.55000, 33.
19.56000, 41.
19.57000, 35.
19.58000, 47.
19.59000, 25.
19.60000, 45.
19.61000, 32.
19.62000, 29.
19.63000, 42.
19.64000, 26.
19.65000, 35.
19.66000, 33.
19.67000, 24.
19.68000, 23.
19.69000, 35.
19.70000, 26.
19.71000, 33.
19.72000, 26.
19.73000, 33.
19.74000, 31.
19.75000, 23.
19.76000, 26.
19.77000, 35.
19.78000, 24.
19.79000, 20.
19.80000, 30.
19.81000, 48.
19.82000, 39.
19.83000, 49.
19.84000, 39.
19.85000, 47.
19.86000, 42.
19.87000, 42.
19.88000, 47.
19.89000, 66.
19.90000, 65.
19.91000, 64.
19.92000, 51.
19.93000, 62.
19.94000, 74.
19.95000, 69.
19.96000, 66.
19.97000, 71.
19.98000, 104.
19.99000, 87.
20.00000, 113.
20.01000, 89.
20.02000, 123.
20.03000, 132.
20.04000, 132.
20.05000, 139.
20.06000, 143.
20.07000, 148.
20.08000, 151.
20.09000, 150.
20.10000, 166.
20.11000, 170.
20.12000, 171.
20.13000, 160.
20.14000, 167.
20.15000, 162.
20.16000, 140.
20.17000, 156.
20.18000, 160.
20.19000, 174.
20.20000, 135.
20.21000, 124.
20.22000, 149.
20.23000, 152.
20.24000, 122.
20.25000, 110.
20.26000, 102.
20.27000, 98.
20.28000, 82.
20.29000, 96.
20.30000, 72.
20.31000, 72.
20.32000, 73.
20.33000, 61.
20.34000, 38.
20.35000, 60.
20.36000, 45.
20.37000, 35.
20.38000, 39.
20.39000, 35.
20.40000, 35.
20.41000, 27.
20.42000, 34.
20.43000, 31.
20.44000, 27.
20.45000, 25.
20.46000, 19.
20.47000, 31.
20.48000, 38.
20.49000, 26.
20.50000, 23.
20.51000, 24.
20.52000, 25.
20.53000, 28.
20.54000, 26.
20.55000, 27.
20.56000, 30.
20.57000, 25.
20.58000, 34.
20.59000, 31.
20.60000, 32.
20.61000, 24.
20.62000, 25.
20.63000, 34.
20.64000, 31.
20.65000, 35.
20.66000, 35.
20.67000, 35.
20.68000, 28.
20.69000, 22.
20.70000, 23.
20.71000, 30.
20.72000, 34.
20.73000, 28.
20.74000, 29.
20.75000, 35.
20.76000, 31.
20.77000, 25.
20.78000, 28.
20.79000, 42.
20.80000, 38.
20.81000, 21.
20.82000, 27.
20.83000, 36.
20.84000, 29.
20.85000, 34.
20.86000, 35.
20.87000, 38.
20.88000, 35.
20.89000, 24.
20.90000, 43.
20.91000, 33.
20.92000, 29.
20.93000, 44.
20.94000, 33.
20.95000, 44.
20.96000, 40.
20.97000, 34.
20.98000, 31.
20.99000, 35.
21.00000, 43.
21.01000, 38.
21.02000, 37.
21.03000, 35.
21.04000, 41.
21.05000, 40.
21.06000, 41.
21.07000, 28.
21.08000, 46.
21.09000, 31.
21.10000, 34.
21.11000, 33.
21.12000, 31.
21.13000, 33.
21.14000, 42.
21.15000, 43.
21.16000, 34.
21.17000, 49.
21.18000, 27.
21.19000, 37.
21.20000, 35.
21.21000, 38.
21.22000, 34.
21.23000, 32.
21.24000, 32.
21.25000, 36.
21.26000, 29.
21.27000, 31.
21.28000, 25.
21.29000, 36.
21.30000, 37.
21.31000, 26.
21.32000, 27.
21.33000, 31.
21.34000, 27.
21.35000, 35.
21.36000, 24.
21.37000, 35.
21.38000, 28.
21.39000, 30.
21.40000, 30.
21.41000, 25.
21.42000, 21.
21.43000, 21.
21.44000, 28.
21.45000, 27.
21.46000, 17.
21.47000, 18.
21.48000, 18.
21.49000, 17.
21.50000, 30.
21.51000, 9.
21.52000, 23.
21.53000, 27.
21.54000, 23.
21.55000, 24.
21.56000, 23.
21.57000, 17.
21.58000, 20.
21.59000, 19.
21.60000, 19.
21.61000, 22.
21.62000, 23.
21.63000, 27.
21.64000, 22.
21.65000, 17.
21.66000, 24.
21.67000, 23.
21.68000, 15.
21.69000, 27.
21.70000, 19.
21.71000, 19.
21.72000, 17.
21.73000, 21.
21.74000, 16.
21.75000, 11.
21.76000, 30.
21.77000, 13.
21.78000, 16.
21.79000, 24.
21.80000, 24.
21.81000, 29.
21.82000, 14.
21.83000, 22.
21.84000, 20.
21.85000, 25.
21.86000, 13.
21.87000, 28.
21.88000, 22.
21.89000, 24.
21.90000, 19.
21.91000, 12.
21.92000, 26.
21.93000, 25.
21.94000, 16.
21.95000, 19.
21.96000, 21.
21.97000, 10.
21.98000, 23.
21.99000, 18.
22.00000, 16.
22.01000, 17.
22.02000, 16.
22.03000, 19.
22.04000, 17.
22.05000, 17.
22.06000, 23.
22.07000, 19.
22.08000, 9.
22.09000, 20.
22.10000, 21.
22.11000, 13.
22.12000, 20.
22.13000, 14.
22.14000, 18.
22.15000, 13.
22.16000, 18.
22.17000, 19.
22.18000, 12.
22.19000, 16.
22.20000, 16.
22.21000, 22.
22.22000, 13.
22.23000, 10.
22.24000, 12.
22.25000, 18.
22.26000, 10.
22.27000, 14.
22.28000, 14.
22.29000, 13.
22.30000, 19.
22.31000, 21.
22.32000, 16.
22.33000, 14.
22.34000, 13.
22.35000, 20.
22.36000, 19.
22.37000, 19.
22.38000, 11.
22.39000, 8.
22.40000, 11.
22.41000, 13.
22.42000, 26.
22.43000, 16.
22.44000, 20.
22.45000, 25.
22.46000, 21.
22.47000, 21.
22.48000, 14.
22.49000, 17.
22.50000, 23.
22.51000, 17.
22.52000, 30.
22.53000, 12.
22.54000, 21.
22.55000, 22.
22.56000, 30.
22.57000, 25.
22.58000, 29.
22.59000, 29.
22.60000, 33.
22.61000, 22.
22.62000, 38.
22.63000, 33.
22.64000, 29.
22.65000, 27.
22.66000, 40.
22.67000, 34.
22.68000, 50.
22.69000, 30.
22.70000, 40.
22.71000, 25.
22.72000, 31.
22.73000, 34.
22.74000, 35.
22.75000, 36.
22.76000, 30.
22.77000, 27.
22.78000, 25.
22.79000, 29.
22.80000, 18.
22.81000, 21.
22.82000, 12.
22.83000, 30.
22.84000, 18.
22.85000, 24.
22.86000, 29.
22.87000, 23.
22.88000, 20.
22.89000, 23.
22.90000, 18.
22.91000, 21.
22.92000, 12.
22.93000, 14.
22.94000, 18.
22.95000, 31.
22.96000, 17.
22.97000, 25.
22.98000, 18.
22.99000, 22.
23.00000, 17.
23.01000, 14.
23.02000, 17.
23.03000, 15.
23.04000, 23.
23.05000, 20.
23.06000, 14.
23.07000, 21.
23.08000, 18.
23.09000, 20.
23.10000, 16.
23.11000, 21.
23.12000, 20.
23.13000, 14.
23.14000, 17.
23.15000, 13.
23.16000, 9.
23.17000, 20.
23.18000, 9.
23.19000, 13.
23.20000, 13.
23.21000, 18.
23.22000, 13.
23.23000, 22.
23.24000, 15.
23.25000, 14.
23.26000, 17.
23.27000, 13.
23.28000, 15.
23.29000, 8.
23.30000, 25.
23.31000, 20.
23.32000, 11.
23.33000, 15.
23.34000, 11.
23.35000, 8.
23.36000, 12.
23.37000, 11.
23.38000, 11.
23.39000, 12.
23.40000, 12.
23.41000, 10.
23.42000, 17.
23.43000, 15.
23.44000, 14.
23.45000, 13.
23.46000, 15.
23.47000, 6.
23.48000, 16.
23.49000, 7.
23.50000, 13.
23.51000, 14.
23.52000, 14.
23.53000, 13.
23.54000, 15.
23.55000, 9.
23.56000, 20.
23.57000, 15.
23.58000, 15.
23.59000, 15.
23.60000, 8.
23.61000, 13.
23.62000, 11.
23.63000, 25.
23.64000, 11.
23.65000, 11.
23.66000, 17.
23.67000, 16.
23.68000, 10.
23.69000, 11.
23.70000, 8.
23.71000, 10.
23.72000, 11.
23.73000, 10.
23.74000, 12.
23.75000, 14.
23.76000, 5.
23.77000, 11.
23.78000, 6.
23.79000, 17.
23.80000, 5.
23.81000, 12.
23.82000, 9.
23.83000, 9.
23.84000, 7.
23.85000, 11.
23.86000, 8.
23.87000, 10.
23.88000, 16.
23.89000, 9.
23.90000, 14.
23.91000, 11.
23.92000, 21.
23.93000, 4.
23.94000, 15.
23.95000, 10.
23.96000, 11.
23.97000, 13.
23.98000, 14.
23.99000, 14.
24.00000, 12.
24.01000, 11.
24.02000, 11.
24.03000, 19.
24.04000, 10.
24.05000, 7.
24.06000, 10.
24.07000, 7.
24.08000, 14.
24.09000, 6.
24.10000, 14.
24.11000, 15.
24.12000, 11.
24.13000, 9.
24.14000, 10.
24.15000, 12.
24.16000, 17.
24.17000, 9.
24.18000, 14.
24.19000, 12.
24.20000, 14.
24.21000, 15.
24.22000, 17.
24.23000, 6.
24.24000, 14.
24.25000, 10.
24.26000, 11.
24.27000, 11.
24.28000, 12.
24.29000, 15.
24.30000, 12.
24.31000, 8.
24.32000, 13.
24.33000, 12.
24.34000, 9.
24.35000, 9.
24.36000, 5.
24.37000, 17.
24.38000, 12.
24.39000, 16.
24.40000, 21.
24.41000, 7.
24.42000, 11.
24.43000, 7.
24.44000, 15.
24.45000, 9.
24.46000, 9.
24.47000, 12.
24.48000, 8.
24.49000, 11.
24.50000, 8.
24.51000, 12.
24.52000, 13.
24.53000, 15.
24.54000, 11.
24.55000, 10.
24.56000, 19.
24.57000, 14.
24.58000, 9.
24.59000, 14.
24.60000, 14.
24.61000, 14.
24.62000, 15.
24.63000, 13.
24.64000, 14.
24.65000, 12.
24.66000, 11.
24.67000, 14.
24.68000, 7.
24.69000, 14.
24.70000, 13.
24.71000, 11.
24.72000, 26.
24.73000, 9.
24.74000, 10.
24.75000, 20.
24.76000, 7.
24.77000, 9.
24.78000, 10.
24.79000, 13.
24.80000, 10.
24.81000, 10.
24.82000, 9.
24.83000, 10.
24.84000, 9.
24.85000, 11.
24.86000, 16.
24.87000, 16.
24.88000, 11.
24.89000, 11.
24.90000, 19.
24.91000, 14.
24.92000, 11.
24.93000, 17.
24.94000, 15.
24.95000, 12.
24.96000, 16.
24.97000, 10.
24.98000, 13.
24.99000, 11.
25.00000, 19.
25.01000, 20.
25.02000, 14.
25.03000, 6.
25.04000, 17.
25.05000, 8.
25.06000, 12.
25.07000, 15.
25.08000, 18.
25.09000, 14.
25.10000, 12.
25.11000, 11.
25.12000, 13.
25.13000, 12.
25.14000, 13.
25.15000, 15.
25.16000, 10.
25.17000, 14.
25.18000, 21.
25.19000, 16.
25.20000, 11.
25.21000, 9.
25.22000, 14.
25.23000, 11.
25.24000, 15.
25.25000, 21.
25.26000, 12.
25.27000, 19.
25.28000, 6.
25.29000, 15.
25.30000, 12.
25.31000, 14.
25.32000, 12.
25.33000, 19.
25.34000, 14.
25.35000, 14.
25.36000, 19.
25.37000, 9.
25.38000, 10.
25.39000, 12.
25.40000, 13.
25.41000, 21.
25.42000, 8.
25.43000, 17.
25.44000, 9.
25.45000, 8.
25.46000, 8.
25.47000, 11.
25.48000, 15.
25.49000, 14.
25.50000, 8.
25.51000, 8.
25.52000, 8.
25.53000, 17.
25.54000, 8.
25.55000, 11.
25.56000, 14.
25.57000, 20.
25.58000, 10.
25.59000, 14.
25.60000, 11.
25.61000, 10.
25.62000, 10.
25.63000, 12.
25.64000, 13.
25.65000, 17.
25.66000, 13.
25.67000, 10.
25.68000, 12.
25.69000, 10.
25.70000, 13.
25.71000, 9.
25.72000, 8.
25.73000, 8.
25.74000, 7.
25.75000, 7.
25.76000, 9.
25.77000, 13.
25.78000, 10.
25.79000, 12.
25.80000, 13.
25.81000, 5.
25.82000, 13.
25.83000, 13.
25.84000, 8.
25.85000, 12.
25.86000, 15.
25.87000, 10.
25.88000, 6.
25.89000, 6.
25.90000, 4.
25.91000, 15.
25.92000, 9.
25.93000, 9.
25.94000, 9.
25.95000, 9.
25.96000, 13.
25.97000, 12.
25.98000, 12.
25.99000, 7.
26.00000, 11.
26.01000, 15.
26.02000, 9.
26.03000, 12.
26.04000, 13.
26.05000, 15.
26.06000, 13.
26.07000, 7.
26.08000, 7.
26.09000, 14.
26.10000, 10.
26.11000, 8.
26.12000, 9.
26.13000, 6.
26.14000, 9.
26.15000, 12.
26.16000, 7.
26.17000, 2.
26.18000, 18.
26.19000, 13.
26.20000, 7.
26.21000, 9.
26.22000, 9.
26.23000, 9.
26.24000, 9.
26.25000, 9.
26.26000, 6.
26.27000, 9.
26.28000, 6.
26.29000, 8.
26.30000, 7.
26.31000, 10.
26.32000, 8.
26.33000, 13.
26.34000, 12.
26.35000, 11.
26.36000, 13.
26.37000, 9.
26.38000, 13.
26.39000, 11.
26.40000, 18.
26.41000, 12.
26.42000, 7.
26.43000, 5.
26.44000, 9.
26.45000, 7.
26.46000, 7.
26.47000, 13.
26.48000, 12.
26.49000, 8.
26.50000, 13.
26.51000, 16.
26.52000, 5.
26.53000, 11.
26.54000, 9.
26.55000, 8.
26.56000, 10.
26.57000, 11.
26.58000, 10.
26.59000, 12.
26.60000, 7.
26.61000, 11.
26.62000, 10.
26.63000, 9.
26.64000, 13.
26.65000, 11.
26.66000, 16.
26.67000, 6.
26.68000, 9.
26.69000, 13.
26.70000, 8.
26.71000, 8.
26.72000, 11.
26.73000, 8.
26.74000, 8.
26.75000, 8.
26.76000, 13.
26.77000, 9.
26.78000, 10.
26.79000, 6.
26.80000, 12.
26.81000, 11.
26.82000, 14.
26.83000, 12.
26.84000, 9.
26.85000, 6.
26.86000, 9.
26.87000, 8.
26.88000, 8.
26.89000, 8.
26.90000, 14.
26.91000, 8.
26.92000, 13.
26.93000, 7.
26.94000, 10.
26.95000, 9.
26.96000, 7.
26.97000, 6.
26.98000, 10.
26.99000, 8.
27.00000, 4.
27.01000, 5.
27.02000, 10.
27.03000, 7.
27.04000, 9.
27.05000, 9.
27.06000, 10.
27.07000, 3.
27.08000, 10.
27.09000, 9.
27.10000, 12.
27.11000, 14.
27.12000, 12.
27.13000, 9.
27.14000, 5.
27.15000, 17.
27.16000, 9.
27.17000, 11.
27.18000, 7.
27.19000, 18.
27.20000, 7.
27.21000, 9.
27.22000, 10.
27.23000, 10.
27.24000, 9.
27.25000, 3.
27.26000, 14.
27.27000, 14.
27.28000, 13.
27.29000, 11.
27.30000, 10.
27.31000, 9.
27.32000, 14.
27.33000, 7.
27.34000, 14.
27.35000, 12.
27.36000, 12.
27.37000, 3.
27.38000, 12.
27.39000, 7.
27.40000, 9.
27.41000, 8.
27.42000, 7.
27.43000, 9.
27.44000, 2.
27.45000, 9.
27.46000, 8.
27.47000, 5.
27.48000, 7.
27.49000, 13.
27.50000, 6.
27.51000, 8.
27.52000, 15.
27.53000, 7.
27.54000, 8.
27.55000, 8.
27.56000, 6.
27.57000, 13.
27.58000, 10.
27.59000, 5.
27.60000, 5.
27.61000, 6.
27.62000, 6.
27.63000, 9.
27.64000, 2.
27.65000, 10.
27.66000, 5.
27.67000, 4.
27.68000, 6.
27.69000, 12.
27.70000, 4.
27.71000, 8.
27.72000, 9.
27.73000, 7.
27.74000, 11.
27.75000, 10.
27.76000, 6.
27.77000, 11.
27.78000, 8.
27.79000, 11.
27.80000, 8.
27.81000, 4.
27.82000, 9.
27.83000, 4.
27.84000, 10.
27.85000, 7.
27.86000, 10.
27.87000, 6.
27.88000, 8.
27.89000, 2.
27.90000, 13.
27.91000, 8.
27.92000, 7.
27.93000, 8.
27.94000, 12.
27.95000, 8.
27.96000, 10.
27.97000, 10.
27.98000, 5.
27.99000, 14.
28.00000, 6.
28.01000, 8.
28.02000, 13.
28.03000, 5.
28.04000, 7.
28.05000, 9.
28.06000, 9.
28.07000, 13.
28.08000, 10.
28.09000, 5.
28.10000, 9.
28.11000, 7.
28.12000, 9.
28.13000, 5.
28.14000, 8.
28.15000, 4.
28.16000, 5.
28.17000, 3.
28.18000, 11.
28.19000, 7.
28.20000, 4.
28.21000, 7.
28.22000, 10.
28.23000, 10.
28.24000, 10.
28.25000, 4.
28.26000, 9.
28.27000, 9.
28.28000, 6.
28.29000, 9.
28.30000, 11.
28.31000, 9.
28.32000, 9.
28.33000, 7.
28.34000, 5.
28.35000, 4.
28.36000, 8.
28.37000, 8.
28.38000, 11.
28.39000, 9.
28.40000, 9.
28.41000, 10.
28.42000, 10.
28.43000, 11.
28.44000, 5.
28.45000, 10.
28.46000, 6.
28.47000, 6.
28.48000, 4.
28.49000, 11.
28.50000, 4.
28.51000, 3.
28.52000, 8.
28.53000, 8.
28.54000, 5.
28.55000, 8.
28.56000, 9.
28.57000, 4.
28.58000, 7.
28.59000, 7.
28.60000, 10.
28.61000, 5.
28.62000, 8.
28.63000, 14.
28.64000, 9.
28.65000, 16.
28.66000, 10.
28.67000, 7.
28.68000, 9.
28.69000, 9.
28.70000, 5.
28.71000, 11.
28.72000, 4.
28.73000, 7.
28.74000, 10.
28.75000, 11.
28.76000, 9.
28.77000, 8.
28.78000, 11.
28.79000, 11.
28.80000, 6.
28.81000, 10.
28.82000, 7.
28.83000, 4.
28.84000, 3.
28.85000, 12.
28.86000, 9.
28.87000, 8.
28.88000, 2.
28.89000, 6.
28.90000, 10.
28.91000, 8.
28.92000, 8.
28.93000, 5.
28.94000, 9.
28.95000, 7.
28.96000, 5.
28.97000, 7.
28.98000, 2.
28.99000, 10.
29.00000, 4.
29.01000, 7.
29.02000, 11.
29.03000, 11.
29.04000, 7.
29.05000, 15.
29.06000, 9.
29.07000, 7.
29.08000, 6.
29.09000, 5.
29.10000, 5.
29.11000, 6.
29.12000, 8.
29.13000, 9.
29.14000, 7.
29.15000, 15.
29.16000, 10.
29.17000, 7.
29.18000, 7.
29.19000, 15.
29.20000, 3.
29.21000, 6.
29.22000, 4.
29.23000, 7.
29.24000, 7.
29.25000, 5.
29.26000, 8.
29.27000, 10.
29.28000, 6.
29.29000, 4.
29.30000, 7.
29.31000, 11.
29.32000, 5.
29.33000, 6.
29.34000, 2.
29.35000, 10.
29.36000, 8.
29.37000, 5.
29.38000, 6.
29.39000, 5.
29.40000, 10.
29.41000, 6.
29.42000, 6.
29.43000, 8.
29.44000, 2.
29.45000, 10.
29.46000, 6.
29.47000, 7.
29.48000, 5.
29.49000, 9.
29.50000, 4.
29.51000, 4.
29.52000, 7.
29.53000, 7.
29.54000, 7.
29.55000, 9.
29.56000, 2.
29.57000, 10.
29.58000, 7.
29.59000, 5.
29.60000, 5.
29.61000, 10.
29.62000, 5.
29.63000, 10.
29.64000, 6.
29.65000, 2.
29.66000, 5.
29.67000, 5.
29.68000, 3.
29.69000, 4.
29.70000, 5.
29.71000, 7.
29.72000, 9.
29.73000, 6.
29.74000, 6.
29.75000, 14.
29.76000, 9.
29.77000, 13.
29.78000, 3.
29.79000, 6.
29.80000, 8.
29.81000, 4.
29.82000, 5.
29.83000, 4.
29.84000, 9.
29.85000, 9.
29.86000, 6.
29.87000, 10.
29.88000, 4.
29.89000, 9.
29.90000, 10.
29.91000, 5.
29.92000, 7.
29.93000, 15.
29.94000, 5.
29.95000, 8.
29.96000, 7.
29.97000, 6.
29.98000, 11.
29.99000, 8.
30.00000, 14.
30.01000, 6.
30.02000, 9.
30.03000, 5.
30.04000, 10.
30.05000, 7.
30.06000, 8.
30.07000, 7.
30.08000, 5.
30.09000, 2.
30.10000, 8.
30.11000, 7.
30.12000, 5.
30.13000, 4.
30.14000, 5.
30.15000, 5.
30.16000, 7.
30.17000, 3.
30.18000, 7.
30.19000, 12.
30.20000, 5.
30.21000, 8.
30.22000, 6.
30.23000, 4.
30.24000, 4.
30.25000, 7.
30.26000, 9.
30.27000, 5.
30.28000, 5.
30.29000, 10.
30.30000, 7.
30.31000, 8.
30.32000, 5.
30.33000, 12.
30.34000, 4.
30.35000, 11.
30.36000, 6.
30.37000, 9.
30.38000, 8.
30.39000, 8.
30.40000, 3.
30.41000, 10.
30.42000, 6.
30.43000, 6.
30.44000, 5.
30.45000, 7.
30.46000, 6.
30.47000, 3.
30.48000, 4.
30.49000, 6.
30.50000, 5.
30.51000, 5.
30.52000, 8.
30.53000, 6.
30.54000, 6.
30.55000, 6.
30.56000, 5.
30.57000, 6.
30.58000, 4.
30.59000, 2.
30.60000, 7.
30.61000, 10.
30.62000, 10.
30.63000, 3.
30.64000, 8.
30.65000, 2.
30.66000, 3.
30.67000, 5.
30.68000, 7.
30.69000, 7.
30.70000, 7.
30.71000, 3.
30.72000, 10.
30.73000, 6.
30.74000, 9.
30.75000, 7.
30.76000, 4.
30.77000, 8.
30.78000, 8.
30.79000, 5.
30.80000, 6.
30.81000, 11.
30.82000, 5.
30.83000, 5.
30.84000, 1.
30.85000, 8.
30.86000, 8.
30.87000, 8.
30.88000, 7.
30.89000, 13.
30.90000, 3.
30.91000, 6.
30.92000, 9.
30.93000, 4.
30.94000, 9.
30.95000, 5.
30.96000, 7.
30.97000, 7.
30.98000, 10.
30.99000, 6.
31.00000, 6.
31.01000, 10.
31.02000, 4.
31.03000, 6.
31.04000, 9.
31.05000, 1.
31.06000, 3.
31.07000, 5.
31.08000, 7.
31.09000, 7.
31.10000, 7.
31.11000, 5.
31.12000, 3.
31.13000, 4.
31.14000, 10.
31.15000, 7.
31.16000, 4.
31.17000, 11.
31.18000, 6.
31.19000, 3.
31.20000, 5.
31.21000, 6.
31.22000, 3.
31.23000, 2.
31.24000, 11.
31.25000, 5.
31.26000, 7.
31.27000, 8.
31.28000, 5.
31.29000, 9.
31.30000, 6.
31.31000, 7.
31.32000, 6.
31.33000, 6.
31.34000, 6.
31.35000, 8.
31.36000, 5.
31.37000, 7.
31.38000, 7.
31.39000, 7.
31.40000, 6.
31.41000, 3.
31.42000, 3.
31.43000, 4.
31.44000, 8.
31.45000, 4.
31.46000, 9.
31.47000, 6.
31.48000, 3.
31.49000, 9.
31.50000, 9.
31.51000, 4.
31.52000, 11.
31.53000, 7.
31.54000, 7.
31.55000, 5.
31.56000, 5.
31.57000, 5.
31.58000, 6.
31.59000, 10.
31.60000, 6.
31.61000, 4.
31.62000, 4.
31.63000, 2.
31.64000, 6.
31.65000, 5.
31.66000, 3.
31.67000, 6.
31.68000, 9.
31.69000, 5.
31.70000, 7.
31.71000, 8.
31.72000, 5.
31.73000, 5.
31.74000, 11.
31.75000, 5.
31.76000, 7.
31.77000, 7.
31.78000, 5.
31.79000, 5.
31.80000, 7.
31.81000, 4.
31.82000, 12.
31.83000, 3.
31.84000, 6.
31.85000, 4.
31.86000, 5.
31.87000, 11.
31.88000, 7.
31.89000, 4.
31.90000, 3.
31.91000, 11.
31.92000, 4.
31.93000, 7.
31.94000, 13.
31.95000, 7.
31.96000, 7.
31.97000, 6.
31.98000, 4.
31.99000, 6.
32.00000, 4.
32.01000, 4.
32.02000, 11.
32.03000, 6.
32.04000, 5.
32.05000, 7.
32.06000, 10.
32.07000, 9.
32.08000, 9.
32.09000, 10.
32.10000, 5.
32.11000, 6.
32.12000, 7.
32.13000, 10.
32.14000, 6.
32.15000, 12.
32.16000, 9.
32.17000, 7.
32.18000, 7.
32.19000, 10.
32.20000, 12.
32.21000, 2.
32.22000, 6.
32.23000, 7.
32.24000, 3.
32.25000, 5.
32.26000, 7.
32.27000, 8.
32.28000, 3.
32.29000, 5.
32.30000, 3.
32.31000, 6.
32.32000, 7.
32.33000, 5.
32.34000, 12.
32.35000, 3.
32.36000, 3.
32.37000, 4.
32.38000, 7.
32.39000, 7.
32.40000, 2.
32.41000, 9.
32.42000, 7.
32.43000, 7.
32.44000, 2.
32.45000, 7.
32.46000, 6.
32.47000, 2.
32.48000, 4.
32.49000, 2.
32.50000, 6.
32.51000, 6.
32.52000, 6.
32.53000, 6.
32.54000, 5.
32.55000, 2.
32.56000, 7.
32.57000, 6.
32.58000, 4.
32.59000, 6.
32.60000, 6.
32.61000, 3.
32.62000, 2.
32.63000, 3.
32.64000, 6.
32.65000, 4.
32.66000, 3.
32.67000, 7.
32.68000, 5.
32.69000, 7.
32.70000, 9.
32.71000, 8.
32.72000, 4.
32.73000, 4.
32.74000, 9.
32.75000, 7.
32.76000, 5.
32.77000, 11.
32.78000, 7.
32.79000, 6.
32.80000, 10.
32.81000, 8.
32.82000, 5.
32.83000, 4.
32.84000, 11.
32.85000, 7.
32.86000, 4.
32.87000, 5.
32.88000, 8.
32.89000, 8.
32.90000, 7.
32.91000, 5.
32.92000, 6.
32.93000, 11.
32.94000, 10.
32.95000, 9.
32.96000, 8.
32.97000, 12.
32.98000, 5.
32.99000, 4.
33.00000, 10.
33.01000, 9.
33.02000, 9.
33.03000, 7.
33.04000, 7.
33.05000, 12.
33.06000, 6.
33.07000, 9.
33.08000, 9.
33.09000, 5.
33.10000, 12.
33.11000, 3.
33.12000, 7.
33.13000, 4.
33.14000, 5.
33.15000, 5.
33.16000, 4.
33.17000, 3.
33.18000, 11.
33.19000, 6.
33.20000, 10.
33.21000, 11.
33.22000, 13.
33.23000, 6.
33.24000, 7.
33.25000, 8.
33.26000, 6.
33.27000, 13.
33.28000, 6.
33.29000, 8.
33.30000, 10.
33.31000, 15.
33.32000, 14.
33.33000, 14.
33.34000, 6.
33.35000, 18.
33.36000, 12.
33.37000, 12.
33.38000, 12.
33.39000, 6.
33.40000, 9.
33.41000, 10.
33.42000, 7.
33.43000, 7.
33.44000, 7.
33.45000, 7.
33.46000, 7.
33.47000, 9.
33.48000, 13.
33.49000, 6.
33.50000, 6.
33.51000, 7.
33.52000, 13.
33.53000, 9.
33.54000, 6.
33.55000, 6.
33.56000, 6.
33.57000, 7.
33.58000, 5.
33.59000, 8.
33.60000, 3.
33.61000, 7.
33.62000, 5.
33.63000, 8.
33.64000, 6.
33.65000, 6.
33.66000, 8.
33.67000, 4.
33.68000, 3.
33.69000, 5.
33.70000, 3.
33.71000, 4.
33.72000, 0.
33.73000, 4.
33.74000, 4.
33.75000, 1.
33.76000, 3.
33.77000, 5.
33.78000, 3.
33.79000, 5.
33.80000, 1.
33.81000, 3.
33.82000, 7.
33.83000, 8.
33.84000, 6.
33.85000, 4.
33.86000, 3.
33.87000, 5.
33.88000, 10.
33.89000, 6.
33.90000, 3.
33.91000, 6.
33.92000, 4.
33.93000, 2.
33.94000, 5.
33.95000, 2.
33.96000, 7.
33.97000, 5.
33.98000, 7.
33.99000, 6.
34.00000, 3.
34.01000, 9.
34.02000, 4.
34.03000, 8.
34.04000, 9.
34.05000, 6.
34.06000, 6.
34.07000, 3.
34.08000, 9.
34.09000, 3.
34.10000, 13.
34.11000, 5.
34.12000, 5.
34.13000, 4.
34.14000, 6.
34.15000, 8.
34.16000, 12.
34.17000, 5.
34.18000, 6.
34.19000, 9.
34.20000, 5.
34.21000, 6.
34.22000, 6.
34.23000, 9.
34.24000, 10.
34.25000, 9.
34.26000, 4.
34.27000, 10.
34.28000, 3.
34.29000, 11.
34.30000, 11.
34.31000, 6.
34.32000, 8.
34.33000, 2.
34.34000, 11.
34.35000, 7.
34.36000, 5.
34.37000, 12.
34.38000, 7.
34.39000, 8.
34.40000, 5.
34.41000, 9.
34.42000, 2.
34.43000, 3.
34.44000, 6.
34.45000, 12.
34.46000, 8.
34.47000, 6.
34.48000, 7.
34.49000, 8.
34.50000, 7.
34.51000, 7.
34.52000, 11.
34.53000, 10.
34.54000, 7.
34.55000, 7.
34.56000, 6.
34.57000, 11.
34.58000, 13.
34.59000, 15.
34.60000, 6.
34.61000, 15.
34.62000, 8.
34.63000, 13.
34.64000, 14.
34.65000, 13.
34.66000, 11.
34.67000, 8.
34.68000, 8.
34.69000, 9.
34.70000, 14.
34.71000, 14.
34.72000, 5.
34.73000, 8.
34.74000, 8.
34.75000, 10.
34.76000, 4.
34.77000, 6.
34.78000, 11.
34.79000, 5.
34.80000, 2.
34.81000, 6.
34.82000, 5.
34.83000, 7.
34.84000, 8.
34.85000, 6.
34.86000, 6.
34.87000, 5.
34.88000, 3.
34.89000, 5.
34.90000, 3.
34.91000, 2.
34.92000, 4.
34.93000, 4.
34.94000, 6.
34.95000, 6.
34.96000, 2.
34.97000, 0.
34.98000, 2.
34.99000, 6.
35.00000, 3.
35.01000, 3.
35.02000, 3.
35.03000, 2.
35.04000, 3.
35.05000, 3.
35.06000, 4.
35.07000, 4.
35.08000, 4.
35.09000, 6.
35.10000, 3.
35.11000, 4.
35.12000, 4.
35.13000, 1.
35.14000, 4.
35.15000, 4.
35.16000, 1.
35.17000, 4.
35.18000, 3.
35.19000, 1.
35.20000, 5.
35.21000, 4.
35.22000, 6.
35.23000, 3.
35.24000, 3.
35.25000, 2.
35.26000, 6.
35.27000, 6.
35.28000, 4.
35.29000, 4.
35.30000, 3.
35.31000, 4.
35.32000, 5.
35.33000, 0.
35.34000, 2.
35.35000, 3.
35.36000, 2.
35.37000, 5.
35.38000, 5.
35.39000, 3.
35.40000, 2.
35.41000, 3.
35.42000, 0.
35.43000, 5.
35.44000, 4.
35.45000, 7.
35.46000, 4.
35.47000, 6.
35.48000, 1.
35.49000, 5.
35.50000, 4.
35.51000, 2.
35.52000, 5.
35.53000, 3.
35.54000, 0.
35.55000, 2.
35.56000, 4.
35.57000, 4.
35.58000, 2.
35.59000, 1.
35.60000, 8.
35.61000, 1.
35.62000, 2.
35.63000, 4.
35.64000, 3.
35.65000, 6.
35.66000, 3.
35.67000, 5.
35.68000, 4.
35.69000, 4.
35.70000, 2.
35.71000, 2.
35.72000, 4.
35.73000, 9.
35.74000, 1.
35.75000, 2.
35.76000, 2.
35.77000, 1.
35.78000, 2.
35.79000, 4.
35.80000, 6.
35.81000, 1.
35.82000, 3.
35.83000, 1.
35.84000, 6.
35.85000, 4.
35.86000, 3.
35.87000, 3.
35.88000, 3.
35.89000, 4.
35.90000, 4.
35.91000, 4.
35.92000, 3.
35.93000, 6.
35.94000, 2.
35.95000, 4.
35.96000, 4.
35.97000, 4.
35.98000, 4.
35.99000, 3.
36.00000, 2.
36.01000, 4.
36.02000, 1.
36.03000, 5.
36.04000, 2.
36.05000, 4.
36.06000, 3.
36.07000, 4.
36.08000, 4.
36.09000, 2.
36.10000, 2.
36.11000, 7.
36.12000, 2.
36.13000, 2.
36.14000, 2.
36.15000, 3.
36.16000, 3.
36.17000, 2.
36.18000, 4.
36.19000, 0.
36.20000, 3.
36.21000, 3.
36.22000, 1.
36.23000, 5.
36.24000, 5.
36.25000, 3.
36.26000, 2.
36.27000, 0.
36.28000, 5.
36.29000, 3.
36.30000, 5.
36.31000, 2.
36.32000, 3.
36.33000, 2.
36.34000, 5.
36.35000, 4.
36.36000, 0.
36.37000, 4.
36.38000, 2.
36.39000, 6.
36.40000, 1.
36.41000, 5.
36.42000, 6.
36.43000, 5.
36.44000, 3.
36.45000, 3.
36.46000, 4.
36.47000, 3.
36.48000, 3.
36.49000, 5.
36.50000, 2.
36.51000, 4.
36.52000, 2.
36.53000, 2.
36.54000, 5.
36.55000, 6.
36.56000, 4.
36.57000, 3.
36.58000, 6.
36.59000, 7.
36.60000, 5.
36.61000, 1.
36.62000, 2.
36.63000, 5.
36.64000, 1.
36.65000, 3.
36.66000, 2.
36.67000, 1.
36.68000, 2.
36.69000, 5.
36.70000, 2.
36.71000, 7.
36.72000, 2.
36.73000, 4.
36.74000, 4.
36.75000, 0.
36.76000, 1.
36.77000, 3.
36.78000, 7.
36.79000, 1.
36.80000, 3.
36.81000, 1.
36.82000, 2.
36.83000, 4.
36.84000, 6.
36.85000, 1.
36.86000, 3.
36.87000, 4.
36.88000, 9.
36.89000, 3.
36.90000, 0.
36.91000, 4.
36.92000, 2.
36.93000, 5.
36.94000, 2.
36.95000, 5.
36.96000, 3.
36.97000, 1.
36.98000, 2.
36.99000, 3.
37.00000, 1.
37.01000, 0.
37.02000, 0.
37.03000, 4.
37.04000, 6.
37.05000, 1.
37.06000, 2.
37.07000, 2.
37.08000, 4.
37.09000, 4.
37.10000, 2.
37.11000, 7.
37.12000, 1.
37.13000, 3.
37.14000, 6.
37.15000, 2.
37.16000, 6.
37.17000, 4.
37.18000, 3.
37.19000, 3.
37.20000, 2.
37.21000, 2.
37.22000, 6.
37.23000, 1.
37.24000, 1.
37.25000, 3.
37.26000, 8.
37.27000, 6.
37.28000, 5.
37.29000, 4.
37.30000, 8.
37.31000, 4.
37.32000, 3.
37.33000, 3.
37.34000, 4.
37.35000, 5.
37.36000, 7.
37.37000, 6.
37.38000, 0.
37.39000, 4.
37.40000, 1.
37.41000, 2.
37.42000, 6.
37.43000, 3.
37.44000, 2.
37.45000, 1.
37.46000, 6.
37.47000, 4.
37.48000, 8.
37.49000, 1.
37.50000, 0.
37.51000, 4.
37.52000, 2.
37.53000, 8.
37.54000, 4.
37.55000, 3.
37.56000, 5.
37.57000, 4.
37.58000, 2.
37.59000, 3.
37.60000, 4.
37.61000, 2.
37.62000, 4.
37.63000, 4.
37.64000, 5.
37.65000, 5.
37.66000, 5.
37.67000, 6.
37.68000, 7.
37.69000, 1.
37.70000, 2.
37.71000, 3.
37.72000, 2.
37.73000, 5.
37.74000, 2.
37.75000, 1.
37.76000, 5.
37.77000, 0.
37.78000, 1.
37.79000, 3.
37.80000, 4.
37.81000, 3.
37.82000, 2.
37.83000, 2.
37.84000, 1.
37.85000, 2.
37.86000, 2.
37.87000, 1.
37.88000, 2.
37.89000, 1.
37.90000, 2.
37.91000, 2.
37.92000, 1.
37.93000, 1.
37.94000, 1.
37.95000, 0.
37.96000, 1.
37.97000, 0.
37.98000, 0.
37.99000, 2.
38.00000, 7.
38.01000, 2.
38.02000, 1.
38.03000, 2.
38.04000, 3.
38.05000, 0.
38.06000, 1.
38.07000, 2.
38.08000, 4.
38.09000, 1.
38.10000, 3.
38.11000, 2.
38.12000, 5.
38.13000, 0.
38.14000, 3.
38.15000, 1.
38.16000, 4.
38.17000, 1.
38.18000, 3.
38.19000, 3.
38.20000, 1.
38.21000, 2.
38.22000, 3.
38.23000, 1.
38.24000, 2.
38.25000, 1.
38.26000, 1.
38.27000, 3.
38.28000, 1.
38.29000, 1.
38.30000, 1.
38.31000, 3.
38.32000, 0.
38.33000, 3.
38.34000, 0.
38.35000, 2.
38.36000, 1.
38.37000, 1.
38.38000, 2.
38.39000, 1.
38.40000, 2.
38.41000, 5.
38.42000, 3.
38.43000, 2.
38.44000, 2.
38.45000, 5.
38.46000, 2.
38.47000, 3.
38.48000, 1.
38.49000, 1.
38.50000, 0.
38.51000, 1.
38.52000, 2.
38.53000, 0.
38.54000, 1.
38.55000, 1.
38.56000, 5.
38.57000, 0.
38.58000, 1.
38.59000, 1.
38.60000, 2.
38.61000, 3.
38.62000, 1.
38.63000, 0.
38.64000, 2.
38.65000, 1.
38.66000, 0.
38.67000, 6.
38.68000, 0.
38.69000, 1.
38.70000, 3.
38.71000, 7.
38.72000, 1.
38.73000, 3.
38.74000, 1.
38.75000, 3.
38.76000, 4.
38.77000, 2.
38.78000, 2.
38.79000, 0.
38.80000, 3.
38.81000, 1.
38.82000, 3.
38.83000, 1.
38.84000, 2.
38.85000, 1.
38.86000, 2.
38.87000, 0.
38.88000, 3.
38.89000, 1.
38.90000, 1.
38.91000, 2.
38.92000, 0.
38.93000, 3.
38.94000, 3.
38.95000, 1.
38.96000, 2.
38.97000, 2.
38.98000, 1.
38.99000, 3.
39.00000, 2.
39.01000, 0.
39.02000, 3.
39.03000, 0.
39.04000, 1.
39.05000, 0.
39.06000, 2.
39.07000, 1.
39.08000, 3.
39.09000, 0.
39.10000, 1.
39.11000, 4.
39.12000, 9.
39.13000, 0.
39.14000, 3.
39.15000, 7.
39.16000, 2.
39.17000, 3.
39.18000, 2.
39.19000, 2.
39.20000, 2.
39.21000, 1.
39.22000, 3.
39.23000, 2.
39.24000, 1.
39.25000, 3.
39.26000, 1.
39.27000, 5.
39.28000, 3.
39.29000, 5.
39.30000, 4.
39.31000, 4.
39.32000, 2.
39.33000, 3.
39.34000, 4.
39.35000, 3.
39.36000, 4.
39.37000, 2.
39.38000, 2.
39.39000, 2.
39.40000, 2.
39.41000, 1.
39.42000, 0.
39.43000, 1.
39.44000, 1.
39.45000, 2.
39.46000, 4.
39.47000, 2.
39.48000, 1.
39.49000, 1.
39.50000, 3.
39.51000, 2.
39.52000, 1.
39.53000, 3.
39.54000, 2.
39.55000, 0.
39.56000, 0.
39.57000, 0.
39.58000, 2.
39.59000, 1.
39.60000, 1.
39.61000, 1.
39.62000, 5.
39.63000, 0.
39.64000, 1.
39.65000, 2.
39.66000, 0.
39.67000, 0.
39.68000, 0.
39.69000, 2.
39.70000, 3.
39.71000, 1.
39.72000, 4.
39.73000, 2.
39.74000, 3.
39.75000, 1.
39.76000, 3.
39.77000, 0.
39.78000, 1.
39.79000, 3.
39.80000, 1.
39.81000, 1.
39.82000, 1.
39.83000, 2.
39.84000, 0.
39.85000, 0.
39.86000, 0.
39.87000, 1.
39.88000, 1.
39.89000, 2.
39.90000, 2.
39.91000, 4.
39.92000, 2.
39.93000, 2.
39.94000, 2.
39.95000, 2.
39.96000, 0.
39.97000, 1.
39.98000, 0.
39.99000, 4.
40.00000, 2.
40.01000, 1.
40.02000, 1.
40.03000, 0.
40.04000, 2.
40.05000, 2.
40.06000, 3.
40.07000, 2.
40.08000, 0.
40.09000, 2.
40.10000, 0.
40.11000, 1.
40.12000, 2.
40.13000, 2.
40.14000, 4.
40.15000, 5.
40.16000, 1.
40.17000, 0.
40.18000, 0.
40.19000, 2.
40.20000, 2.
40.21000, 4.
40.22000, 2.
40.23000, 1.
40.24000, 1.
40.25000, 4.
40.26000, 0.
40.27000, 1.
40.28000, 0.
40.29000, 2.
40.30000, 2.
40.31000, 1.
40.32000, 3.
40.33000, 2.
40.34000, 2.
40.35000, 0.
40.36000, 1.
40.37000, 2.
40.38000, 2.
40.39000, 0.
40.40000, 2.
40.41000, 1.
40.42000, 2.
40.43000, 1.
40.44000, 2.
40.45000, 2.
40.46000, 1.
40.47000, 2.
40.48000, 0.
40.49000, 1.
40.50000, 0.
40.51000, 2.
40.52000, 0.
40.53000, 0.
40.54000, 0.
40.55000, 0.
#ENDOFDATA   : 
