#FORMAT      : EMSA/MAS Spectral Data File
#VERSION     : 1.0
#TITLE       : oreas 462 4
#DATE        : 10-AUG-2026
#TIME        : 12:52
#OWNER       : XGT7200
#NPOINTS     : 4096.
#NCOLUMNS    : 1.
#XUNITS      : keV
#YUNITS      : counts
#DATATYPE    : XY
#XPERCHAN    : 0.0100000
#OFFSET      : -0.400000
#SIGNALTYPE  : EDS
#CHOFFSET    : 40.0000
#LIVETIME    : 30.000000
#REALTIME    : 39.009908
#BEAMKV      : 50.0000
#PROBECUR    : 241000.
#MAGCAM      : 100.000
#XTILTSTGE   : 0.0
#AZIMANGLE   : 0.0
#ELEVANGLE   : 45.0
#XPOSITION mm: 0.0000
#YPOSITION mm: 0.0000
#ZPOSITION mm: 0.0000
##OXINSTPT   : 4
##OXINSTSTROB: 71.86
##OXINSTELEMS: 12,13,14,15,19,20,22,26,30,37,38,40,41
##OXINSTLABEL: 13, 1.487, Al
##OXINSTLABEL: 26, 6.404, Fe
##OXINSTLABEL: 26, 7.058, Fe
##OXINSTLABEL: 26, 0.705, Fe
##OXINSTLABEL: 26, 0.628, Fe
##OXINSTLABEL: 14, 1.740, Si
##OXINSTLABEL: 20, 3.692, Ca
##OXINSTLABEL: 20, 4.013, Ca
##OXINSTLABEL: 20, 0.341, Ca
##OXINSTLABEL: 20, 0.306, Ca
##OXINSTLABEL: 41, 16.615, Nb
##OXINSTLABEL: 41, 18.623, Nb
##OXINSTLABEL: 41, 18.953, Nb
##OXINSTLABEL: 41, 2.166, Nb
##OXINSTLABEL: 41, 1.996, Nb
##OXINSTLABEL: 41, 2.664, Nb
##OXINSTLABEL: 41, 1.902, Nb
##OXINSTLABEL: 22, 4.511, Ti
##OXINSTLABEL: 22, 4.932, Ti
##OXINSTLABEL: 22, 0.452, Ti
##OXINSTLABEL: 22, 0.401, Ti
##OXINSTLABEL: 38, 14.165, Sr
##OXINSTLABEL: 38, 15.836, Sr
##OXINSTLABEL: 38, 16.085, Sr
##OXINSTLABEL: 38, 1.807, Sr
##OXINSTLABEL: 38, 1.649, Sr
##OXINSTLABEL: 38, 1.582, Sr
##OXINSTLABEL: 15, 2.014, P
##OXINSTLABEL: 15, 2.139, P
##OXINSTLABEL: 40, 15.775, Zr
##OXINSTLABEL: 40, 17.668, Zr
##OXINSTLABEL: 40, 17.970, Zr
##OXINSTLABEL: 40, 2.042, Zr
##OXINSTLABEL: 40, 1.877, Zr
##OXINSTLABEL: 40, 2.503, Zr
##OXINSTLABEL: 40, 1.792, Zr
##OXINSTLABEL: 12, 1.254, Mg
##OXINSTLABEL: 19, 3.314, K
##OXINSTLABEL: 19, 3.590, K
##OXINSTLABEL: 19, 0.262, K
##OXINSTLABEL: 30, 8.639, Zn
##OXINSTLABEL: 30, 9.572, Zn
##OXINSTLABEL: 30, 1.012, Zn
##OXINSTLABEL: 30, 0.906, Zn
##OXINSTLABEL: 30, 0.884, Zn
##OXINSTLABEL: 37, 13.396, Rb
##OXINSTLABEL: 37, 14.962, Rb
##OXINSTLABEL: 37, 1.694, Rb
##OXINSTLABEL: 37, 1.542, Rb
##OXINSTLABEL: 37, 1.482, Rb
#SPECTRUM    : Spectral Data Starts Here
-0.40000, 0.
-0.39000, 0.
-0.38000, 0.
-0.37000, 0.
-0.36000, 0.
-0.35000, 0.
-0.34000, 0.
-0.33000, 0.
-0.32000, 0.
-0.31000, 0.
-0.30000, 0.
-0.29000, 0.
-0.28000, 0.
-0.27000, 0.
-0.26000, 0.
-0.25000, 0.
-0.24000, 0.
-0.23000, 0.
-0.22000, 0.
-0.21000, 0.
-0.20000, 0.
-0.19000, 0.
-0.18000, 0.
-0.17000, 0.
-0.16000, 0.
-0.15000, 0.
-0.14000, 0.
-0.13000, 0.
-0.12000, 0.
-0.11000, 0.
-0.10000, 0.
-0.09000, 0.
-0.08000, 0.
-0.07000, 0.
-0.06000, 0.
-0.05000, 0.
-0.04000, 0.
-0.03000, 0.
-0.02000, 0.
-0.01000, 0.
0.00000, 0.
0.01000, 0.
0.02000, 0.
0.03000, 0.
0.04000, 0.
0.05000, 0.
0.06000, 0.
0.07000, 0.
0.08000, 0.
0.09000, 0.
0.10000, 0.
0.11000, 0.
0.12000, 0.
0.13000, 0.
0.14000, 0.
0.15000, 0.
0.16000, 0.
0.17000, 0.
0.18000, 0.
0.19000, 0.
0.20000, 0.
0.21000, 0.
0.22000, 0.
0.23000, 0.
0.24000, 0.
0.25000, 0.
0.26000, 0.
0.27000, 0.
0.28000, 0.
0.29000, 0.
0.30000, 0.
0.31000, 0.
0.32000, 1.
0.33000, 0.
0.34000, 0.
0.35000, 0.
0.36000, 1.
0.37000, 1.
0.38000, 3.
0.39000, 2.
0.40000, 4.
0.41000, 8.
0.42000, 9.
0.43000, 8.
0.44000, 5.
0.45000, 12.
0.46000, 12.
0.47000, 11.
0.48000, 13.
0.49000, 10.
0.50000, 13.
0.51000, 8.
0.52000, 11.
0.53000, 12.
0.54000, 12.
0.55000, 13.
0.56000, 13.
0.57000, 15.
0.58000, 11.
0.59000, 7.
0.60000, 8.
0.61000, 9.
0.62000, 5.
0.63000, 4.
0.64000, 15.
0.65000, 7.
0.66000, 15.
0.67000, 9.
0.68000, 5.
0.69000, 8.
0.70000, 11.
0.71000, 12.
0.72000, 11.
0.73000, 6.
0.74000, 8.
0.75000, 15.
0.76000, 10.
0.77000, 11.
0.78000, 16.
0.79000, 7.
0.80000, 12.
0.81000, 8.
0.82000, 7.
0.83000, 10.
0.84000, 3.
0.85000, 11.
0.86000, 9.
0.87000, 9.
0.88000, 14.
0.89000, 10.
0.90000, 13.
0.91000, 12.
0.92000, 17.
0.93000, 9.
0.94000, 17.
0.95000, 14.
0.96000, 18.
0.97000, 16.
0.98000, 18.
0.99000, 13.
1.00000, 9.
1.01000, 14.
1.02000, 15.
1.03000, 11.
1.04000, 13.
1.05000, 9.
1.06000, 13.
1.07000, 7.
1.08000, 6.
1.09000, 12.
1.10000, 14.
1.11000, 8.
1.12000, 8.
1.13000, 10.
1.14000, 7.
1.15000, 6.
1.16000, 15.
1.17000, 7.
1.18000, 13.
1.19000, 12.
1.20000, 15.
1.21000, 26.
1.22000, 16.
1.23000, 17.
1.24000, 28.
1.25000, 23.
1.26000, 19.
1.27000, 23.
1.28000, 20.
1.29000, 19.
1.30000, 22.
1.31000, 13.
1.32000, 17.
1.33000, 14.
1.34000, 10.
1.35000, 6.
1.36000, 5.
1.37000, 9.
1.38000, 20.
1.39000, 17.
1.40000, 28.
1.41000, 32.
1.42000, 43.
1.43000, 64.
1.44000, 92.
1.45000, 119.
1.46000, 130.
1.47000, 179.
1.48000, 184.
1.49000, 206.
1.50000, 192.
1.51000, 181.
1.52000, 155.
1.53000, 127.
1.54000, 97.
1.55000, 74.
1.56000, 53.
1.57000, 48.
1.58000, 32.
1.59000, 19.
1.60000, 25.
1.61000, 16.
1.62000, 31.
1.63000, 43.
1.64000, 39.
1.65000, 81.
1.66000, 141.
1.67000, 199.
1.68000, 295.
1.69000, 438.
1.70000, 569.
1.71000, 678.
1.72000, 857.
1.73000, 964.
1.74000, 1016.
1.75000, 1047.
1.76000, 1000.
1.77000, 841.
1.78000, 807.
1.79000, 587.
1.80000, 468.
1.81000, 354.
1.82000, 257.
1.83000, 195.
1.84000, 142.
1.85000, 94.
1.86000, 80.
1.87000, 57.
1.88000, 46.
1.89000, 27.
1.90000, 37.
1.91000, 25.
1.92000, 30.
1.93000, 26.
1.94000, 26.
1.95000, 38.
1.96000, 44.
1.97000, 43.
1.98000, 51.
1.99000, 62.
2.00000, 59.
2.01000, 52.
2.02000, 70.
2.03000, 67.
2.04000, 51.
2.05000, 42.
2.06000, 40.
2.07000, 51.
2.08000, 29.
2.09000, 32.
2.10000, 22.
2.11000, 20.
2.12000, 27.
2.13000, 27.
2.14000, 21.
2.15000, 24.
2.16000, 17.
2.17000, 19.
2.18000, 26.
2.19000, 21.
2.20000, 29.
2.21000, 20.
2.22000, 22.
2.23000, 22.
2.24000, 20.
2.25000, 26.
2.26000, 26.
2.27000, 30.
2.28000, 40.
2.29000, 30.
2.30000, 39.
2.31000, 41.
2.32000, 35.
2.33000, 33.
2.34000, 30.
2.35000, 24.
2.36000, 20.
2.37000, 18.
2.38000, 21.
2.39000, 25.
2.40000, 19.
2.41000, 17.
2.42000, 15.
2.43000, 26.
2.44000, 25.
2.45000, 19.
2.46000, 24.
2.47000, 23.
2.48000, 23.
2.49000, 25.
2.50000, 19.
2.51000, 23.
2.52000, 18.
2.53000, 26.
2.54000, 19.
2.55000, 31.
2.56000, 34.
2.57000, 35.
2.58000, 42.
2.59000, 44.
2.60000, 71.
2.61000, 97.
2.62000, 101.
2.63000, 149.
2.64000, 182.
2.65000, 218.
2.66000, 254.
2.67000, 326.
2.68000, 351.
2.69000, 391.
2.70000, 398.
2.71000, 393.
2.72000, 346.
2.73000, 327.
2.74000, 286.
2.75000, 235.
2.76000, 210.
2.77000, 159.
2.78000, 156.
2.79000, 117.
2.80000, 97.
2.81000, 89.
2.82000, 126.
2.83000, 116.
2.84000, 96.
2.85000, 87.
2.86000, 86.
2.87000, 72.
2.88000, 72.
2.89000, 64.
2.90000, 59.
2.91000, 55.
2.92000, 55.
2.93000, 43.
2.94000, 39.
2.95000, 33.
2.96000, 34.
2.97000, 33.
2.98000, 34.
2.99000, 23.
3.00000, 38.
3.01000, 37.
3.02000, 35.
3.03000, 27.
3.04000, 37.
3.05000, 29.
3.06000, 19.
3.07000, 28.
3.08000, 26.
3.09000, 12.
3.10000, 20.
3.11000, 20.
3.12000, 15.
3.13000, 15.
3.14000, 20.
3.15000, 16.
3.16000, 4.
3.17000, 16.
3.18000, 15.
3.19000, 14.
3.20000, 16.
3.21000, 22.
3.22000, 23.
3.23000, 18.
3.24000, 16.
3.25000, 20.
3.26000, 21.
3.27000, 28.
3.28000, 31.
3.29000, 38.
3.30000, 37.
3.31000, 34.
3.32000, 44.
3.33000, 38.
3.34000, 35.
3.35000, 44.
3.36000, 23.
3.37000, 27.
3.38000, 24.
3.39000, 21.
3.40000, 19.
3.41000, 24.
3.42000, 21.
3.43000, 10.
3.44000, 13.
3.45000, 11.
3.46000, 13.
3.47000, 14.
3.48000, 14.
3.49000, 14.
3.50000, 16.
3.51000, 13.
3.52000, 13.
3.53000, 21.
3.54000, 28.
3.55000, 24.
3.56000, 38.
3.57000, 50.
3.58000, 65.
3.59000, 70.
3.60000, 84.
3.61000, 119.
3.62000, 167.
3.63000, 225.
3.64000, 285.
3.65000, 331.
3.66000, 376.
3.67000, 399.
3.68000, 455.
3.69000, 449.
3.70000, 463.
3.71000, 458.
3.72000, 423.
3.73000, 373.
3.74000, 330.
3.75000, 231.
3.76000, 181.
3.77000, 160.
3.78000, 139.
3.79000, 93.
3.80000, 74.
3.81000, 42.
3.82000, 30.
3.83000, 33.
3.84000, 29.
3.85000, 19.
3.86000, 16.
3.87000, 31.
3.88000, 20.
3.89000, 32.
3.90000, 32.
3.91000, 30.
3.92000, 27.
3.93000, 38.
3.94000, 44.
3.95000, 44.
3.96000, 59.
3.97000, 78.
3.98000, 72.
3.99000, 92.
4.00000, 82.
4.01000, 96.
4.02000, 95.
4.03000, 89.
4.04000, 68.
4.05000, 73.
4.06000, 65.
4.07000, 54.
4.08000, 48.
4.09000, 52.
4.10000, 42.
4.11000, 24.
4.12000, 26.
4.13000, 28.
4.14000, 24.
4.15000, 26.
4.16000, 23.
4.17000, 19.
4.18000, 15.
4.19000, 20.
4.20000, 23.
4.21000, 13.
4.22000, 20.
4.23000, 15.
4.24000, 20.
4.25000, 23.
4.26000, 19.
4.27000, 27.
4.28000, 29.
4.29000, 26.
4.30000, 28.
4.31000, 18.
4.32000, 27.
4.33000, 32.
4.34000, 30.
4.35000, 42.
4.36000, 46.
4.37000, 60.
4.38000, 81.
4.39000, 114.
4.40000, 157.
4.41000, 206.
4.42000, 292.
4.43000, 357.
4.44000, 437.
4.45000, 550.
4.46000, 658.
4.47000, 732.
4.48000, 860.
4.49000, 900.
4.50000, 972.
4.51000, 991.
4.52000, 1006.
4.53000, 955.
4.54000, 865.
4.55000, 788.
4.56000, 643.
4.57000, 621.
4.58000, 532.
4.59000, 468.
4.60000, 392.
4.61000, 372.
4.62000, 384.
4.63000, 340.
4.64000, 292.
4.65000, 294.
4.66000, 268.
4.67000, 271.
4.68000, 236.
4.69000, 234.
4.70000, 200.
4.71000, 173.
4.72000, 142.
4.73000, 121.
4.74000, 129.
4.75000, 114.
4.76000, 123.
4.77000, 117.
4.78000, 141.
4.79000, 155.
4.80000, 155.
4.81000, 170.
4.82000, 200.
4.83000, 205.
4.84000, 239.
4.85000, 227.
4.86000, 249.
4.87000, 266.
4.88000, 272.
4.89000, 229.
4.90000, 258.
4.91000, 244.
4.92000, 234.
4.93000, 237.
4.94000, 238.
4.95000, 257.
4.96000, 252.
4.97000, 215.
4.98000, 198.
4.99000, 183.
5.00000, 216.
5.01000, 181.
5.02000, 165.
5.03000, 148.
5.04000, 136.
5.05000, 149.
5.06000, 114.
5.07000, 115.
5.08000, 112.
5.09000, 94.
5.10000, 94.
5.11000, 103.
5.12000, 88.
5.13000, 109.
5.14000, 100.
5.15000, 97.
5.16000, 127.
5.17000, 139.
5.18000, 149.
5.19000, 144.
5.20000, 173.
5.21000, 192.
5.22000, 195.
5.23000, 194.
5.24000, 219.
5.25000, 203.
5.26000, 201.
5.27000, 191.
5.28000, 172.
5.29000, 180.
5.30000, 194.
5.31000, 196.
5.32000, 180.
5.33000, 174.
5.34000, 168.
5.35000, 154.
5.36000, 171.
5.37000, 153.
5.38000, 148.
5.39000, 157.
5.40000, 138.
5.41000, 150.
5.42000, 149.
5.43000, 138.
5.44000, 115.
5.45000, 111.
5.46000, 91.
5.47000, 101.
5.48000, 84.
5.49000, 84.
5.50000, 90.
5.51000, 73.
5.52000, 76.
5.53000, 85.
5.54000, 81.
5.55000, 77.
5.56000, 97.
5.57000, 83.
5.58000, 63.
5.59000, 81.
5.60000, 94.
5.61000, 93.
5.62000, 77.
5.63000, 91.
5.64000, 92.
5.65000, 100.
5.66000, 90.
5.67000, 98.
5.68000, 100.
5.69000, 91.
5.70000, 80.
5.71000, 103.
5.72000, 125.
5.73000, 114.
5.74000, 90.
5.75000, 97.
5.76000, 103.
5.77000, 101.
5.78000, 108.
5.79000, 105.
5.80000, 118.
5.81000, 99.
5.82000, 118.
5.83000, 135.
5.84000, 135.
5.85000, 133.
5.86000, 151.
5.87000, 143.
5.88000, 150.
5.89000, 136.
5.90000, 147.
5.91000, 164.
5.92000, 146.
5.93000, 133.
5.94000, 136.
5.95000, 106.
5.96000, 128.
5.97000, 113.
5.98000, 117.
5.99000, 113.
6.00000, 100.
6.01000, 104.
6.02000, 117.
6.03000, 108.
6.04000, 116.
6.05000, 130.
6.06000, 134.
6.07000, 119.
6.08000, 131.
6.09000, 122.
6.10000, 144.
6.11000, 132.
6.12000, 144.
6.13000, 139.
6.14000, 142.
6.15000, 173.
6.16000, 177.
6.17000, 221.
6.18000, 223.
6.19000, 324.
6.20000, 459.
6.21000, 609.
6.22000, 815.
6.23000, 1099.
6.24000, 1584.
6.25000, 2172.
6.26000, 3162.
6.27000, 4514.
6.28000, 6103.
6.29000, 8148.
6.30000, 10543.
6.31000, 13152.
6.32000, 16651.
6.33000, 19786.
6.34000, 23734.
6.35000, 26865.
6.36000, 30237.
6.37000, 32840.
6.38000, 34976.
6.39000, 35959.
6.40000, 36225.
6.41000, 35414.
6.42000, 33716.
6.43000, 31280.
6.44000, 28229.
6.45000, 25037.
6.46000, 21105.
6.47000, 17795.
6.48000, 14517.
6.49000, 11468.
6.50000, 8722.
6.51000, 6759.
6.52000, 4859.
6.53000, 3478.
6.54000, 2449.
6.55000, 1726.
6.56000, 1169.
6.57000, 781.
6.58000, 515.
6.59000, 389.
6.60000, 274.
6.61000, 197.
6.62000, 154.
6.63000, 138.
6.64000, 110.
6.65000, 103.
6.66000, 118.
6.67000, 112.
6.68000, 89.
6.69000, 108.
6.70000, 116.
6.71000, 95.
6.72000, 108.
6.73000, 124.
6.74000, 109.
6.75000, 121.
6.76000, 122.
6.77000, 119.
6.78000, 128.
6.79000, 111.
6.80000, 141.
6.81000, 159.
6.82000, 164.
6.83000, 179.
6.84000, 198.
6.85000, 229.
6.86000, 251.
6.87000, 273.
6.88000, 342.
6.89000, 453.
6.90000, 539.
6.91000, 691.
6.92000, 867.
6.93000, 1059.
6.94000, 1390.
6.95000, 1759.
6.96000, 2127.
6.97000, 2605.
6.98000, 2948.
6.99000, 3591.
7.00000, 4038.
7.01000, 4486.
7.02000, 4968.
7.03000, 5197.
7.04000, 5398.
7.05000, 5410.
7.06000, 5362.
7.07000, 5327.
7.08000, 4932.
7.09000, 4507.
7.10000, 4039.
7.11000, 3536.
7.12000, 3071.
7.13000, 2660.
7.14000, 2143.
7.15000, 1732.
7.16000, 1327.
7.17000, 1054.
7.18000, 738.
7.19000, 535.
7.20000, 437.
7.21000, 263.
7.22000, 186.
7.23000, 128.
7.24000, 89.
7.25000, 83.
7.26000, 35.
7.27000, 32.
7.28000, 33.
7.29000, 26.
7.30000, 24.
7.31000, 15.
7.32000, 13.
7.33000, 18.
7.34000, 17.
7.35000, 19.
7.36000, 10.
7.37000, 13.
7.38000, 20.
7.39000, 19.
7.40000, 21.
7.41000, 28.
7.42000, 19.
7.43000, 26.
7.44000, 21.
7.45000, 13.
7.46000, 14.
7.47000, 25.
7.48000, 25.
7.49000, 19.
7.50000, 24.
7.51000, 22.
7.52000, 18.
7.53000, 19.
7.54000, 18.
7.55000, 10.
7.56000, 17.
7.57000, 15.
7.58000, 16.
7.59000, 20.
7.60000, 21.
7.61000, 22.
7.62000, 18.
7.63000, 12.
7.64000, 14.
7.65000, 15.
7.66000, 21.
7.67000, 21.
7.68000, 18.
7.69000, 20.
7.70000, 17.
7.71000, 17.
7.72000, 10.
7.73000, 19.
7.74000, 25.
7.75000, 21.
7.76000, 28.
7.77000, 24.
7.78000, 25.
7.79000, 16.
7.80000, 15.
7.81000, 32.
7.82000, 15.
7.83000, 25.
7.84000, 22.
7.85000, 28.
7.86000, 28.
7.87000, 26.
7.88000, 26.
7.89000, 37.
7.90000, 30.
7.91000, 27.
7.92000, 26.
7.93000, 22.
7.94000, 21.
7.95000, 32.
7.96000, 33.
7.97000, 39.
7.98000, 35.
7.99000, 40.
8.00000, 25.
8.01000, 29.
8.02000, 32.
8.03000, 38.
8.04000, 31.
8.05000, 27.
8.06000, 40.
8.07000, 44.
8.08000, 33.
8.09000, 35.
8.10000, 31.
8.11000, 50.
8.12000, 37.
8.13000, 41.
8.14000, 39.
8.15000, 33.
8.16000, 36.
8.17000, 23.
8.18000, 37.
8.19000, 38.
8.20000, 32.
8.21000, 34.
8.22000, 24.
8.23000, 26.
8.24000, 23.
8.25000, 23.
8.26000, 34.
8.27000, 14.
8.28000, 20.
8.29000, 23.
8.30000, 18.
8.31000, 20.
8.32000, 16.
8.33000, 27.
8.34000, 20.
8.35000, 21.
8.36000, 20.
8.37000, 20.
8.38000, 18.
8.39000, 22.
8.40000, 22.
8.41000, 23.
8.42000, 20.
8.43000, 21.
8.44000, 22.
8.45000, 21.
8.46000, 19.
8.47000, 23.
8.48000, 22.
8.49000, 32.
8.50000, 23.
8.51000, 22.
8.52000, 29.
8.53000, 26.
8.54000, 23.
8.55000, 33.
8.56000, 34.
8.57000, 24.
8.58000, 43.
8.59000, 38.
8.60000, 57.
8.61000, 46.
8.62000, 40.
8.63000, 42.
8.64000, 56.
8.65000, 37.
8.66000, 48.
8.67000, 39.
8.68000, 28.
8.69000, 30.
8.70000, 34.
8.71000, 36.
8.72000, 24.
8.73000, 28.
8.74000, 29.
8.75000, 37.
8.76000, 29.
8.77000, 31.
8.78000, 20.
8.79000, 26.
8.80000, 19.
8.81000, 18.
8.82000, 14.
8.83000, 27.
8.84000, 19.
8.85000, 22.
8.86000, 20.
8.87000, 21.
8.88000, 18.
8.89000, 19.
8.90000, 27.
8.91000, 23.
8.92000, 29.
8.93000, 18.
8.94000, 15.
8.95000, 24.
8.96000, 17.
8.97000, 22.
8.98000, 14.
8.99000, 24.
9.00000, 28.
9.01000, 21.
9.02000, 23.
9.03000, 19.
9.04000, 15.
9.05000, 29.
9.06000, 20.
9.07000, 28.
9.08000, 21.
9.09000, 18.
9.10000, 26.
9.11000, 16.
9.12000, 26.
9.13000, 24.
9.14000, 31.
9.15000, 31.
9.16000, 18.
9.17000, 26.
9.18000, 34.
9.19000, 17.
9.20000, 34.
9.21000, 27.
9.22000, 25.
9.23000, 26.
9.24000, 24.
9.25000, 17.
9.26000, 23.
9.27000, 20.
9.28000, 31.
9.29000, 21.
9.30000, 16.
9.31000, 34.
9.32000, 17.
9.33000, 19.
9.34000, 21.
9.35000, 21.
9.36000, 27.
9.37000, 32.
9.38000, 16.
9.39000, 14.
9.40000, 33.
9.41000, 22.
9.42000, 12.
9.43000, 22.
9.44000, 31.
9.45000, 24.
9.46000, 26.
9.47000, 37.
9.48000, 24.
9.49000, 33.
9.50000, 26.
9.51000, 23.
9.52000, 22.
9.53000, 28.
9.54000, 31.
9.55000, 21.
9.56000, 30.
9.57000, 30.
9.58000, 28.
9.59000, 19.
9.60000, 22.
9.61000, 35.
9.62000, 29.
9.63000, 28.
9.64000, 25.
9.65000, 21.
9.66000, 19.
9.67000, 30.
9.68000, 34.
9.69000, 19.
9.70000, 26.
9.71000, 32.
9.72000, 25.
9.73000, 23.
9.74000, 23.
9.75000, 23.
9.76000, 27.
9.77000, 29.
9.78000, 33.
9.79000, 23.
9.80000, 21.
9.81000, 21.
9.82000, 17.
9.83000, 32.
9.84000, 25.
9.85000, 17.
9.86000, 20.
9.87000, 28.
9.88000, 28.
9.89000, 26.
9.90000, 29.
9.91000, 25.
9.92000, 26.
9.93000, 27.
9.94000, 26.
9.95000, 25.
9.96000, 25.
9.97000, 21.
9.98000, 27.
9.99000, 26.
10.00000, 32.
10.01000, 20.
10.02000, 21.
10.03000, 25.
10.04000, 25.
10.05000, 32.
10.06000, 26.
10.07000, 20.
10.08000, 26.
10.09000, 38.
10.10000, 28.
10.11000, 22.
10.12000, 33.
10.13000, 23.
10.14000, 27.
10.15000, 37.
10.16000, 26.
10.17000, 25.
10.18000, 34.
10.19000, 30.
10.20000, 30.
10.21000, 15.
10.22000, 22.
10.23000, 29.
10.24000, 23.
10.25000, 26.
10.26000, 25.
10.27000, 26.
10.28000, 36.
10.29000, 17.
10.30000, 24.
10.31000, 30.
10.32000, 34.
10.33000, 19.
10.34000, 24.
10.35000, 31.
10.36000, 18.
10.37000, 20.
10.38000, 29.
10.39000, 22.
10.40000, 38.
10.41000, 29.
10.42000, 23.
10.43000, 35.
10.44000, 21.
10.45000, 20.
10.46000, 43.
10.47000, 30.
10.48000, 31.
10.49000, 41.
10.50000, 38.
10.51000, 24.
10.52000, 25.
10.53000, 37.
10.54000, 25.
10.55000, 33.
10.56000, 32.
10.57000, 30.
10.58000, 27.
10.59000, 35.
10.60000, 32.
10.61000, 34.
10.62000, 31.
10.63000, 30.
10.64000, 28.
10.65000, 33.
10.66000, 36.
10.67000, 22.
10.68000, 21.
10.69000, 33.
10.70000, 23.
10.71000, 30.
10.72000, 30.
10.73000, 35.
10.74000, 28.
10.75000, 23.
10.76000, 32.
10.77000, 24.
10.78000, 26.
10.79000, 21.
10.80000, 33.
10.81000, 30.
10.82000, 26.
10.83000, 27.
10.84000, 43.
10.85000, 37.
10.86000, 36.
10.87000, 25.
10.88000, 38.
10.89000, 33.
10.90000, 40.
10.91000, 29.
10.92000, 42.
10.93000, 25.
10.94000, 27.
10.95000, 25.
10.96000, 27.
10.97000, 46.
10.98000, 26.
10.99000, 31.
11.00000, 33.
11.01000, 29.
11.02000, 30.
11.03000, 32.
11.04000, 25.
11.05000, 30.
11.06000, 28.
11.07000, 25.
11.08000, 38.
11.09000, 34.
11.10000, 37.
11.11000, 26.
11.12000, 32.
11.13000, 34.
11.14000, 23.
11.15000, 23.
11.16000, 28.
11.17000, 31.
11.18000, 27.
11.19000, 30.
11.20000, 24.
11.21000, 34.
11.22000, 25.
11.23000, 23.
11.24000, 27.
11.25000, 18.
11.26000, 20.
11.27000, 25.
11.28000, 32.
11.29000, 26.
11.30000, 30.
11.31000, 32.
11.32000, 38.
11.33000, 27.
11.34000, 27.
11.35000, 31.
11.36000, 31.
11.37000, 27.
11.38000, 22.
11.39000, 31.
11.40000, 32.
11.41000, 22.
11.42000, 37.
11.43000, 28.
11.44000, 27.
11.45000, 15.
11.46000, 35.
11.47000, 24.
11.48000, 27.
11.49000, 36.
11.50000, 28.
11.51000, 31.
11.52000, 33.
11.53000, 35.
11.54000, 16.
11.55000, 35.
11.56000, 34.
11.57000, 21.
11.58000, 28.
11.59000, 30.
11.60000, 29.
11.61000, 30.
11.62000, 15.
11.63000, 32.
11.64000, 34.
11.65000, 23.
11.66000, 21.
11.67000, 32.
11.68000, 24.
11.69000, 35.
11.70000, 18.
11.71000, 34.
11.72000, 20.
11.73000, 32.
11.74000, 20.
11.75000, 37.
11.76000, 25.
11.77000, 30.
11.78000, 26.
11.79000, 39.
11.80000, 28.
11.81000, 35.
11.82000, 36.
11.83000, 33.
11.84000, 24.
11.85000, 30.
11.86000, 29.
11.87000, 27.
11.88000, 33.
11.89000, 32.
11.90000, 26.
11.91000, 25.
11.92000, 24.
11.93000, 20.
11.94000, 33.
11.95000, 23.
11.96000, 39.
11.97000, 32.
11.98000, 21.
11.99000, 21.
12.00000, 24.
12.01000, 22.
12.02000, 34.
12.03000, 24.
12.04000, 29.
12.05000, 29.
12.06000, 30.
12.07000, 20.
12.08000, 26.
12.09000, 31.
12.10000, 27.
12.11000, 20.
12.12000, 28.
12.13000, 22.
12.14000, 25.
12.15000, 30.
12.16000, 34.
12.17000, 27.
12.18000, 26.
12.19000, 30.
12.20000, 25.
12.21000, 19.
12.22000, 27.
12.23000, 27.
12.24000, 27.
12.25000, 30.
12.26000, 33.
12.27000, 31.
12.28000, 23.
12.29000, 30.
12.30000, 29.
12.31000, 25.
12.32000, 19.
12.33000, 37.
12.34000, 34.
12.35000, 21.
12.36000, 32.
12.37000, 28.
12.38000, 38.
12.39000, 30.
12.40000, 37.
12.41000, 31.
12.42000, 35.
12.43000, 31.
12.44000, 22.
12.45000, 29.
12.46000, 29.
12.47000, 35.
12.48000, 19.
12.49000, 27.
12.50000, 42.
12.51000, 31.
12.52000, 37.
12.53000, 23.
12.54000, 37.
12.55000, 46.
12.56000, 32.
12.57000, 44.
12.58000, 32.
12.59000, 45.
12.60000, 37.
12.61000, 38.
12.62000, 45.
12.63000, 62.
12.64000, 57.
12.65000, 76.
12.66000, 94.
12.67000, 101.
12.68000, 105.
12.69000, 115.
12.70000, 119.
12.71000, 139.
12.72000, 152.
12.73000, 163.
12.74000, 187.
12.75000, 185.
12.76000, 184.
12.77000, 169.
12.78000, 215.
12.79000, 205.
12.80000, 184.
12.81000, 210.
12.82000, 210.
12.83000, 218.
12.84000, 189.
12.85000, 176.
12.86000, 165.
12.87000, 158.
12.88000, 164.
12.89000, 126.
12.90000, 119.
12.91000, 120.
12.92000, 111.
12.93000, 87.
12.94000, 74.
12.95000, 72.
12.96000, 62.
12.97000, 59.
12.98000, 49.
12.99000, 44.
13.00000, 51.
13.01000, 51.
13.02000, 43.
13.03000, 34.
13.04000, 42.
13.05000, 38.
13.06000, 21.
13.07000, 30.
13.08000, 30.
13.09000, 28.
13.10000, 36.
13.11000, 33.
13.12000, 26.
13.13000, 26.
13.14000, 35.
13.15000, 36.
13.16000, 31.
13.17000, 34.
13.18000, 30.
13.19000, 33.
13.20000, 36.
13.21000, 38.
13.22000, 25.
13.23000, 35.
13.24000, 29.
13.25000, 41.
13.26000, 29.
13.27000, 36.
13.28000, 37.
13.29000, 40.
13.30000, 39.
13.31000, 47.
13.32000, 49.
13.33000, 52.
13.34000, 51.
13.35000, 53.
13.36000, 55.
13.37000, 75.
13.38000, 76.
13.39000, 72.
13.40000, 78.
13.41000, 88.
13.42000, 82.
13.43000, 81.
13.44000, 74.
13.45000, 84.
13.46000, 88.
13.47000, 104.
13.48000, 88.
13.49000, 63.
13.50000, 69.
13.51000, 72.
13.52000, 67.
13.53000, 70.
13.54000, 60.
13.55000, 55.
13.56000, 43.
13.57000, 42.
13.58000, 44.
13.59000, 32.
13.60000, 39.
13.61000, 35.
13.62000, 33.
13.63000, 42.
13.64000, 41.
13.65000, 38.
13.66000, 36.
13.67000, 30.
13.68000, 21.
13.69000, 25.
13.70000, 28.
13.71000, 42.
13.72000, 25.
13.73000, 32.
13.74000, 23.
13.75000, 23.
13.76000, 31.
13.77000, 30.
13.78000, 29.
13.79000, 29.
13.80000, 25.
13.81000, 31.
13.82000, 20.
13.83000, 25.
13.84000, 17.
13.85000, 22.
13.86000, 32.
13.87000, 38.
13.88000, 28.
13.89000, 25.
13.90000, 33.
13.91000, 27.
13.92000, 37.
13.93000, 29.
13.94000, 50.
13.95000, 46.
13.96000, 48.
13.97000, 51.
13.98000, 62.
13.99000, 66.
14.00000, 69.
14.01000, 78.
14.02000, 86.
14.03000, 84.
14.04000, 107.
14.05000, 105.
14.06000, 112.
14.07000, 125.
14.08000, 116.
14.09000, 148.
14.10000, 144.
14.11000, 141.
14.12000, 135.
14.13000, 162.
14.14000, 145.
14.15000, 127.
14.16000, 134.
14.17000, 120.
14.18000, 130.
14.19000, 99.
14.20000, 107.
14.21000, 93.
14.22000, 86.
14.23000, 71.
14.24000, 66.
14.25000, 84.
14.26000, 62.
14.27000, 45.
14.28000, 59.
14.29000, 51.
14.30000, 44.
14.31000, 44.
14.32000, 24.
14.33000, 39.
14.34000, 26.
14.35000, 32.
14.36000, 22.
14.37000, 40.
14.38000, 24.
14.39000, 31.
14.40000, 34.
14.41000, 27.
14.42000, 35.
14.43000, 22.
14.44000, 24.
14.45000, 22.
14.46000, 27.
14.47000, 27.
14.48000, 23.
14.49000, 26.
14.50000, 37.
14.51000, 35.
14.52000, 36.
14.53000, 35.
14.54000, 22.
14.55000, 31.
14.56000, 26.
14.57000, 27.
14.58000, 25.
14.59000, 19.
14.60000, 33.
14.61000, 38.
14.62000, 28.
14.63000, 29.
14.64000, 23.
14.65000, 23.
14.66000, 31.
14.67000, 27.
14.68000, 33.
14.69000, 32.
14.70000, 31.
14.71000, 32.
14.72000, 33.
14.73000, 35.
14.74000, 41.
14.75000, 26.
14.76000, 34.
14.77000, 36.
14.78000, 33.
14.79000, 37.
14.80000, 37.
14.81000, 36.
14.82000, 48.
14.83000, 49.
14.84000, 35.
14.85000, 48.
14.86000, 41.
14.87000, 56.
14.88000, 53.
14.89000, 36.
14.90000, 53.
14.91000, 47.
14.92000, 59.
14.93000, 61.
14.94000, 42.
14.95000, 39.
14.96000, 39.
14.97000, 33.
14.98000, 37.
14.99000, 48.
15.00000, 55.
15.01000, 32.
15.02000, 50.
15.03000, 28.
15.04000, 43.
15.05000, 30.
15.06000, 32.
15.07000, 35.
15.08000, 33.
15.09000, 25.
15.10000, 40.
15.11000, 31.
15.12000, 22.
15.13000, 34.
15.14000, 28.
15.15000, 29.
15.16000, 21.
15.17000, 34.
15.18000, 21.
15.19000, 26.
15.20000, 30.
15.21000, 29.
15.22000, 33.
15.23000, 25.
15.24000, 25.
15.25000, 23.
15.26000, 32.
15.27000, 25.
15.28000, 22.
15.29000, 18.
15.30000, 19.
15.31000, 29.
15.32000, 22.
15.33000, 37.
15.34000, 24.
15.35000, 33.
15.36000, 35.
15.37000, 33.
15.38000, 29.
15.39000, 33.
15.40000, 33.
15.41000, 23.
15.42000, 23.
15.43000, 26.
15.44000, 33.
15.45000, 30.
15.46000, 33.
15.47000, 29.
15.48000, 32.
15.49000, 32.
15.50000, 34.
15.51000, 47.
15.52000, 36.
15.53000, 45.
15.54000, 37.
15.55000, 52.
15.56000, 47.
15.57000, 55.
15.58000, 65.
15.59000, 69.
15.60000, 68.
15.61000, 83.
15.62000, 88.
15.63000, 74.
15.64000, 118.
15.65000, 87.
15.66000, 97.
15.67000, 97.
15.68000, 114.
15.69000, 107.
15.70000, 113.
15.71000, 112.
15.72000, 130.
15.73000, 127.
15.74000, 130.
15.75000, 122.
15.76000, 117.
15.77000, 112.
15.78000, 108.
15.79000, 118.
15.80000, 100.
15.81000, 101.
15.82000, 93.
15.83000, 94.
15.84000, 85.
15.85000, 66.
15.86000, 67.
15.87000, 64.
15.88000, 70.
15.89000, 57.
15.90000, 55.
15.91000, 46.
15.92000, 38.
15.93000, 58.
15.94000, 38.
15.95000, 45.
15.96000, 40.
15.97000, 41.
15.98000, 36.
15.99000, 26.
16.00000, 34.
16.01000, 27.
16.02000, 33.
16.03000, 28.
16.04000, 34.
16.05000, 31.
16.06000, 33.
16.07000, 22.
16.08000, 35.
16.09000, 34.
16.10000, 38.
16.11000, 35.
16.12000, 37.
16.13000, 38.
16.14000, 38.
16.15000, 39.
16.16000, 32.
16.17000, 33.
16.18000, 33.
16.19000, 46.
16.20000, 31.
16.21000, 35.
16.22000, 42.
16.23000, 39.
16.24000, 36.
16.25000, 41.
16.26000, 51.
16.27000, 35.
16.28000, 37.
16.29000, 36.
16.30000, 40.
16.31000, 39.
16.32000, 46.
16.33000, 40.
16.34000, 50.
16.35000, 54.
16.36000, 55.
16.37000, 68.
16.38000, 68.
16.39000, 86.
16.40000, 103.
16.41000, 96.
16.42000, 110.
16.43000, 134.
16.44000, 111.
16.45000, 151.
16.46000, 155.
16.47000, 156.
16.48000, 172.
16.49000, 184.
16.50000, 198.
16.51000, 204.
16.52000, 219.
16.53000, 204.
16.54000, 226.
16.55000, 232.
16.56000, 212.
16.57000, 219.
16.58000, 211.
16.59000, 220.
16.60000, 206.
16.61000, 197.
16.62000, 197.
16.63000, 175.
16.64000, 160.
16.65000, 149.
16.66000, 152.
16.67000, 126.
16.68000, 119.
16.69000, 123.
16.70000, 94.
16.71000, 104.
16.72000, 92.
16.73000, 69.
16.74000, 68.
16.75000, 53.
16.76000, 57.
16.77000, 45.
16.78000, 45.
16.79000, 40.
16.80000, 41.
16.81000, 33.
16.82000, 34.
16.83000, 31.
16.84000, 45.
16.85000, 22.
16.86000, 22.
16.87000, 35.
16.88000, 23.
16.89000, 28.
16.90000, 33.
16.91000, 25.
16.92000, 34.
16.93000, 24.
16.94000, 28.
16.95000, 27.
16.96000, 29.
16.97000, 19.
16.98000, 20.
16.99000, 29.
17.00000, 38.
17.01000, 17.
17.02000, 24.
17.03000, 25.
17.04000, 22.
17.05000, 30.
17.06000, 22.
17.07000, 27.
17.08000, 21.
17.09000, 18.
17.10000, 24.
17.11000, 32.
17.12000, 20.
17.13000, 32.
17.14000, 27.
17.15000, 29.
17.16000, 21.
17.17000, 30.
17.18000, 34.
17.19000, 34.
17.20000, 26.
17.21000, 30.
17.22000, 18.
17.23000, 30.
17.24000, 28.
17.25000, 29.
17.26000, 28.
17.27000, 39.
17.28000, 32.
17.29000, 27.
17.30000, 38.
17.31000, 34.
17.32000, 46.
17.33000, 32.
17.34000, 32.
17.35000, 29.
17.36000, 37.
17.37000, 29.
17.38000, 27.
17.39000, 36.
17.40000, 34.
17.41000, 38.
17.42000, 44.
17.43000, 38.
17.44000, 49.
17.45000, 33.
17.46000, 34.
17.47000, 36.
17.48000, 32.
17.49000, 32.
17.50000, 59.
17.51000, 36.
17.52000, 45.
17.53000, 36.
17.54000, 49.
17.55000, 36.
17.56000, 32.
17.57000, 43.
17.58000, 44.
17.59000, 40.
17.60000, 41.
17.61000, 44.
17.62000, 54.
17.63000, 49.
17.64000, 43.
17.65000, 42.
17.66000, 51.
17.67000, 41.
17.68000, 42.
17.69000, 43.
17.70000, 44.
17.71000, 47.
17.72000, 54.
17.73000, 54.
17.74000, 48.
17.75000, 34.
17.76000, 42.
17.77000, 33.
17.78000, 30.
17.79000, 40.
17.80000, 35.
17.81000, 40.
17.82000, 30.
17.83000, 38.
17.84000, 35.
17.85000, 28.
17.86000, 30.
17.87000, 40.
17.88000, 33.
17.89000, 42.
17.90000, 35.
17.91000, 44.
17.92000, 27.
17.93000, 27.
17.94000, 36.
17.95000, 43.
17.96000, 42.
17.97000, 36.
17.98000, 29.
17.99000, 38.
18.00000, 34.
18.01000, 29.
18.02000, 43.
18.03000, 31.
18.04000, 37.
18.05000, 47.
18.06000, 41.
18.07000, 33.
18.08000, 38.
18.09000, 33.
18.10000, 45.
18.11000, 36.
18.12000, 25.
18.13000, 33.
18.14000, 51.
18.15000, 39.
18.16000, 38.
18.17000, 40.
18.18000, 37.
18.19000, 38.
18.20000, 39.
18.21000, 48.
18.22000, 32.
18.23000, 42.
18.24000, 40.
18.25000, 53.
18.26000, 34.
18.27000, 47.
18.28000, 45.
18.29000, 51.
18.30000, 43.
18.31000, 45.
18.32000, 50.
18.33000, 59.
18.34000, 47.
18.35000, 51.
18.36000, 59.
18.37000, 58.
18.38000, 48.
18.39000, 56.
18.40000, 61.
18.41000, 62.
18.42000, 68.
18.43000, 64.
18.44000, 73.
18.45000, 82.
18.46000, 72.
18.47000, 87.
18.48000, 85.
18.49000, 96.
18.50000, 93.
18.51000, 103.
18.52000, 112.
18.53000, 127.
18.54000, 111.
18.55000, 132.
18.56000, 123.
18.57000, 134.
18.58000, 109.
18.59000, 141.
18.60000, 125.
18.61000, 123.
18.62000, 135.
18.63000, 132.
18.64000, 135.
18.65000, 132.
18.66000, 143.
18.67000, 134.
18.68000, 141.
18.69000, 142.
18.70000, 148.
18.71000, 122.
18.72000, 137.
18.73000, 123.
18.74000, 155.
18.75000, 151.
18.76000, 149.
18.77000, 128.
18.78000, 127.
18.79000, 136.
18.80000, 129.
18.81000, 137.
18.82000, 144.
18.83000, 164.
18.84000, 138.
18.85000, 135.
18.86000, 136.
18.87000, 120.
18.88000, 138.
18.89000, 122.
18.90000, 119.
18.91000, 121.
18.92000, 148.
18.93000, 128.
18.94000, 139.
18.95000, 132.
18.96000, 139.
18.97000, 112.
18.98000, 132.
18.99000, 105.
19.00000, 119.
19.01000, 139.
19.02000, 112.
19.03000, 111.
19.04000, 112.
19.05000, 93.
19.06000, 116.
19.07000, 91.
19.08000, 104.
19.09000, 101.
19.10000, 98.
19.11000, 106.
19.12000, 87.
19.13000, 98.
19.14000, 84.
19.15000, 80.
19.16000, 79.
19.17000, 67.
19.18000, 70.
19.19000, 79.
19.20000, 73.
19.21000, 54.
19.22000, 72.
19.23000, 47.
19.24000, 75.
19.25000, 73.
19.26000, 56.
19.27000, 66.
19.28000, 66.
19.29000, 55.
19.30000, 45.
19.31000, 42.
19.32000, 62.
19.33000, 57.
19.34000, 58.
19.35000, 45.
19.36000, 60.
19.37000, 43.
19.38000, 58.
19.39000, 47.
19.40000, 40.
19.41000, 49.
19.42000, 43.
19.43000, 50.
19.44000, 51.
19.45000, 40.
19.46000, 38.
19.47000, 40.
19.48000, 36.
19.49000, 39.
19.50000, 40.
19.51000, 50.
19.52000, 33.
19.53000, 29.
19.54000, 37.
19.55000, 36.
19.56000, 41.
19.57000, 35.
19.58000, 36.
19.59000, 34.
19.60000, 33.
19.61000, 31.
19.62000, 24.
19.63000, 30.
19.64000, 39.
19.65000, 28.
19.66000, 36.
19.67000, 38.
19.68000, 38.
19.69000, 42.
19.70000, 36.
19.71000, 37.
19.72000, 23.
19.73000, 29.
19.74000, 31.
19.75000, 42.
19.76000, 29.
19.77000, 29.
19.78000, 29.
19.79000, 34.
19.80000, 29.
19.81000, 31.
19.82000, 45.
19.83000, 26.
19.84000, 33.
19.85000, 33.
19.86000, 37.
19.87000, 45.
19.88000, 49.
19.89000, 52.
19.90000, 50.
19.91000, 39.
19.92000, 60.
19.93000, 83.
19.94000, 75.
19.95000, 83.
19.96000, 78.
19.97000, 84.
19.98000, 101.
19.99000, 89.
20.00000, 114.
20.01000, 109.
20.02000, 117.
20.03000, 126.
20.04000, 122.
20.05000, 112.
20.06000, 119.
20.07000, 153.
20.08000, 126.
20.09000, 164.
20.10000, 140.
20.11000, 174.
20.12000, 170.
20.13000, 155.
20.14000, 183.
20.15000, 154.
20.16000, 137.
20.17000, 170.
20.18000, 148.
20.19000, 162.
20.20000, 127.
20.21000, 144.
20.22000, 148.
20.23000, 129.
20.24000, 110.
20.25000, 91.
20.26000, 94.
20.27000, 99.
20.28000, 110.
20.29000, 95.
20.30000, 77.
20.31000, 67.
20.32000, 59.
20.33000, 57.
20.34000, 62.
20.35000, 54.
20.36000, 42.
20.37000, 36.
20.38000, 43.
20.39000, 24.
20.40000, 22.
20.41000, 44.
20.42000, 22.
20.43000, 30.
20.44000, 27.
20.45000, 26.
20.46000, 30.
20.47000, 22.
20.48000, 29.
20.49000, 28.
20.50000, 26.
20.51000, 24.
20.52000, 22.
20.53000, 23.
20.54000, 22.
20.55000, 26.
20.56000, 23.
20.57000, 20.
20.58000, 32.
20.59000, 29.
20.60000, 22.
20.61000, 23.
20.62000, 19.
20.63000, 30.
20.64000, 30.
20.65000, 30.
20.66000, 27.
20.67000, 39.
20.68000, 27.
20.69000, 31.
20.70000, 27.
20.71000, 29.
20.72000, 27.
20.73000, 43.
20.74000, 29.
20.75000, 35.
20.76000, 17.
20.77000, 32.
20.78000, 46.
20.79000, 41.
20.80000, 33.
20.81000, 29.
20.82000, 28.
20.83000, 24.
20.84000, 33.
20.85000, 39.
20.86000, 32.
20.87000, 38.
20.88000, 37.
20.89000, 36.
20.90000, 30.
20.91000, 45.
20.92000, 33.
20.93000, 32.
20.94000, 35.
20.95000, 35.
20.96000, 44.
20.97000, 40.
20.98000, 41.
20.99000, 34.
21.00000, 39.
21.01000, 33.
21.02000, 40.
21.03000, 30.
21.04000, 40.
21.05000, 49.
21.06000, 43.
21.07000, 37.
21.08000, 44.
21.09000, 36.
21.10000, 37.
21.11000, 43.
21.12000, 43.
21.13000, 36.
21.14000, 38.
21.15000, 46.
21.16000, 42.
21.17000, 39.
21.18000, 28.
21.19000, 37.
21.20000, 26.
21.21000, 29.
21.22000, 24.
21.23000, 28.
21.24000, 28.
21.25000, 33.
21.26000, 32.
21.27000, 35.
21.28000, 29.
21.29000, 38.
21.30000, 24.
21.31000, 18.
21.32000, 38.
21.33000, 30.
21.34000, 27.
21.35000, 28.
21.36000, 33.
21.37000, 35.
21.38000, 32.
21.39000, 28.
21.40000, 26.
21.41000, 34.
21.42000, 38.
21.43000, 17.
21.44000, 30.
21.45000, 32.
21.46000, 19.
21.47000, 25.
21.48000, 14.
21.49000, 24.
21.50000, 24.
21.51000, 25.
21.52000, 21.
21.53000, 26.
21.54000, 25.
21.55000, 26.
21.56000, 24.
21.57000, 25.
21.58000, 27.
21.59000, 28.
21.60000, 19.
21.61000, 18.
21.62000, 29.
21.63000, 12.
21.64000, 31.
21.65000, 26.
21.66000, 22.
21.67000, 22.
21.68000, 22.
21.69000, 19.
21.70000, 22.
21.71000, 21.
21.72000, 20.
21.73000, 13.
21.74000, 19.
21.75000, 21.
21.76000, 15.
21.77000, 23.
21.78000, 13.
21.79000, 20.
21.80000, 22.
21.81000, 18.
21.82000, 20.
21.83000, 21.
21.84000, 23.
21.85000, 14.
21.86000, 17.
21.87000, 19.
21.88000, 14.
21.89000, 18.
21.90000, 21.
21.91000, 20.
21.92000, 20.
21.93000, 17.
21.94000, 10.
21.95000, 19.
21.96000, 14.
21.97000, 9.
21.98000, 15.
21.99000, 14.
22.00000, 15.
22.01000, 21.
22.02000, 27.
22.03000, 17.
22.04000, 14.
22.05000, 24.
22.06000, 14.
22.07000, 21.
22.08000, 19.
22.09000, 20.
22.10000, 17.
22.11000, 27.
22.12000, 19.
22.13000, 18.
22.14000, 12.
22.15000, 10.
22.16000, 18.
22.17000, 14.
22.18000, 21.
22.19000, 19.
22.20000, 17.
22.21000, 23.
22.22000, 15.
22.23000, 21.
22.24000, 13.
22.25000, 23.
22.26000, 18.
22.27000, 11.
22.28000, 17.
22.29000, 13.
22.30000, 16.
22.31000, 22.
22.32000, 20.
22.33000, 13.
22.34000, 8.
22.35000, 11.
22.36000, 14.
22.37000, 15.
22.38000, 8.
22.39000, 10.
22.40000, 18.
22.41000, 16.
22.42000, 20.
22.43000, 21.
22.44000, 24.
22.45000, 14.
22.46000, 20.
22.47000, 21.
22.48000, 17.
22.49000, 18.
22.50000, 22.
22.51000, 27.
22.52000, 16.
22.53000, 26.
22.54000, 25.
22.55000, 32.
22.56000, 22.
22.57000, 28.
22.58000, 28.
22.59000, 33.
22.60000, 36.
22.61000, 31.
22.62000, 34.
22.63000, 29.
22.64000, 42.
22.65000, 39.
22.66000, 39.
22.67000, 45.
22.68000, 43.
22.69000, 31.
22.70000, 41.
22.71000, 40.
22.72000, 27.
22.73000, 37.
22.74000, 35.
22.75000, 30.
22.76000, 28.
22.77000, 35.
22.78000, 43.
22.79000, 26.
22.80000, 25.
22.81000, 26.
22.82000, 31.
22.83000, 21.
22.84000, 25.
22.85000, 24.
22.86000, 22.
22.87000, 20.
22.88000, 20.
22.89000, 15.
22.90000, 13.
22.91000, 25.
22.92000, 23.
22.93000, 9.
22.94000, 12.
22.95000, 17.
22.96000, 12.
22.97000, 16.
22.98000, 23.
22.99000, 18.
23.00000, 11.
23.01000, 15.
23.02000, 10.
23.03000, 12.
23.04000, 24.
23.05000, 17.
23.06000, 12.
23.07000, 18.
23.08000, 26.
23.09000, 19.
23.10000, 12.
23.11000, 13.
23.12000, 19.
23.13000, 15.
23.14000, 25.
23.15000, 15.
23.16000, 11.
23.17000, 18.
23.18000, 14.
23.19000, 14.
23.20000, 17.
23.21000, 16.
23.22000, 13.
23.23000, 15.
23.24000, 8.
23.25000, 15.
23.26000, 12.
23.27000, 12.
23.28000, 12.
23.29000, 10.
23.30000, 22.
23.31000, 7.
23.32000, 9.
23.33000, 15.
23.34000, 10.
23.35000, 12.
23.36000, 10.
23.37000, 15.
23.38000, 15.
23.39000, 17.
23.40000, 12.
23.41000, 17.
23.42000, 9.
23.43000, 12.
23.44000, 11.
23.45000, 14.
23.46000, 16.
23.47000, 14.
23.48000, 11.
23.49000, 13.
23.50000, 8.
23.51000, 10.
23.52000, 12.
23.53000, 11.
23.54000, 9.
23.55000, 15.
23.56000, 14.
23.57000, 11.
23.58000, 18.
23.59000, 12.
23.60000, 15.
23.61000, 13.
23.62000, 7.
23.63000, 9.
23.64000, 12.
23.65000, 15.
23.66000, 13.
23.67000, 7.
23.68000, 8.
23.69000, 16.
23.70000, 8.
23.71000, 11.
23.72000, 16.
23.73000, 19.
23.74000, 8.
23.75000, 12.
23.76000, 13.
23.77000, 11.
23.78000, 8.
23.79000, 18.
23.80000, 10.
23.81000, 10.
23.82000, 8.
23.83000, 10.
23.84000, 12.
23.85000, 12.
23.86000, 12.
23.87000, 7.
23.88000, 19.
23.89000, 7.
23.90000, 10.
23.91000, 10.
23.92000, 6.
23.93000, 10.
23.94000, 12.
23.95000, 10.
23.96000, 16.
23.97000, 15.
23.98000, 9.
23.99000, 13.
24.00000, 10.
24.01000, 7.
24.02000, 10.
24.03000, 15.
24.04000, 17.
24.05000, 13.
24.06000, 10.
24.07000, 8.
24.08000, 10.
24.09000, 13.
24.10000, 14.
24.11000, 9.
24.12000, 17.
24.13000, 12.
24.14000, 17.
24.15000, 9.
24.16000, 17.
24.17000, 4.
24.18000, 12.
24.19000, 13.
24.20000, 12.
24.21000, 10.
24.22000, 14.
24.23000, 7.
24.24000, 19.
24.25000, 16.
24.26000, 13.
24.27000, 16.
24.28000, 20.
24.29000, 13.
24.30000, 15.
24.31000, 10.
24.32000, 9.
24.33000, 14.
24.34000, 12.
24.35000, 13.
24.36000, 19.
24.37000, 9.
24.38000, 7.
24.39000, 13.
24.40000, 14.
24.41000, 5.
24.42000, 12.
24.43000, 10.
24.44000, 16.
24.45000, 5.
24.46000, 18.
24.47000, 8.
24.48000, 11.
24.49000, 15.
24.50000, 8.
24.51000, 11.
24.52000, 17.
24.53000, 12.
24.54000, 16.
24.55000, 12.
24.56000, 14.
24.57000, 10.
24.58000, 5.
24.59000, 11.
24.60000, 11.
24.61000, 17.
24.62000, 9.
24.63000, 12.
24.64000, 15.
24.65000, 9.
24.66000, 14.
24.67000, 13.
24.68000, 5.
24.69000, 14.
24.70000, 10.
24.71000, 9.
24.72000, 8.
24.73000, 11.
24.74000, 12.
24.75000, 12.
24.76000, 13.
24.77000, 10.
24.78000, 12.
24.79000, 18.
24.80000, 10.
24.81000, 21.
24.82000, 14.
24.83000, 6.
24.84000, 12.
24.85000, 17.
24.86000, 22.
24.87000, 10.
24.88000, 14.
24.89000, 14.
24.90000, 15.
24.91000, 9.
24.92000, 9.
24.93000, 13.
24.94000, 10.
24.95000, 21.
24.96000, 16.
24.97000, 11.
24.98000, 13.
24.99000, 11.
25.00000, 13.
25.01000, 8.
25.02000, 14.
25.03000, 16.
25.04000, 12.
25.05000, 11.
25.06000, 14.
25.07000, 9.
25.08000, 18.
25.09000, 12.
25.10000, 11.
25.11000, 10.
25.12000, 10.
25.13000, 21.
25.14000, 16.
25.15000, 11.
25.16000, 8.
25.17000, 21.
25.18000, 9.
25.19000, 12.
25.20000, 14.
25.21000, 10.
25.22000, 14.
25.23000, 6.
25.24000, 13.
25.25000, 14.
25.26000, 11.
25.27000, 12.
25.28000, 9.
25.29000, 14.
25.30000, 21.
25.31000, 13.
25.32000, 8.
25.33000, 20.
25.34000, 17.
25.35000, 7.
25.36000, 15.
25.37000, 13.
25.38000, 15.
25.39000, 15.
25.40000, 12.
25.41000, 11.
25.42000, 6.
25.43000, 16.
25.44000, 10.
25.45000, 6.
25.46000, 13.
25.47000, 17.
25.48000, 11.
25.49000, 12.
25.50000, 5.
25.51000, 13.
25.52000, 15.
25.53000, 8.
25.54000, 11.
25.55000, 10.
25.56000, 8.
25.57000, 10.
25.58000, 2.
25.59000, 9.
25.60000, 12.
25.61000, 11.
25.62000, 8.
25.63000, 8.
25.64000, 5.
25.65000, 14.
25.66000, 8.
25.67000, 6.
25.68000, 14.
25.69000, 12.
25.70000, 13.
25.71000, 8.
25.72000, 9.
25.73000, 8.
25.74000, 6.
25.75000, 8.
25.76000, 8.
25.77000, 10.
25.78000, 9.
25.79000, 10.
25.80000, 12.
25.81000, 12.
25.82000, 13.
25.83000, 10.
25.84000, 5.
25.85000, 13.
25.86000, 12.
25.87000, 8.
25.88000, 10.
25.89000, 19.
25.90000, 8.
25.91000, 9.
25.92000, 14.
25.93000, 8.
25.94000, 9.
25.95000, 9.
25.96000, 6.
25.97000, 10.
25.98000, 9.
25.99000, 8.
26.00000, 7.
26.01000, 7.
26.02000, 12.
26.03000, 13.
26.04000, 9.
26.05000, 13.
26.06000, 14.
26.07000, 6.
26.08000, 6.
26.09000, 13.
26.10000, 6.
26.11000, 11.
26.12000, 8.
26.13000, 9.
26.14000, 6.
26.15000, 11.
26.16000, 8.
26.17000, 8.
26.18000, 11.
26.19000, 5.
26.20000, 7.
26.21000, 6.
26.22000, 10.
26.23000, 9.
26.24000, 18.
26.25000, 17.
26.26000, 11.
26.27000, 12.
26.28000, 6.
26.29000, 12.
26.30000, 6.
26.31000, 14.
26.32000, 11.
26.33000, 12.
26.34000, 11.
26.35000, 12.
26.36000, 8.
26.37000, 14.
26.38000, 12.
26.39000, 7.
26.40000, 10.
26.41000, 12.
26.42000, 19.
26.43000, 5.
26.44000, 10.
26.45000, 5.
26.46000, 9.
26.47000, 9.
26.48000, 12.
26.49000, 9.
26.50000, 11.
26.51000, 8.
26.52000, 19.
26.53000, 6.
26.54000, 7.
26.55000, 11.
26.56000, 10.
26.57000, 11.
26.58000, 9.
26.59000, 17.
26.60000, 10.
26.61000, 7.
26.62000, 10.
26.63000, 4.
26.64000, 17.
26.65000, 13.
26.66000, 12.
26.67000, 11.
26.68000, 13.
26.69000, 8.
26.70000, 14.
26.71000, 8.
26.72000, 11.
26.73000, 7.
26.74000, 11.
26.75000, 16.
26.76000, 9.
26.77000, 6.
26.78000, 7.
26.79000, 9.
26.80000, 11.
26.81000, 8.
26.82000, 6.
26.83000, 7.
26.84000, 11.
26.85000, 10.
26.86000, 3.
26.87000, 9.
26.88000, 10.
26.89000, 3.
26.90000, 3.
26.91000, 12.
26.92000, 9.
26.93000, 10.
26.94000, 6.
26.95000, 9.
26.96000, 5.
26.97000, 7.
26.98000, 6.
26.99000, 11.
27.00000, 11.
27.01000, 8.
27.02000, 10.
27.03000, 10.
27.04000, 8.
27.05000, 10.
27.06000, 12.
27.07000, 7.
27.08000, 6.
27.09000, 14.
27.10000, 8.
27.11000, 8.
27.12000, 13.
27.13000, 6.
27.14000, 10.
27.15000, 8.
27.16000, 12.
27.17000, 19.
27.18000, 5.
27.19000, 12.
27.20000, 6.
27.21000, 9.
27.22000, 10.
27.23000, 13.
27.24000, 10.
27.25000, 15.
27.26000, 11.
27.27000, 10.
27.28000, 11.
27.29000, 7.
27.30000, 12.
27.31000, 5.
27.32000, 12.
27.33000, 10.
27.34000, 7.
27.35000, 10.
27.36000, 10.
27.37000, 13.
27.38000, 4.
27.39000, 6.
27.40000, 9.
27.41000, 9.
27.42000, 10.
27.43000, 8.
27.44000, 9.
27.45000, 8.
27.46000, 12.
27.47000, 9.
27.48000, 9.
27.49000, 12.
27.50000, 12.
27.51000, 8.
27.52000, 12.
27.53000, 10.
27.54000, 11.
27.55000, 12.
27.56000, 10.
27.57000, 7.
27.58000, 5.
27.59000, 16.
27.60000, 6.
27.61000, 9.
27.62000, 8.
27.63000, 13.
27.64000, 8.
27.65000, 9.
27.66000, 16.
27.67000, 8.
27.68000, 11.
27.69000, 7.
27.70000, 10.
27.71000, 8.
27.72000, 16.
27.73000, 4.
27.74000, 5.
27.75000, 6.
27.76000, 5.
27.77000, 9.
27.78000, 12.
27.79000, 10.
27.80000, 4.
27.81000, 10.
27.82000, 9.
27.83000, 14.
27.84000, 10.
27.85000, 7.
27.86000, 12.
27.87000, 16.
27.88000, 4.
27.89000, 6.
27.90000, 6.
27.91000, 6.
27.92000, 13.
27.93000, 8.
27.94000, 8.
27.95000, 5.
27.96000, 12.
27.97000, 6.
27.98000, 10.
27.99000, 16.
28.00000, 4.
28.01000, 11.
28.02000, 12.
28.03000, 8.
28.04000, 9.
28.05000, 5.
28.06000, 7.
28.07000, 5.
28.08000, 8.
28.09000, 7.
28.10000, 5.
28.11000, 7.
28.12000, 9.
28.13000, 8.
28.14000, 8.
28.15000, 9.
28.16000, 3.
28.17000, 12.
28.18000, 8.
28.19000, 4.
28.20000, 12.
28.21000, 5.
28.22000, 7.
28.23000, 9.
28.24000, 7.
28.25000, 11.
28.26000, 13.
28.27000, 6.
28.28000, 11.
28.29000, 4.
28.30000, 5.
28.31000, 4.
28.32000, 12.
28.33000, 11.
28.34000, 10.
28.35000, 9.
28.36000, 9.
28.37000, 3.
28.38000, 11.
28.39000, 10.
28.40000, 9.
28.41000, 10.
28.42000, 5.
28.43000, 5.
28.44000, 9.
28.45000, 9.
28.46000, 13.
28.47000, 9.
28.48000, 9.
28.49000, 11.
28.50000, 12.
28.51000, 10.
28.52000, 5.
28.53000, 12.
28.54000, 6.
28.55000, 6.
28.56000, 4.
28.57000, 9.
28.58000, 8.
28.59000, 9.
28.60000, 7.
28.61000, 6.
28.62000, 6.
28.63000, 7.
28.64000, 3.
28.65000, 7.
28.66000, 17.
28.67000, 8.
28.68000, 6.
28.69000, 8.
28.70000, 5.
28.71000, 7.
28.72000, 8.
28.73000, 8.
28.74000, 8.
28.75000, 8.
28.76000, 6.
28.77000, 7.
28.78000, 2.
28.79000, 10.
28.80000, 8.
28.81000, 10.
28.82000, 9.
28.83000, 7.
28.84000, 0.
28.85000, 6.
28.86000, 6.
28.87000, 5.
28.88000, 8.
28.89000, 9.
28.90000, 12.
28.91000, 4.
28.92000, 8.
28.93000, 9.
28.94000, 6.
28.95000, 7.
28.96000, 11.
28.97000, 6.
28.98000, 10.
28.99000, 4.
29.00000, 8.
29.01000, 7.
29.02000, 9.
29.03000, 8.
29.04000, 5.
29.05000, 9.
29.06000, 8.
29.07000, 6.
29.08000, 11.
29.09000, 9.
29.10000, 8.
29.11000, 3.
29.12000, 12.
29.13000, 4.
29.14000, 7.
29.15000, 9.
29.16000, 4.
29.17000, 13.
29.18000, 6.
29.19000, 6.
29.20000, 8.
29.21000, 11.
29.22000, 4.
29.23000, 7.
29.24000, 10.
29.25000, 4.
29.26000, 6.
29.27000, 10.
29.28000, 10.
29.29000, 5.
29.30000, 8.
29.31000, 4.
29.32000, 7.
29.33000, 5.
29.34000, 9.
29.35000, 4.
29.36000, 4.
29.37000, 6.
29.38000, 7.
29.39000, 10.
29.40000, 8.
29.41000, 6.
29.42000, 8.
29.43000, 5.
29.44000, 12.
29.45000, 8.
29.46000, 4.
29.47000, 7.
29.48000, 4.
29.49000, 6.
29.50000, 3.
29.51000, 6.
29.52000, 8.
29.53000, 8.
29.54000, 5.
29.55000, 8.
29.56000, 5.
29.57000, 2.
29.58000, 6.
29.59000, 6.
29.60000, 7.
29.61000, 8.
29.62000, 7.
29.63000, 3.
29.64000, 6.
29.65000, 12.
29.66000, 7.
29.67000, 5.
29.68000, 9.
29.69000, 5.
29.70000, 8.
29.71000, 5.
29.72000, 6.
29.73000, 4.
29.74000, 8.
29.75000, 8.
29.76000, 8.
29.77000, 8.
29.78000, 4.
29.79000, 10.
29.80000, 10.
29.81000, 8.
29.82000, 8.
29.83000, 4.
29.84000, 6.
29.85000, 8.
29.86000, 4.
29.87000, 5.
29.88000, 6.
29.89000, 6.
29.90000, 7.
29.91000, 8.
29.92000, 7.
29.93000, 6.
29.94000, 7.
29.95000, 4.
29.96000, 8.
29.97000, 8.
29.98000, 1.
29.99000, 6.
30.00000, 1.
30.01000, 7.
30.02000, 5.
30.03000, 7.
30.04000, 5.
30.05000, 7.
30.06000, 6.
30.07000, 11.
30.08000, 6.
30.09000, 5.
30.10000, 10.
30.11000, 6.
30.12000, 7.
30.13000, 13.
30.14000, 7.
30.15000, 10.
30.16000, 8.
30.17000, 8.
30.18000, 9.
30.19000, 9.
30.20000, 5.
30.21000, 8.
30.22000, 10.
30.23000, 8.
30.24000, 9.
30.25000, 6.
30.26000, 5.
30.27000, 7.
30.28000, 3.
30.29000, 7.
30.30000, 9.
30.31000, 7.
30.32000, 4.
30.33000, 12.
30.34000, 6.
30.35000, 5.
30.36000, 6.
30.37000, 1.
30.38000, 2.
30.39000, 9.
30.40000, 8.
30.41000, 5.
30.42000, 8.
30.43000, 9.
30.44000, 4.
30.45000, 3.
30.46000, 6.
30.47000, 5.
30.48000, 1.
30.49000, 4.
30.50000, 2.
30.51000, 5.
30.52000, 7.
30.53000, 7.
30.54000, 5.
30.55000, 4.
30.56000, 7.
30.57000, 10.
30.58000, 5.
30.59000, 7.
30.60000, 7.
30.61000, 6.
30.62000, 9.
30.63000, 4.
30.64000, 6.
30.65000, 4.
30.66000, 8.
30.67000, 6.
30.68000, 5.
30.69000, 5.
30.70000, 10.
30.71000, 5.
30.72000, 6.
30.73000, 8.
30.74000, 7.
30.75000, 7.
30.76000, 7.
30.77000, 4.
30.78000, 5.
30.79000, 4.
30.80000, 5.
30.81000, 7.
30.82000, 5.
30.83000, 11.
30.84000, 5.
30.85000, 6.
30.86000, 6.
30.87000, 11.
30.88000, 5.
30.89000, 8.
30.90000, 6.
30.91000, 6.
30.92000, 6.
30.93000, 9.
30.94000, 5.
30.95000, 4.
30.96000, 6.
30.97000, 8.
30.98000, 7.
30.99000, 4.
31.00000, 6.
31.01000, 5.
31.02000, 6.
31.03000, 8.
31.04000, 2.
31.05000, 7.
31.06000, 8.
31.07000, 5.
31.08000, 8.
31.09000, 7.
31.10000, 5.
31.11000, 6.
31.12000, 6.
31.13000, 8.
31.14000, 7.
31.15000, 10.
31.16000, 5.
31.17000, 6.
31.18000, 4.
31.19000, 4.
31.20000, 5.
31.21000, 8.
31.22000, 8.
31.23000, 11.
31.24000, 5.
31.25000, 5.
31.26000, 6.
31.27000, 4.
31.28000, 2.
31.29000, 9.
31.30000, 7.
31.31000, 4.
31.32000, 7.
31.33000, 7.
31.34000, 4.
31.35000, 2.
31.36000, 3.
31.37000, 4.
31.38000, 8.
31.39000, 6.
31.40000, 6.
31.41000, 6.
31.42000, 5.
31.43000, 8.
31.44000, 10.
31.45000, 5.
31.46000, 3.
31.47000, 7.
31.48000, 3.
31.49000, 7.
31.50000, 5.
31.51000, 6.
31.52000, 7.
31.53000, 4.
31.54000, 7.
31.55000, 6.
31.56000, 9.
31.57000, 5.
31.58000, 5.
31.59000, 5.
31.60000, 7.
31.61000, 4.
31.62000, 11.
31.63000, 5.
31.64000, 5.
31.65000, 10.
31.66000, 7.
31.67000, 10.
31.68000, 10.
31.69000, 9.
31.70000, 6.
31.71000, 8.
31.72000, 6.
31.73000, 7.
31.74000, 8.
31.75000, 5.
31.76000, 11.
31.77000, 6.
31.78000, 13.
31.79000, 15.
31.80000, 9.
31.81000, 9.
31.82000, 5.
31.83000, 4.
31.84000, 12.
31.85000, 4.
31.86000, 7.
31.87000, 3.
31.88000, 3.
31.89000, 7.
31.90000, 7.
31.91000, 8.
31.92000, 9.
31.93000, 6.
31.94000, 7.
31.95000, 8.
31.96000, 9.
31.97000, 8.
31.98000, 12.
31.99000, 6.
32.00000, 12.
32.01000, 7.
32.02000, 11.
32.03000, 5.
32.04000, 8.
32.05000, 5.
32.06000, 8.
32.07000, 12.
32.08000, 6.
32.09000, 11.
32.10000, 10.
32.11000, 7.
32.12000, 6.
32.13000, 8.
32.14000, 8.
32.15000, 4.
32.16000, 8.
32.17000, 3.
32.18000, 5.
32.19000, 12.
32.20000, 3.
32.21000, 9.
32.22000, 1.
32.23000, 7.
32.24000, 4.
32.25000, 10.
32.26000, 5.
32.27000, 5.
32.28000, 9.
32.29000, 8.
32.30000, 6.
32.31000, 9.
32.32000, 11.
32.33000, 4.
32.34000, 4.
32.35000, 6.
32.36000, 3.
32.37000, 5.
32.38000, 10.
32.39000, 5.
32.40000, 7.
32.41000, 6.
32.42000, 9.
32.43000, 6.
32.44000, 4.
32.45000, 6.
32.46000, 8.
32.47000, 5.
32.48000, 8.
32.49000, 8.
32.50000, 1.
32.51000, 3.
32.52000, 14.
32.53000, 6.
32.54000, 4.
32.55000, 5.
32.56000, 0.
32.57000, 5.
32.58000, 7.
32.59000, 4.
32.60000, 7.
32.61000, 5.
32.62000, 8.
32.63000, 5.
32.64000, 4.
32.65000, 7.
32.66000, 4.
32.67000, 3.
32.68000, 4.
32.69000, 2.
32.70000, 2.
32.71000, 5.
32.72000, 9.
32.73000, 6.
32.74000, 7.
32.75000, 5.
32.76000, 5.
32.77000, 11.
32.78000, 9.
32.79000, 7.
32.80000, 8.
32.81000, 6.
32.82000, 11.
32.83000, 6.
32.84000, 9.
32.85000, 10.
32.86000, 4.
32.87000, 7.
32.88000, 13.
32.89000, 9.
32.90000, 9.
32.91000, 10.
32.92000, 5.
32.93000, 6.
32.94000, 13.
32.95000, 10.
32.96000, 10.
32.97000, 9.
32.98000, 10.
32.99000, 7.
33.00000, 9.
33.01000, 8.
33.02000, 13.
33.03000, 4.
33.04000, 9.
33.05000, 5.
33.06000, 12.
33.07000, 16.
33.08000, 9.
33.09000, 10.
33.10000, 12.
33.11000, 7.
33.12000, 7.
33.13000, 6.
33.14000, 6.
33.15000, 8.
33.16000, 6.
33.17000, 8.
33.18000, 2.
33.19000, 8.
33.20000, 12.
33.21000, 9.
33.22000, 12.
33.23000, 20.
33.24000, 8.
33.25000, 11.
33.26000, 11.
33.27000, 20.
33.28000, 11.
33.29000, 6.
33.30000, 10.
33.31000, 7.
33.32000, 10.
33.33000, 7.
33.34000, 7.
33.35000, 10.
33.36000, 12.
33.37000, 4.
33.38000, 13.
33.39000, 10.
33.40000, 8.
33.41000, 9.
33.42000, 13.
33.43000, 17.
33.44000, 14.
33.45000, 7.
33.46000, 3.
33.47000, 7.
33.48000, 5.
33.49000, 11.
33.50000, 8.
33.51000, 8.
33.52000, 9.
33.53000, 7.
33.54000, 6.
33.55000, 3.
33.56000, 6.
33.57000, 8.
33.58000, 9.
33.59000, 8.
33.60000, 3.
33.61000, 6.
33.62000, 8.
33.63000, 6.
33.64000, 6.
33.65000, 4.
33.66000, 7.
33.67000, 2.
33.68000, 3.
33.69000, 1.
33.70000, 6.
33.71000, 4.
33.72000, 5.
33.73000, 7.
33.74000, 3.
33.75000, 5.
33.76000, 3.
33.77000, 3.
33.78000, 2.
33.79000, 1.
33.80000, 0.
33.81000, 4.
33.82000, 3.
33.83000, 4.
33.84000, 4.
33.85000, 4.
33.86000, 2.
33.87000, 6.
33.88000, 1.
33.89000, 6.
33.90000, 7.
33.91000, 6.
33.92000, 2.
33.93000, 10.
33.94000, 7.
33.95000, 0.
33.96000, 6.
33.97000, 6.
33.98000, 4.
33.99000, 4.
34.00000, 5.
34.01000, 1.
34.02000, 13.
34.03000, 5.
34.04000, 3.
34.05000, 4.
34.06000, 5.
34.07000, 8.
34.08000, 7.
34.09000, 13.
34.10000, 11.
34.11000, 0.
34.12000, 5.
34.13000, 6.
34.14000, 6.
34.15000, 4.
34.16000, 3.
34.17000, 12.
34.18000, 12.
34.19000, 7.
34.20000, 12.
34.21000, 4.
34.22000, 8.
34.23000, 13.
34.24000, 13.
34.25000, 4.
34.26000, 3.
34.27000, 4.
34.28000, 6.
34.29000, 4.
34.30000, 2.
34.31000, 8.
34.32000, 8.
34.33000, 5.
34.34000, 2.
34.35000, 3.
34.36000, 5.
34.37000, 6.
34.38000, 10.
34.39000, 14.
34.40000, 10.
34.41000, 7.
34.42000, 7.
34.43000, 7.
34.44000, 6.
34.45000, 6.
34.46000, 3.
34.47000, 6.
34.48000, 10.
34.49000, 5.
34.50000, 13.
34.51000, 6.
34.52000, 12.
34.53000, 13.
34.54000, 4.
34.55000, 8.
34.56000, 7.
34.57000, 11.
34.58000, 7.
34.59000, 10.
34.60000, 6.
34.61000, 12.
34.62000, 4.
34.63000, 10.
34.64000, 13.
34.65000, 7.
34.66000, 10.
34.67000, 8.
34.68000, 7.
34.69000, 13.
34.70000, 4.
34.71000, 7.
34.72000, 11.
34.73000, 3.
34.74000, 6.
34.75000, 9.
34.76000, 7.
34.77000, 7.
34.78000, 8.
34.79000, 8.
34.80000, 7.
34.81000, 4.
34.82000, 6.
34.83000, 5.
34.84000, 8.
34.85000, 2.
34.86000, 5.
34.87000, 4.
34.88000, 6.
34.89000, 9.
34.90000, 4.
34.91000, 4.
34.92000, 6.
34.93000, 0.
34.94000, 6.
34.95000, 2.
34.96000, 5.
34.97000, 7.
34.98000, 5.
34.99000, 4.
35.00000, 4.
35.01000, 4.
35.02000, 3.
35.03000, 5.
35.04000, 6.
35.05000, 2.
35.06000, 2.
35.07000, 6.
35.08000, 4.
35.09000, 5.
35.10000, 1.
35.11000, 7.
35.12000, 3.
35.13000, 8.
35.14000, 4.
35.15000, 10.
35.16000, 5.
35.17000, 2.
35.18000, 7.
35.19000, 2.
35.20000, 1.
35.21000, 2.
35.22000, 0.
35.23000, 2.
35.24000, 4.
35.25000, 5.
35.26000, 3.
35.27000, 5.
35.28000, 2.
35.29000, 2.
35.30000, 4.
35.31000, 5.
35.32000, 4.
35.33000, 7.
35.34000, 6.
35.35000, 4.
35.36000, 1.
35.37000, 1.
35.38000, 3.
35.39000, 3.
35.40000, 2.
35.41000, 4.
35.42000, 3.
35.43000, 5.
35.44000, 7.
35.45000, 3.
35.46000, 5.
35.47000, 3.
35.48000, 4.
35.49000, 4.
35.50000, 1.
35.51000, 2.
35.52000, 4.
35.53000, 5.
35.54000, 0.
35.55000, 2.
35.56000, 2.
35.57000, 4.
35.58000, 4.
35.59000, 1.
35.60000, 5.
35.61000, 3.
35.62000, 1.
35.63000, 4.
35.64000, 2.
35.65000, 4.
35.66000, 2.
35.67000, 2.
35.68000, 4.
35.69000, 6.
35.70000, 4.
35.71000, 2.
35.72000, 1.
35.73000, 4.
35.74000, 10.
35.75000, 3.
35.76000, 5.
35.77000, 4.
35.78000, 5.
35.79000, 3.
35.80000, 1.
35.81000, 1.
35.82000, 4.
35.83000, 1.
35.84000, 4.
35.85000, 2.
35.86000, 3.
35.87000, 4.
35.88000, 2.
35.89000, 2.
35.90000, 3.
35.91000, 2.
35.92000, 3.
35.93000, 3.
35.94000, 6.
35.95000, 9.
35.96000, 3.
35.97000, 4.
35.98000, 6.
35.99000, 7.
36.00000, 2.
36.01000, 6.
36.02000, 5.
36.03000, 1.
36.04000, 5.
36.05000, 1.
36.06000, 4.
36.07000, 4.
36.08000, 3.
36.09000, 5.
36.10000, 4.
36.11000, 1.
36.12000, 2.
36.13000, 3.
36.14000, 2.
36.15000, 2.
36.16000, 3.
36.17000, 2.
36.18000, 2.
36.19000, 4.
36.20000, 1.
36.21000, 3.
36.22000, 3.
36.23000, 2.
36.24000, 3.
36.25000, 1.
36.26000, 4.
36.27000, 3.
36.28000, 5.
36.29000, 2.
36.30000, 5.
36.31000, 4.
36.32000, 2.
36.33000, 3.
36.34000, 5.
36.35000, 5.
36.36000, 2.
36.37000, 1.
36.38000, 4.
36.39000, 2.
36.40000, 1.
36.41000, 3.
36.42000, 1.
36.43000, 6.
36.44000, 5.
36.45000, 3.
36.46000, 3.
36.47000, 1.
36.48000, 6.
36.49000, 3.
36.50000, 0.
36.51000, 2.
36.52000, 5.
36.53000, 2.
36.54000, 3.
36.55000, 4.
36.56000, 2.
36.57000, 3.
36.58000, 0.
36.59000, 4.
36.60000, 6.
36.61000, 2.
36.62000, 1.
36.63000, 4.
36.64000, 2.
36.65000, 2.
36.66000, 3.
36.67000, 2.
36.68000, 3.
36.69000, 3.
36.70000, 4.
36.71000, 5.
36.72000, 2.
36.73000, 3.
36.74000, 2.
36.75000, 5.
36.76000, 5.
36.77000, 2.
36.78000, 2.
36.79000, 6.
36.80000, 0.
36.81000, 4.
36.82000, 5.
36.83000, 1.
36.84000, 0.
36.85000, 2.
36.86000, 6.
36.87000, 3.
36.88000, 3.
36.89000, 3.
36.90000, 2.
36.91000, 5.
36.92000, 3.
36.93000, 3.
36.94000, 3.
36.95000, 0.
36.96000, 1.
36.97000, 0.
36.98000, 3.
36.99000, 4.
37.00000, 3.
37.01000, 3.
37.02000, 0.
37.03000, 2.
37.04000, 3.
37.05000, 4.
37.06000, 5.
37.07000, 2.
37.08000, 0.
37.09000, 3.
37.10000, 4.
37.11000, 5.
37.12000, 4.
37.13000, 0.
37.14000, 3.
37.15000, 5.
37.16000, 4.
37.17000, 7.
37.18000, 2.
37.19000, 3.
37.20000, 6.
37.21000, 4.
37.22000, 1.
37.23000, 4.
37.24000, 4.
37.25000, 3.
37.26000, 6.
37.27000, 7.
37.28000, 7.
37.29000, 4.
37.30000, 2.
37.31000, 3.
37.32000, 2.
37.33000, 2.
37.34000, 6.
37.35000, 3.
37.36000, 4.
37.37000, 3.
37.38000, 4.
37.39000, 2.
37.40000, 4.
37.41000, 1.
37.42000, 2.
37.43000, 2.
37.44000, 3.
37.45000, 4.
37.46000, 5.
37.47000, 1.
37.48000, 2.
37.49000, 6.
37.50000, 0.
37.51000, 1.
37.52000, 5.
37.53000, 5.
37.54000, 3.
37.55000, 1.
37.56000, 2.
37.57000, 5.
37.58000, 3.
37.59000, 3.
37.60000, 3.
37.61000, 5.
37.62000, 4.
37.63000, 8.
37.64000, 6.
37.65000, 3.
37.66000, 6.
37.67000, 8.
37.68000, 6.
37.69000, 2.
37.70000, 8.
37.71000, 1.
37.72000, 4.
37.73000, 3.
37.74000, 2.
37.75000, 2.
37.76000, 5.
37.77000, 4.
37.78000, 1.
37.79000, 3.
37.80000, 2.
37.81000, 2.
37.82000, 4.
37.83000, 3.
37.84000, 5.
37.85000, 3.
37.86000, 3.
37.87000, 3.
37.88000, 1.
37.89000, 2.
37.90000, 2.
37.91000, 4.
37.92000, 3.
37.93000, 2.
37.94000, 1.
37.95000, 3.
37.96000, 3.
37.97000, 4.
37.98000, 3.
37.99000, 1.
38.00000, 4.
38.01000, 4.
38.02000, 1.
38.03000, 3.
38.04000, 1.
38.05000, 1.
38.06000, 4.
38.07000, 3.
38.08000, 0.
38.09000, 2.
38.10000, 2.
38.11000, 0.
38.12000, 2.
38.13000, 0.
38.14000, 4.
38.15000, 1.
38.16000, 0.
38.17000, 4.
38.18000, 2.
38.19000, 1.
38.20000, 1.
38.21000, 1.
38.22000, 2.
38.23000, 0.
38.24000, 1.
38.25000, 2.
38.26000, 2.
38.27000, 4.
38.28000, 4.
38.29000, 3.
38.30000, 1.
38.31000, 1.
38.32000, 5.
38.33000, 0.
38.34000, 3.
38.35000, 3.
38.36000, 1.
38.37000, 1.
38.38000, 1.
38.39000, 1.
38.40000, 3.
38.41000, 2.
38.42000, 0.
38.43000, 2.
38.44000, 1.
38.45000, 4.
38.46000, 1.
38.47000, 2.
38.48000, 4.
38.49000, 6.
38.50000, 0.
38.51000, 6.
38.52000, 1.
38.53000, 1.
38.54000, 2.
38.55000, 3.
38.56000, 1.
38.57000, 5.
38.58000, 2.
38.59000, 4.
38.60000, 1.
38.61000, 1.
38.62000, 1.
38.63000, 3.
38.64000, 2.
38.65000, 2.
38.66000, 3.
38.67000, 2.
38.68000, 5.
38.69000, 1.
38.70000, 3.
38.71000, 2.
38.72000, 0.
38.73000, 1.
38.74000, 1.
38.75000, 0.
38.76000, 2.
38.77000, 6.
38.78000, 1.
38.79000, 1.
38.80000, 3.
38.81000, 0.
38.82000, 1.
38.83000, 1.
38.84000, 1.
38.85000, 2.
38.86000, 4.
38.87000, 1.
38.88000, 4.
38.89000, 1.
38.90000, 3.
38.91000, 2.
38.92000, 3.
38.93000, 0.
38.94000, 2.
38.95000, 1.
38.96000, 1.
38.97000, 1.
38.98000, 2.
38.99000, 1.
39.00000, 4.
39.01000, 2.
39.02000, 5.
39.03000, 2.
39.04000, 4.
39.05000, 2.
39.06000, 3.
39.07000, 2.
39.08000, 1.
39.09000, 1.
39.10000, 2.
39.11000, 3.
39.12000, 3.
39.13000, 1.
39.14000, 4.
39.15000, 5.
39.16000, 2.
39.17000, 1.
39.18000, 4.
39.19000, 1.
39.20000, 2.
39.21000, 2.
39.22000, 5.
39.23000, 1.
39.24000, 3.
39.25000, 4.
39.26000, 4.
39.27000, 0.
39.28000, 3.
39.29000, 1.
39.30000, 2.
39.31000, 3.
39.32000, 3.
39.33000, 2.
39.34000, 1.
39.35000, 3.
39.36000, 1.
39.37000, 3.
39.38000, 0.
39.39000, 2.
39.40000, 2.
39.41000, 2.
39.42000, 2.
39.43000, 1.
39.44000, 1.
39.45000, 0.
39.46000, 0.
39.47000, 1.
39.48000, 2.
39.49000, 2.
39.50000, 1.
39.51000, 0.
39.52000, 1.
39.53000, 0.
39.54000, 0.
39.55000, 3.
39.56000, 4.
39.57000, 1.
39.58000, 0.
39.59000, 1.
39.60000, 1.
39.61000, 0.
39.62000, 0.
39.63000, 0.
39.64000, 2.
39.65000, 0.
39.66000, 1.
39.67000, 2.
39.68000, 0.
39.69000, 5.
39.70000, 0.
39.71000, 1.
39.72000, 1.
39.73000, 1.
39.74000, 0.
39.75000, 1.
39.76000, 0.
39.77000, 1.
39.78000, 2.
39.79000, 0.
39.80000, 1.
39.81000, 3.
39.82000, 4.
39.83000, 4.
39.84000, 0.
39.85000, 1.
39.86000, 2.
39.87000, 0.
39.88000, 0.
39.89000, 2.
39.90000, 2.
39.91000, 2.
39.92000, 1.
39.93000, 0.
39.94000, 2.
39.95000, 0.
39.96000, 0.
39.97000, 2.
39.98000, 1.
39.99000, 0.
40.00000, 2.
40.01000, 2.
40.02000, 1.
40.03000, 1.
40.04000, 1.
40.05000, 1.
40.06000, 2.
40.07000, 2.
40.08000, 2.
40.09000, 3.
40.10000, 2.
40.11000, 2.
40.12000, 1.
40.13000, 1.
40.14000, 3.
40.15000, 0.
40.16000, 2.
40.17000, 1.
40.18000, 1.
40.19000, 0.
40.20000, 4.
40.21000, 3.
40.22000, 1.
40.23000, 0.
40.24000, 2.
40.25000, 2.
40.26000, 0.
40.27000, 2.
40.28000, 1.
40.29000, 0.
40.30000, 2.
40.31000, 1.
40.32000, 0.
40.33000, 2.
40.34000, 1.
40.35000, 1.
40.36000, 2.
40.37000, 0.
40.38000, 0.
40.39000, 4.
40.40000, 1.
40.41000, 1.
40.42000, 1.
40.43000, 3.
40.44000, 4.
40.45000, 1.
40.46000, 0.
40.47000, 0.
40.48000, 0.
40.49000, 1.
40.50000, 0.
40.51000, 1.
40.52000, 0.
40.53000, 1.
40.54000, 1.
40.55000, 0.
#ENDOFDATA   : 
