#FORMAT      : EMSA/MAS Spectral Data File
#VERSION     : 1.0
#TITLE       : high 4
#DATE        : 24-JUL-2026
#TIME        : 11:23
#OWNER       : XGT7200
#NPOINTS     : 4096.
#NCOLUMNS    : 1.
#XUNITS      : keV
#YUNITS      : counts
#DATATYPE    : XY
#XPERCHAN    : 0.0100000
#OFFSET      : -0.400000
#SIGNALTYPE  : EDS
#CHOFFSET    : 40.0000
#LIVETIME    : 60.000000
#REALTIME    : 79.546778
#BEAMKV      : 50.0000
#PROBECUR    : 551000.
#MAGCAM      : 100.000
#XTILTSTGE   : 0.0
#AZIMANGLE   : 0.0
#ELEVANGLE   : 45.0
#XPOSITION mm: 0.0000
#YPOSITION mm: 0.0000
#ZPOSITION mm: 0.0000
##OXINSTPT   : 4
##OXINSTSTROB: 71.75
##OXINSTELEMS: 12,14,16,20,25,26,38,45,56,58,82
##OXINSTLABEL: 26, 6.404, Fe
##OXINSTLABEL: 26, 7.058, Fe
##OXINSTLABEL: 26, 0.705, Fe
##OXINSTLABEL: 26, 0.628, Fe
##OXINSTLABEL: 16, 2.308, S
##OXINSTLABEL: 16, 2.464, S
##OXINSTLABEL: 38, 14.165, Sr
##OXINSTLABEL: 38, 15.836, Sr
##OXINSTLABEL: 38, 16.085, Sr
##OXINSTLABEL: 38, 1.807, Sr
##OXINSTLABEL: 38, 1.649, Sr
##OXINSTLABEL: 38, 1.582, Sr
##OXINSTLABEL: 20, 3.692, Ca
##OXINSTLABEL: 20, 4.013, Ca
##OXINSTLABEL: 20, 0.341, Ca
##OXINSTLABEL: 20, 0.306, Ca
##OXINSTLABEL: 45, 20.216, Rh
##OXINSTLABEL: 45, 22.724, Rh
##OXINSTLABEL: 45, 23.173, Rh
##OXINSTLABEL: 45, 2.697, Rh
##OXINSTLABEL: 45, 2.834, Rh
##OXINSTLABEL: 45, 2.519, Rh
##OXINSTLABEL: 45, 3.364, Rh
##OXINSTLABEL: 45, 2.377, Rh
##OXINSTLABEL: 12, 1.254, Mg
##OXINSTLABEL: 56, 32.194, Ba
##OXINSTLABEL: 56, 31.818, Ba
##OXINSTLABEL: 56, 36.379, Ba
##OXINSTLABEL: 56, 37.258, Ba
##OXINSTLABEL: 56, 4.466, Ba
##OXINSTLABEL: 56, 4.828, Ba
##OXINSTLABEL: 56, 5.157, Ba
##OXINSTLABEL: 56, 4.331, Ba
##OXINSTLABEL: 56, 5.531, Ba
##OXINSTLABEL: 56, 5.797, Ba
##OXINSTLABEL: 56, 3.954, Ba
##OXINSTLABEL: 14, 1.740, Si
##OXINSTLABEL: 82, 10.552, Pb
##OXINSTLABEL: 82, 12.614, Pb
##OXINSTLABEL: 82, 12.623, Pb
##OXINSTLABEL: 82, 11.350, Pb
##OXINSTLABEL: 82, 14.765, Pb
##OXINSTLABEL: 82, 15.101, Pb
##OXINSTLABEL: 82, 9.185, Pb
##OXINSTLABEL: 82, 2.345, Pb
##OXINSTLABEL: 82, 2.653, Pb
##OXINSTLABEL: 82, 1.823, Pb
##OXINSTLABEL: 25, 5.899, Mn
##OXINSTLABEL: 25, 6.491, Mn
##OXINSTLABEL: 25, 0.636, Mn
##OXINSTLABEL: 25, 0.567, Mn
##OXINSTLABEL: 58, 34.720, Ce
##OXINSTLABEL: 58, 34.279, Ce
##OXINSTLABEL: 58, 39.258, Ce
##OXINSTLABEL: 58, 4.840, Ce
##OXINSTLABEL: 58, 5.262, Ce
##OXINSTLABEL: 58, 5.613, Ce
##OXINSTLABEL: 58, 4.732, Ce
##OXINSTLABEL: 58, 6.052, Ce
##OXINSTLABEL: 58, 6.325, Ce
##OXINSTLABEL: 58, 4.288, Ce
##OXINSTLABEL: 58, 0.883, Ce
##OXINSTLABEL: 58, 1.075, Ce
##OXINSTLABEL: 58, 0.676, Ce
#SPECTRUM    : Spectral Data Starts Here
-0.40000, 0.
-0.39000, 0.
-0.38000, 0.
-0.37000, 0.
-0.36000, 0.
-0.35000, 0.
-0.34000, 0.
-0.33000, 0.
-0.32000, 0.
-0.31000, 0.
-0.30000, 0.
-0.29000, 0.
-0.28000, 0.
-0.27000, 0.
-0.26000, 0.
-0.25000, 0.
-0.24000, 0.
-0.23000, 0.
-0.22000, 0.
-0.21000, 0.
-0.20000, 0.
-0.19000, 0.
-0.18000, 0.
-0.17000, 0.
-0.16000, 0.
-0.15000, 0.
-0.14000, 0.
-0.13000, 0.
-0.12000, 0.
-0.11000, 0.
-0.10000, 0.
-0.09000, 0.
-0.08000, 0.
-0.07000, 0.
-0.06000, 0.
-0.05000, 0.
-0.04000, 0.
-0.03000, 0.
-0.02000, 0.
-0.01000, 0.
0.00000, 0.
0.01000, 0.
0.02000, 0.
0.03000, 0.
0.04000, 0.
0.05000, 0.
0.06000, 0.
0.07000, 0.
0.08000, 0.
0.09000, 0.
0.10000, 0.
0.11000, 0.
0.12000, 0.
0.13000, 0.
0.14000, 0.
0.15000, 0.
0.16000, 0.
0.17000, 0.
0.18000, 0.
0.19000, 0.
0.20000, 0.
0.21000, 0.
0.22000, 0.
0.23000, 0.
0.24000, 0.
0.25000, 0.
0.26000, 0.
0.27000, 0.
0.28000, 0.
0.29000, 0.
0.30000, 0.
0.31000, 0.
0.32000, 0.
0.33000, 0.
0.34000, 3.
0.35000, 3.
0.36000, 9.
0.37000, 14.
0.38000, 25.
0.39000, 25.
0.40000, 46.
0.41000, 51.
0.42000, 69.
0.43000, 73.
0.44000, 77.
0.45000, 98.
0.46000, 79.
0.47000, 85.
0.48000, 89.
0.49000, 86.
0.50000, 90.
0.51000, 109.
0.52000, 117.
0.53000, 103.
0.54000, 144.
0.55000, 134.
0.56000, 125.
0.57000, 133.
0.58000, 120.
0.59000, 116.
0.60000, 112.
0.61000, 97.
0.62000, 100.
0.63000, 99.
0.64000, 116.
0.65000, 97.
0.66000, 80.
0.67000, 89.
0.68000, 77.
0.69000, 93.
0.70000, 93.
0.71000, 76.
0.72000, 99.
0.73000, 97.
0.74000, 70.
0.75000, 68.
0.76000, 79.
0.77000, 79.
0.78000, 78.
0.79000, 87.
0.80000, 71.
0.81000, 82.
0.82000, 59.
0.83000, 72.
0.84000, 75.
0.85000, 70.
0.86000, 57.
0.87000, 86.
0.88000, 60.
0.89000, 72.
0.90000, 78.
0.91000, 70.
0.92000, 78.
0.93000, 71.
0.94000, 97.
0.95000, 77.
0.96000, 84.
0.97000, 78.
0.98000, 70.
0.99000, 80.
1.00000, 73.
1.01000, 68.
1.02000, 69.
1.03000, 77.
1.04000, 67.
1.05000, 61.
1.06000, 70.
1.07000, 75.
1.08000, 63.
1.09000, 72.
1.10000, 77.
1.11000, 61.
1.12000, 74.
1.13000, 78.
1.14000, 70.
1.15000, 74.
1.16000, 63.
1.17000, 79.
1.18000, 65.
1.19000, 101.
1.20000, 77.
1.21000, 107.
1.22000, 121.
1.23000, 96.
1.24000, 143.
1.25000, 133.
1.26000, 121.
1.27000, 139.
1.28000, 122.
1.29000, 122.
1.30000, 89.
1.31000, 74.
1.32000, 58.
1.33000, 74.
1.34000, 63.
1.35000, 49.
1.36000, 49.
1.37000, 70.
1.38000, 48.
1.39000, 52.
1.40000, 60.
1.41000, 50.
1.42000, 57.
1.43000, 59.
1.44000, 63.
1.45000, 66.
1.46000, 72.
1.47000, 82.
1.48000, 69.
1.49000, 107.
1.50000, 93.
1.51000, 88.
1.52000, 90.
1.53000, 76.
1.54000, 69.
1.55000, 54.
1.56000, 72.
1.57000, 61.
1.58000, 51.
1.59000, 73.
1.60000, 69.
1.61000, 71.
1.62000, 61.
1.63000, 91.
1.64000, 91.
1.65000, 132.
1.66000, 169.
1.67000, 267.
1.68000, 324.
1.69000, 452.
1.70000, 584.
1.71000, 781.
1.72000, 931.
1.73000, 1030.
1.74000, 1152.
1.75000, 1120.
1.76000, 1164.
1.77000, 1097.
1.78000, 1038.
1.79000, 947.
1.80000, 851.
1.81000, 697.
1.82000, 687.
1.83000, 601.
1.84000, 556.
1.85000, 517.
1.86000, 462.
1.87000, 462.
1.88000, 483.
1.89000, 429.
1.90000, 465.
1.91000, 445.
1.92000, 500.
1.93000, 539.
1.94000, 544.
1.95000, 575.
1.96000, 555.
1.97000, 473.
1.98000, 456.
1.99000, 431.
2.00000, 348.
2.01000, 279.
2.02000, 250.
2.03000, 215.
2.04000, 173.
2.05000, 150.
2.06000, 96.
2.07000, 134.
2.08000, 99.
2.09000, 82.
2.10000, 89.
2.11000, 88.
2.12000, 92.
2.13000, 90.
2.14000, 126.
2.15000, 111.
2.16000, 112.
2.17000, 159.
2.18000, 191.
2.19000, 233.
2.20000, 285.
2.21000, 382.
2.22000, 550.
2.23000, 703.
2.24000, 1029.
2.25000, 1351.
2.26000, 1640.
2.27000, 2073.
2.28000, 2494.
2.29000, 2758.
2.30000, 3072.
2.31000, 3115.
2.32000, 3030.
2.33000, 2960.
2.34000, 2691.
2.35000, 2213.
2.36000, 1868.
2.37000, 1558.
2.38000, 1111.
2.39000, 848.
2.40000, 669.
2.41000, 564.
2.42000, 434.
2.43000, 401.
2.44000, 378.
2.45000, 370.
2.46000, 357.
2.47000, 336.
2.48000, 315.
2.49000, 311.
2.50000, 246.
2.51000, 248.
2.52000, 218.
2.53000, 216.
2.54000, 164.
2.55000, 144.
2.56000, 165.
2.57000, 157.
2.58000, 187.
2.59000, 227.
2.60000, 266.
2.61000, 310.
2.62000, 406.
2.63000, 455.
2.64000, 597.
2.65000, 738.
2.66000, 845.
2.67000, 972.
2.68000, 1138.
2.69000, 1195.
2.70000, 1174.
2.71000, 1116.
2.72000, 1072.
2.73000, 1044.
2.74000, 941.
2.75000, 837.
2.76000, 766.
2.77000, 692.
2.78000, 683.
2.79000, 689.
2.80000, 642.
2.81000, 712.
2.82000, 734.
2.83000, 782.
2.84000, 864.
2.85000, 815.
2.86000, 763.
2.87000, 731.
2.88000, 716.
2.89000, 690.
2.90000, 617.
2.91000, 605.
2.92000, 540.
2.93000, 463.
2.94000, 398.
2.95000, 392.
2.96000, 372.
2.97000, 313.
2.98000, 301.
2.99000, 291.
3.00000, 237.
3.01000, 233.
3.02000, 201.
3.03000, 215.
3.04000, 192.
3.05000, 217.
3.06000, 193.
3.07000, 201.
3.08000, 173.
3.09000, 187.
3.10000, 179.
3.11000, 192.
3.12000, 185.
3.13000, 190.
3.14000, 173.
3.15000, 194.
3.16000, 193.
3.17000, 179.
3.18000, 152.
3.19000, 171.
3.20000, 156.
3.21000, 133.
3.22000, 154.
3.23000, 162.
3.24000, 162.
3.25000, 146.
3.26000, 162.
3.27000, 170.
3.28000, 164.
3.29000, 187.
3.30000, 189.
3.31000, 174.
3.32000, 171.
3.33000, 182.
3.34000, 202.
3.35000, 171.
3.36000, 173.
3.37000, 161.
3.38000, 155.
3.39000, 129.
3.40000, 127.
3.41000, 122.
3.42000, 142.
3.43000, 139.
3.44000, 130.
3.45000, 160.
3.46000, 149.
3.47000, 158.
3.48000, 213.
3.49000, 196.
3.50000, 266.
3.51000, 315.
3.52000, 361.
3.53000, 527.
3.54000, 670.
3.55000, 1015.
3.56000, 1477.
3.57000, 2209.
3.58000, 3151.
3.59000, 4683.
3.60000, 6547.
3.61000, 9174.
3.62000, 12456.
3.63000, 16090.
3.64000, 20319.
3.65000, 24472.
3.66000, 28126.
3.67000, 32192.
3.68000, 34654.
3.69000, 35716.
3.70000, 36177.
3.71000, 34470.
3.72000, 32075.
3.73000, 28660.
3.74000, 24586.
3.75000, 19929.
3.76000, 16049.
3.77000, 12249.
3.78000, 9032.
3.79000, 6340.
3.80000, 4351.
3.81000, 2977.
3.82000, 1938.
3.83000, 1305.
3.84000, 820.
3.85000, 611.
3.86000, 551.
3.87000, 547.
3.88000, 574.
3.89000, 680.
3.90000, 847.
3.91000, 1050.
3.92000, 1296.
3.93000, 1703.
3.94000, 2168.
3.95000, 2670.
3.96000, 3157.
3.97000, 3832.
3.98000, 4314.
3.99000, 4755.
4.00000, 5082.
4.01000, 5340.
4.02000, 5358.
4.03000, 5095.
4.04000, 4844.
4.05000, 4255.
4.06000, 3751.
4.07000, 3148.
4.08000, 2611.
4.09000, 2035.
4.10000, 1608.
4.11000, 1117.
4.12000, 828.
4.13000, 584.
4.14000, 385.
4.15000, 261.
4.16000, 206.
4.17000, 142.
4.18000, 119.
4.19000, 119.
4.20000, 107.
4.21000, 95.
4.22000, 89.
4.23000, 74.
4.24000, 97.
4.25000, 118.
4.26000, 126.
4.27000, 114.
4.28000, 162.
4.29000, 174.
4.30000, 190.
4.31000, 231.
4.32000, 245.
4.33000, 334.
4.34000, 442.
4.35000, 569.
4.36000, 745.
4.37000, 934.
4.38000, 1252.
4.39000, 1662.
4.40000, 1991.
4.41000, 2476.
4.42000, 2990.
4.43000, 3322.
4.44000, 3784.
4.45000, 4151.
4.46000, 4192.
4.47000, 4257.
4.48000, 4240.
4.49000, 3992.
4.50000, 3774.
4.51000, 3292.
4.52000, 2839.
4.53000, 2414.
4.54000, 1923.
4.55000, 1534.
4.56000, 1218.
4.57000, 1003.
4.58000, 796.
4.59000, 693.
4.60000, 680.
4.61000, 650.
4.62000, 661.
4.63000, 630.
4.64000, 691.
4.65000, 700.
4.66000, 641.
4.67000, 685.
4.68000, 646.
4.69000, 673.
4.70000, 671.
4.71000, 720.
4.72000, 769.
4.73000, 943.
4.74000, 1104.
4.75000, 1401.
4.76000, 1727.
4.77000, 2039.
4.78000, 2377.
4.79000, 2873.
4.80000, 3120.
4.81000, 3416.
4.82000, 3643.
4.83000, 3803.
4.84000, 3950.
4.85000, 3886.
4.86000, 3842.
4.87000, 3606.
4.88000, 3254.
4.89000, 3010.
4.90000, 2683.
4.91000, 2401.
4.92000, 2105.
4.93000, 1738.
4.94000, 1482.
4.95000, 1350.
4.96000, 1163.
4.97000, 1025.
4.98000, 969.
4.99000, 912.
5.00000, 855.
5.01000, 834.
5.02000, 764.
5.03000, 782.
5.04000, 769.
5.05000, 768.
5.06000, 765.
5.07000, 847.
5.08000, 863.
5.09000, 890.
5.10000, 999.
5.11000, 1084.
5.12000, 1070.
5.13000, 1151.
5.14000, 1221.
5.15000, 1323.
5.16000, 1408.
5.17000, 1371.
5.18000, 1402.
5.19000, 1379.
5.20000, 1435.
5.21000, 1371.
5.22000, 1328.
5.23000, 1259.
5.24000, 1218.
5.25000, 1179.
5.26000, 1137.
5.27000, 1054.
5.28000, 940.
5.29000, 864.
5.30000, 805.
5.31000, 757.
5.32000, 679.
5.33000, 657.
5.34000, 557.
5.35000, 529.
5.36000, 488.
5.37000, 453.
5.38000, 422.
5.39000, 383.
5.40000, 367.
5.41000, 391.
5.42000, 403.
5.43000, 398.
5.44000, 360.
5.45000, 392.
5.46000, 387.
5.47000, 405.
5.48000, 484.
5.49000, 532.
5.50000, 549.
5.51000, 598.
5.52000, 645.
5.53000, 619.
5.54000, 661.
5.55000, 619.
5.56000, 574.
5.57000, 639.
5.58000, 566.
5.59000, 542.
5.60000, 497.
5.61000, 475.
5.62000, 439.
5.63000, 442.
5.64000, 407.
5.65000, 358.
5.66000, 362.
5.67000, 360.
5.68000, 383.
5.69000, 392.
5.70000, 377.
5.71000, 375.
5.72000, 388.
5.73000, 407.
5.74000, 425.
5.75000, 443.
5.76000, 492.
5.77000, 482.
5.78000, 531.
5.79000, 564.
5.80000, 579.
5.81000, 638.
5.82000, 594.
5.83000, 603.
5.84000, 650.
5.85000, 624.
5.86000, 720.
5.87000, 667.
5.88000, 646.
5.89000, 689.
5.90000, 640.
5.91000, 611.
5.92000, 574.
5.93000, 559.
5.94000, 500.
5.95000, 425.
5.96000, 412.
5.97000, 400.
5.98000, 348.
5.99000, 324.
6.00000, 286.
6.01000, 324.
6.02000, 271.
6.03000, 260.
6.04000, 236.
6.05000, 222.
6.06000, 227.
6.07000, 225.
6.08000, 226.
6.09000, 222.
6.10000, 208.
6.11000, 199.
6.12000, 159.
6.13000, 156.
6.14000, 157.
6.15000, 150.
6.16000, 127.
6.17000, 121.
6.18000, 145.
6.19000, 114.
6.20000, 147.
6.21000, 140.
6.22000, 152.
6.23000, 190.
6.24000, 210.
6.25000, 279.
6.26000, 348.
6.27000, 417.
6.28000, 546.
6.29000, 721.
6.30000, 833.
6.31000, 1107.
6.32000, 1291.
6.33000, 1499.
6.34000, 1855.
6.35000, 2073.
6.36000, 2263.
6.37000, 2556.
6.38000, 2561.
6.39000, 2742.
6.40000, 2749.
6.41000, 2653.
6.42000, 2617.
6.43000, 2506.
6.44000, 2287.
6.45000, 2040.
6.46000, 1794.
6.47000, 1544.
6.48000, 1275.
6.49000, 1080.
6.50000, 862.
6.51000, 721.
6.52000, 536.
6.53000, 470.
6.54000, 345.
6.55000, 288.
6.56000, 239.
6.57000, 219.
6.58000, 173.
6.59000, 174.
6.60000, 167.
6.61000, 154.
6.62000, 139.
6.63000, 121.
6.64000, 138.
6.65000, 142.
6.66000, 109.
6.67000, 123.
6.68000, 105.
6.69000, 111.
6.70000, 99.
6.71000, 121.
6.72000, 93.
6.73000, 103.
6.74000, 92.
6.75000, 87.
6.76000, 101.
6.77000, 71.
6.78000, 103.
6.79000, 109.
6.80000, 118.
6.81000, 110.
6.82000, 110.
6.83000, 123.
6.84000, 113.
6.85000, 116.
6.86000, 113.
6.87000, 116.
6.88000, 124.
6.89000, 132.
6.90000, 131.
6.91000, 140.
6.92000, 167.
6.93000, 190.
6.94000, 222.
6.95000, 228.
6.96000, 251.
6.97000, 246.
6.98000, 321.
6.99000, 347.
7.00000, 377.
7.01000, 393.
7.02000, 430.
7.03000, 420.
7.04000, 504.
7.05000, 505.
7.06000, 494.
7.07000, 472.
7.08000, 451.
7.09000, 438.
7.10000, 428.
7.11000, 342.
7.12000, 306.
7.13000, 259.
7.14000, 219.
7.15000, 233.
7.16000, 230.
7.17000, 167.
7.18000, 137.
7.19000, 130.
7.20000, 114.
7.21000, 109.
7.22000, 103.
7.23000, 114.
7.24000, 90.
7.25000, 109.
7.26000, 100.
7.27000, 109.
7.28000, 110.
7.29000, 110.
7.30000, 107.
7.31000, 125.
7.32000, 120.
7.33000, 126.
7.34000, 130.
7.35000, 152.
7.36000, 146.
7.37000, 159.
7.38000, 151.
7.39000, 154.
7.40000, 164.
7.41000, 159.
7.42000, 156.
7.43000, 162.
7.44000, 162.
7.45000, 148.
7.46000, 140.
7.47000, 127.
7.48000, 135.
7.49000, 130.
7.50000, 113.
7.51000, 113.
7.52000, 111.
7.53000, 104.
7.54000, 96.
7.55000, 110.
7.56000, 104.
7.57000, 110.
7.58000, 110.
7.59000, 106.
7.60000, 100.
7.61000, 89.
7.62000, 110.
7.63000, 103.
7.64000, 118.
7.65000, 127.
7.66000, 91.
7.67000, 128.
7.68000, 118.
7.69000, 102.
7.70000, 119.
7.71000, 118.
7.72000, 134.
7.73000, 108.
7.74000, 108.
7.75000, 135.
7.76000, 122.
7.77000, 94.
7.78000, 95.
7.79000, 104.
7.80000, 104.
7.81000, 98.
7.82000, 109.
7.83000, 105.
7.84000, 113.
7.85000, 97.
7.86000, 107.
7.87000, 87.
7.88000, 114.
7.89000, 82.
7.90000, 98.
7.91000, 96.
7.92000, 118.
7.93000, 123.
7.94000, 96.
7.95000, 111.
7.96000, 102.
7.97000, 117.
7.98000, 134.
7.99000, 122.
8.00000, 138.
8.01000, 146.
8.02000, 129.
8.03000, 130.
8.04000, 117.
8.05000, 131.
8.06000, 137.
8.07000, 167.
8.08000, 140.
8.09000, 143.
8.10000, 147.
8.11000, 139.
8.12000, 133.
8.13000, 121.
8.14000, 122.
8.15000, 146.
8.16000, 124.
8.17000, 147.
8.18000, 130.
8.19000, 136.
8.20000, 136.
8.21000, 142.
8.22000, 121.
8.23000, 128.
8.24000, 134.
8.25000, 110.
8.26000, 115.
8.27000, 124.
8.28000, 155.
8.29000, 136.
8.30000, 137.
8.31000, 128.
8.32000, 132.
8.33000, 129.
8.34000, 161.
8.35000, 124.
8.36000, 161.
8.37000, 137.
8.38000, 120.
8.39000, 123.
8.40000, 149.
8.41000, 167.
8.42000, 132.
8.43000, 162.
8.44000, 155.
8.45000, 163.
8.46000, 136.
8.47000, 135.
8.48000, 125.
8.49000, 163.
8.50000, 171.
8.51000, 171.
8.52000, 145.
8.53000, 158.
8.54000, 161.
8.55000, 160.
8.56000, 169.
8.57000, 150.
8.58000, 152.
8.59000, 179.
8.60000, 161.
8.61000, 154.
8.62000, 167.
8.63000, 177.
8.64000, 175.
8.65000, 150.
8.66000, 176.
8.67000, 134.
8.68000, 160.
8.69000, 169.
8.70000, 152.
8.71000, 133.
8.72000, 160.
8.73000, 149.
8.74000, 130.
8.75000, 182.
8.76000, 147.
8.77000, 147.
8.78000, 125.
8.79000, 149.
8.80000, 160.
8.81000, 140.
8.82000, 143.
8.83000, 141.
8.84000, 141.
8.85000, 149.
8.86000, 144.
8.87000, 155.
8.88000, 141.
8.89000, 142.
8.90000, 137.
8.91000, 116.
8.92000, 132.
8.93000, 137.
8.94000, 140.
8.95000, 136.
8.96000, 155.
8.97000, 148.
8.98000, 132.
8.99000, 134.
9.00000, 146.
9.01000, 153.
9.02000, 149.
9.03000, 126.
9.04000, 158.
9.05000, 156.
9.06000, 149.
9.07000, 158.
9.08000, 136.
9.09000, 147.
9.10000, 138.
9.11000, 145.
9.12000, 172.
9.13000, 155.
9.14000, 142.
9.15000, 166.
9.16000, 159.
9.17000, 154.
9.18000, 147.
9.19000, 171.
9.20000, 166.
9.21000, 160.
9.22000, 172.
9.23000, 160.
9.24000, 169.
9.25000, 147.
9.26000, 141.
9.27000, 176.
9.28000, 171.
9.29000, 151.
9.30000, 136.
9.31000, 136.
9.32000, 133.
9.33000, 173.
9.34000, 141.
9.35000, 144.
9.36000, 158.
9.37000, 139.
9.38000, 163.
9.39000, 165.
9.40000, 143.
9.41000, 143.
9.42000, 151.
9.43000, 143.
9.44000, 150.
9.45000, 143.
9.46000, 147.
9.47000, 171.
9.48000, 133.
9.49000, 157.
9.50000, 135.
9.51000, 119.
9.52000, 152.
9.53000, 147.
9.54000, 135.
9.55000, 149.
9.56000, 146.
9.57000, 149.
9.58000, 136.
9.59000, 158.
9.60000, 155.
9.61000, 143.
9.62000, 141.
9.63000, 167.
9.64000, 159.
9.65000, 171.
9.66000, 184.
9.67000, 160.
9.68000, 163.
9.69000, 154.
9.70000, 161.
9.71000, 164.
9.72000, 156.
9.73000, 159.
9.74000, 142.
9.75000, 153.
9.76000, 145.
9.77000, 172.
9.78000, 168.
9.79000, 173.
9.80000, 150.
9.81000, 151.
9.82000, 164.
9.83000, 143.
9.84000, 151.
9.85000, 159.
9.86000, 160.
9.87000, 151.
9.88000, 142.
9.89000, 152.
9.90000, 152.
9.91000, 161.
9.92000, 163.
9.93000, 143.
9.94000, 161.
9.95000, 164.
9.96000, 163.
9.97000, 164.
9.98000, 168.
9.99000, 159.
10.00000, 185.
10.01000, 151.
10.02000, 171.
10.03000, 172.
10.04000, 156.
10.05000, 137.
10.06000, 168.
10.07000, 169.
10.08000, 153.
10.09000, 172.
10.10000, 161.
10.11000, 186.
10.12000, 161.
10.13000, 196.
10.14000, 174.
10.15000, 161.
10.16000, 168.
10.17000, 166.
10.18000, 166.
10.19000, 175.
10.20000, 180.
10.21000, 159.
10.22000, 159.
10.23000, 163.
10.24000, 152.
10.25000, 172.
10.26000, 167.
10.27000, 155.
10.28000, 185.
10.29000, 173.
10.30000, 157.
10.31000, 178.
10.32000, 191.
10.33000, 205.
10.34000, 200.
10.35000, 224.
10.36000, 252.
10.37000, 249.
10.38000, 249.
10.39000, 298.
10.40000, 328.
10.41000, 344.
10.42000, 378.
10.43000, 418.
10.44000, 480.
10.45000, 536.
10.46000, 560.
10.47000, 568.
10.48000, 633.
10.49000, 672.
10.50000, 755.
10.51000, 741.
10.52000, 775.
10.53000, 805.
10.54000, 816.
10.55000, 786.
10.56000, 771.
10.57000, 670.
10.58000, 712.
10.59000, 654.
10.60000, 624.
10.61000, 578.
10.62000, 498.
10.63000, 502.
10.64000, 434.
10.65000, 419.
10.66000, 387.
10.67000, 332.
10.68000, 293.
10.69000, 247.
10.70000, 261.
10.71000, 246.
10.72000, 243.
10.73000, 207.
10.74000, 178.
10.75000, 212.
10.76000, 151.
10.77000, 183.
10.78000, 151.
10.79000, 151.
10.80000, 145.
10.81000, 160.
10.82000, 148.
10.83000, 151.
10.84000, 160.
10.85000, 169.
10.86000, 155.
10.87000, 172.
10.88000, 165.
10.89000, 162.
10.90000, 162.
10.91000, 171.
10.92000, 157.
10.93000, 161.
10.94000, 172.
10.95000, 165.
10.96000, 160.
10.97000, 178.
10.98000, 168.
10.99000, 153.
11.00000, 140.
11.01000, 171.
11.02000, 162.
11.03000, 155.
11.04000, 138.
11.05000, 173.
11.06000, 160.
11.07000, 178.
11.08000, 151.
11.09000, 177.
11.10000, 155.
11.11000, 154.
11.12000, 171.
11.13000, 170.
11.14000, 168.
11.15000, 171.
11.16000, 165.
11.17000, 156.
11.18000, 164.
11.19000, 173.
11.20000, 174.
11.21000, 196.
11.22000, 167.
11.23000, 166.
11.24000, 184.
11.25000, 164.
11.26000, 183.
11.27000, 176.
11.28000, 178.
11.29000, 182.
11.30000, 204.
11.31000, 170.
11.32000, 153.
11.33000, 176.
11.34000, 180.
11.35000, 167.
11.36000, 188.
11.37000, 176.
11.38000, 203.
11.39000, 198.
11.40000, 170.
11.41000, 194.
11.42000, 198.
11.43000, 185.
11.44000, 168.
11.45000, 160.
11.46000, 149.
11.47000, 147.
11.48000, 175.
11.49000, 173.
11.50000, 173.
11.51000, 182.
11.52000, 183.
11.53000, 159.
11.54000, 180.
11.55000, 186.
11.56000, 184.
11.57000, 185.
11.58000, 160.
11.59000, 176.
11.60000, 177.
11.61000, 185.
11.62000, 162.
11.63000, 165.
11.64000, 166.
11.65000, 173.
11.66000, 144.
11.67000, 168.
11.68000, 177.
11.69000, 166.
11.70000, 175.
11.71000, 197.
11.72000, 177.
11.73000, 173.
11.74000, 175.
11.75000, 169.
11.76000, 164.
11.77000, 164.
11.78000, 158.
11.79000, 170.
11.80000, 174.
11.81000, 166.
11.82000, 162.
11.83000, 184.
11.84000, 173.
11.85000, 174.
11.86000, 166.
11.87000, 163.
11.88000, 172.
11.89000, 186.
11.90000, 181.
11.91000, 167.
11.92000, 186.
11.93000, 173.
11.94000, 166.
11.95000, 169.
11.96000, 194.
11.97000, 177.
11.98000, 188.
11.99000, 193.
12.00000, 147.
12.01000, 158.
12.02000, 203.
12.03000, 184.
12.04000, 195.
12.05000, 176.
12.06000, 185.
12.07000, 212.
12.08000, 177.
12.09000, 201.
12.10000, 186.
12.11000, 217.
12.12000, 212.
12.13000, 220.
12.14000, 172.
12.15000, 191.
12.16000, 195.
12.17000, 176.
12.18000, 202.
12.19000, 200.
12.20000, 221.
12.21000, 180.
12.22000, 203.
12.23000, 182.
12.24000, 194.
12.25000, 219.
12.26000, 234.
12.27000, 239.
12.28000, 211.
12.29000, 228.
12.30000, 202.
12.31000, 210.
12.32000, 201.
12.33000, 202.
12.34000, 214.
12.35000, 213.
12.36000, 218.
12.37000, 190.
12.38000, 212.
12.39000, 217.
12.40000, 215.
12.41000, 216.
12.42000, 252.
12.43000, 250.
12.44000, 289.
12.45000, 271.
12.46000, 312.
12.47000, 317.
12.48000, 376.
12.49000, 368.
12.50000, 434.
12.51000, 517.
12.52000, 519.
12.53000, 560.
12.54000, 617.
12.55000, 616.
12.56000, 633.
12.57000, 648.
12.58000, 697.
12.59000, 756.
12.60000, 772.
12.61000, 749.
12.62000, 739.
12.63000, 734.
12.64000, 686.
12.65000, 673.
12.66000, 615.
12.67000, 606.
12.68000, 571.
12.69000, 517.
12.70000, 484.
12.71000, 429.
12.72000, 380.
12.73000, 366.
12.74000, 328.
12.75000, 333.
12.76000, 311.
12.77000, 312.
12.78000, 251.
12.79000, 266.
12.80000, 249.
12.81000, 236.
12.82000, 265.
12.83000, 234.
12.84000, 230.
12.85000, 219.
12.86000, 246.
12.87000, 246.
12.88000, 223.
12.89000, 229.
12.90000, 214.
12.91000, 216.
12.92000, 212.
12.93000, 244.
12.94000, 218.
12.95000, 233.
12.96000, 233.
12.97000, 250.
12.98000, 232.
12.99000, 225.
13.00000, 224.
13.01000, 242.
13.02000, 217.
13.03000, 230.
13.04000, 221.
13.05000, 209.
13.06000, 160.
13.07000, 215.
13.08000, 193.
13.09000, 197.
13.10000, 184.
13.11000, 182.
13.12000, 189.
13.13000, 164.
13.14000, 187.
13.15000, 180.
13.16000, 182.
13.17000, 170.
13.18000, 183.
13.19000, 201.
13.20000, 169.
13.21000, 184.
13.22000, 189.
13.23000, 170.
13.24000, 191.
13.25000, 180.
13.26000, 173.
13.27000, 201.
13.28000, 197.
13.29000, 172.
13.30000, 187.
13.31000, 167.
13.32000, 166.
13.33000, 192.
13.34000, 188.
13.35000, 222.
13.36000, 206.
13.37000, 204.
13.38000, 200.
13.39000, 189.
13.40000, 183.
13.41000, 205.
13.42000, 186.
13.43000, 203.
13.44000, 190.
13.45000, 209.
13.46000, 189.
13.47000, 209.
13.48000, 216.
13.49000, 203.
13.50000, 221.
13.51000, 192.
13.52000, 216.
13.53000, 201.
13.54000, 206.
13.55000, 204.
13.56000, 206.
13.57000, 203.
13.58000, 230.
13.59000, 219.
13.60000, 227.
13.61000, 231.
13.62000, 228.
13.63000, 201.
13.64000, 195.
13.65000, 212.
13.66000, 219.
13.67000, 206.
13.68000, 200.
13.69000, 225.
13.70000, 231.
13.71000, 234.
13.72000, 239.
13.73000, 228.
13.74000, 230.
13.75000, 237.
13.76000, 214.
13.77000, 236.
13.78000, 232.
13.79000, 250.
13.80000, 279.
13.81000, 283.
13.82000, 306.
13.83000, 282.
13.84000, 328.
13.85000, 370.
13.86000, 438.
13.87000, 474.
13.88000, 621.
13.89000, 682.
13.90000, 939.
13.91000, 1118.
13.92000, 1306.
13.93000, 1626.
13.94000, 1932.
13.95000, 2406.
13.96000, 2888.
13.97000, 3460.
13.98000, 3888.
13.99000, 4693.
14.00000, 5518.
14.01000, 6117.
14.02000, 7236.
14.03000, 8094.
14.04000, 8804.
14.05000, 9889.
14.06000, 10606.
14.07000, 11542.
14.08000, 12186.
14.09000, 12694.
14.10000, 13480.
14.11000, 13768.
14.12000, 13776.
14.13000, 14027.
14.14000, 13797.
14.15000, 13486.
14.16000, 12798.
14.17000, 12349.
14.18000, 11665.
14.19000, 10841.
14.20000, 10059.
14.21000, 8903.
14.22000, 8174.
14.23000, 7348.
14.24000, 6317.
14.25000, 5658.
14.26000, 4721.
14.27000, 3959.
14.28000, 3158.
14.29000, 2688.
14.30000, 2182.
14.31000, 1842.
14.32000, 1518.
14.33000, 1147.
14.34000, 955.
14.35000, 788.
14.36000, 615.
14.37000, 507.
14.38000, 495.
14.39000, 369.
14.40000, 333.
14.41000, 299.
14.42000, 297.
14.43000, 224.
14.44000, 216.
14.45000, 188.
14.46000, 223.
14.47000, 202.
14.48000, 201.
14.49000, 224.
14.50000, 193.
14.51000, 189.
14.52000, 180.
14.53000, 203.
14.54000, 191.
14.55000, 179.
14.56000, 197.
14.57000, 191.
14.58000, 182.
14.59000, 209.
14.60000, 202.
14.61000, 243.
14.62000, 228.
14.63000, 236.
14.64000, 244.
14.65000, 249.
14.66000, 231.
14.67000, 228.
14.68000, 238.
14.69000, 267.
14.70000, 290.
14.71000, 258.
14.72000, 252.
14.73000, 248.
14.74000, 240.
14.75000, 303.
14.76000, 299.
14.77000, 267.
14.78000, 261.
14.79000, 290.
14.80000, 272.
14.81000, 297.
14.82000, 284.
14.83000, 263.
14.84000, 280.
14.85000, 279.
14.86000, 284.
14.87000, 254.
14.88000, 241.
14.89000, 263.
14.90000, 273.
14.91000, 261.
14.92000, 270.
14.93000, 248.
14.94000, 249.
14.95000, 235.
14.96000, 287.
14.97000, 260.
14.98000, 234.
14.99000, 221.
15.00000, 236.
15.01000, 199.
15.02000, 229.
15.03000, 223.
15.04000, 195.
15.05000, 231.
15.06000, 224.
15.07000, 190.
15.08000, 207.
15.09000, 193.
15.10000, 214.
15.11000, 209.
15.12000, 206.
15.13000, 198.
15.14000, 201.
15.15000, 207.
15.16000, 198.
15.17000, 236.
15.18000, 208.
15.19000, 215.
15.20000, 219.
15.21000, 176.
15.22000, 166.
15.23000, 200.
15.24000, 182.
15.25000, 213.
15.26000, 206.
15.27000, 178.
15.28000, 193.
15.29000, 193.
15.30000, 161.
15.31000, 182.
15.32000, 180.
15.33000, 183.
15.34000, 187.
15.35000, 201.
15.36000, 193.
15.37000, 195.
15.38000, 177.
15.39000, 181.
15.40000, 194.
15.41000, 163.
15.42000, 172.
15.43000, 181.
15.44000, 180.
15.45000, 179.
15.46000, 186.
15.47000, 178.
15.48000, 206.
15.49000, 197.
15.50000, 182.
15.51000, 227.
15.52000, 208.
15.53000, 215.
15.54000, 242.
15.55000, 219.
15.56000, 253.
15.57000, 270.
15.58000, 279.
15.59000, 311.
15.60000, 336.
15.61000, 382.
15.62000, 426.
15.63000, 445.
15.64000, 535.
15.65000, 654.
15.66000, 755.
15.67000, 817.
15.68000, 949.
15.69000, 1055.
15.70000, 1215.
15.71000, 1391.
15.72000, 1534.
15.73000, 1663.
15.74000, 1876.
15.75000, 1999.
15.76000, 2146.
15.77000, 2307.
15.78000, 2352.
15.79000, 2395.
15.80000, 2474.
15.81000, 2479.
15.82000, 2489.
15.83000, 2422.
15.84000, 2386.
15.85000, 2299.
15.86000, 2207.
15.87000, 2051.
15.88000, 1941.
15.89000, 1754.
15.90000, 1626.
15.91000, 1456.
15.92000, 1309.
15.93000, 1155.
15.94000, 1091.
15.95000, 1001.
15.96000, 930.
15.97000, 778.
15.98000, 749.
15.99000, 674.
16.00000, 662.
16.01000, 555.
16.02000, 588.
16.03000, 533.
16.04000, 564.
16.05000, 516.
16.06000, 501.
16.07000, 512.
16.08000, 450.
16.09000, 537.
16.10000, 458.
16.11000, 448.
16.12000, 412.
16.13000, 352.
16.14000, 371.
16.15000, 351.
16.16000, 336.
16.17000, 360.
16.18000, 317.
16.19000, 294.
16.20000, 288.
16.21000, 231.
16.22000, 221.
16.23000, 201.
16.24000, 204.
16.25000, 187.
16.26000, 203.
16.27000, 172.
16.28000, 174.
16.29000, 164.
16.30000, 175.
16.31000, 156.
16.32000, 132.
16.33000, 147.
16.34000, 147.
16.35000, 139.
16.36000, 131.
16.37000, 146.
16.38000, 116.
16.39000, 148.
16.40000, 146.
16.41000, 155.
16.42000, 138.
16.43000, 144.
16.44000, 167.
16.45000, 142.
16.46000, 147.
16.47000, 145.
16.48000, 151.
16.49000, 148.
16.50000, 132.
16.51000, 125.
16.52000, 149.
16.53000, 133.
16.54000, 156.
16.55000, 156.
16.56000, 158.
16.57000, 130.
16.58000, 144.
16.59000, 140.
16.60000, 156.
16.61000, 142.
16.62000, 148.
16.63000, 153.
16.64000, 157.
16.65000, 129.
16.66000, 143.
16.67000, 142.
16.68000, 141.
16.69000, 147.
16.70000, 151.
16.71000, 131.
16.72000, 140.
16.73000, 150.
16.74000, 132.
16.75000, 129.
16.76000, 121.
16.77000, 138.
16.78000, 141.
16.79000, 133.
16.80000, 127.
16.81000, 121.
16.82000, 128.
16.83000, 137.
16.84000, 129.
16.85000, 146.
16.86000, 137.
16.87000, 151.
16.88000, 144.
16.89000, 136.
16.90000, 124.
16.91000, 124.
16.92000, 133.
16.93000, 140.
16.94000, 130.
16.95000, 129.
16.96000, 146.
16.97000, 125.
16.98000, 122.
16.99000, 139.
17.00000, 126.
17.01000, 116.
17.02000, 144.
17.03000, 131.
17.04000, 128.
17.05000, 134.
17.06000, 126.
17.07000, 138.
17.08000, 150.
17.09000, 121.
17.10000, 139.
17.11000, 128.
17.12000, 126.
17.13000, 123.
17.14000, 136.
17.15000, 139.
17.16000, 131.
17.17000, 136.
17.18000, 122.
17.19000, 130.
17.20000, 151.
17.21000, 121.
17.22000, 126.
17.23000, 125.
17.24000, 134.
17.25000, 130.
17.26000, 144.
17.27000, 156.
17.28000, 150.
17.29000, 153.
17.30000, 122.
17.31000, 135.
17.32000, 143.
17.33000, 138.
17.34000, 132.
17.35000, 142.
17.36000, 138.
17.37000, 140.
17.38000, 150.
17.39000, 138.
17.40000, 146.
17.41000, 119.
17.42000, 158.
17.43000, 124.
17.44000, 127.
17.45000, 156.
17.46000, 122.
17.47000, 126.
17.48000, 132.
17.49000, 161.
17.50000, 141.
17.51000, 125.
17.52000, 146.
17.53000, 140.
17.54000, 135.
17.55000, 150.
17.56000, 155.
17.57000, 157.
17.58000, 142.
17.59000, 148.
17.60000, 154.
17.61000, 133.
17.62000, 177.
17.63000, 167.
17.64000, 171.
17.65000, 171.
17.66000, 153.
17.67000, 168.
17.68000, 171.
17.69000, 152.
17.70000, 183.
17.71000, 175.
17.72000, 157.
17.73000, 174.
17.74000, 193.
17.75000, 191.
17.76000, 190.
17.77000, 229.
17.78000, 194.
17.79000, 196.
17.80000, 224.
17.81000, 234.
17.82000, 236.
17.83000, 230.
17.84000, 217.
17.85000, 207.
17.86000, 230.
17.87000, 214.
17.88000, 178.
17.89000, 202.
17.90000, 178.
17.91000, 192.
17.92000, 187.
17.93000, 179.
17.94000, 182.
17.95000, 210.
17.96000, 183.
17.97000, 185.
17.98000, 195.
17.99000, 180.
18.00000, 165.
18.01000, 202.
18.02000, 159.
18.03000, 213.
18.04000, 169.
18.05000, 192.
18.06000, 154.
18.07000, 188.
18.08000, 193.
18.09000, 185.
18.10000, 196.
18.11000, 174.
18.12000, 184.
18.13000, 202.
18.14000, 195.
18.15000, 193.
18.16000, 206.
18.17000, 206.
18.18000, 179.
18.19000, 189.
18.20000, 213.
18.21000, 191.
18.22000, 198.
18.23000, 195.
18.24000, 189.
18.25000, 214.
18.26000, 242.
18.27000, 218.
18.28000, 218.
18.29000, 224.
18.30000, 238.
18.31000, 237.
18.32000, 227.
18.33000, 225.
18.34000, 228.
18.35000, 255.
18.36000, 214.
18.37000, 265.
18.38000, 232.
18.39000, 297.
18.40000, 284.
18.41000, 278.
18.42000, 290.
18.43000, 315.
18.44000, 312.
18.45000, 321.
18.46000, 311.
18.47000, 350.
18.48000, 359.
18.49000, 335.
18.50000, 324.
18.51000, 338.
18.52000, 338.
18.53000, 400.
18.54000, 404.
18.55000, 409.
18.56000, 401.
18.57000, 430.
18.58000, 452.
18.59000, 429.
18.60000, 430.
18.61000, 478.
18.62000, 468.
18.63000, 508.
18.64000, 453.
18.65000, 486.
18.66000, 496.
18.67000, 498.
18.68000, 540.
18.69000, 474.
18.70000, 541.
18.71000, 551.
18.72000, 578.
18.73000, 545.
18.74000, 560.
18.75000, 549.
18.76000, 558.
18.77000, 559.
18.78000, 566.
18.79000, 567.
18.80000, 587.
18.81000, 553.
18.82000, 564.
18.83000, 574.
18.84000, 531.
18.85000, 567.
18.86000, 571.
18.87000, 555.
18.88000, 595.
18.89000, 632.
18.90000, 572.
18.91000, 602.
18.92000, 556.
18.93000, 521.
18.94000, 548.
18.95000, 550.
18.96000, 521.
18.97000, 547.
18.98000, 528.
18.99000, 498.
19.00000, 481.
19.01000, 473.
19.02000, 478.
19.03000, 463.
19.04000, 447.
19.05000, 442.
19.06000, 441.
19.07000, 445.
19.08000, 465.
19.09000, 391.
19.10000, 436.
19.11000, 376.
19.12000, 405.
19.13000, 392.
19.14000, 370.
19.15000, 332.
19.16000, 309.
19.17000, 308.
19.18000, 316.
19.19000, 352.
19.20000, 306.
19.21000, 302.
19.22000, 290.
19.23000, 277.
19.24000, 270.
19.25000, 277.
19.26000, 300.
19.27000, 275.
19.28000, 255.
19.29000, 250.
19.30000, 245.
19.31000, 255.
19.32000, 231.
19.33000, 249.
19.34000, 225.
19.35000, 214.
19.36000, 213.
19.37000, 206.
19.38000, 186.
19.39000, 200.
19.40000, 204.
19.41000, 186.
19.42000, 225.
19.43000, 231.
19.44000, 200.
19.45000, 182.
19.46000, 219.
19.47000, 172.
19.48000, 158.
19.49000, 189.
19.50000, 207.
19.51000, 180.
19.52000, 191.
19.53000, 193.
19.54000, 183.
19.55000, 218.
19.56000, 185.
19.57000, 188.
19.58000, 179.
19.59000, 179.
19.60000, 167.
19.61000, 155.
19.62000, 138.
19.63000, 148.
19.64000, 156.
19.65000, 167.
19.66000, 146.
19.67000, 164.
19.68000, 142.
19.69000, 154.
19.70000, 150.
19.71000, 136.
19.72000, 167.
19.73000, 132.
19.74000, 160.
19.75000, 134.
19.76000, 148.
19.77000, 156.
19.78000, 138.
19.79000, 149.
19.80000, 119.
19.81000, 144.
19.82000, 177.
19.83000, 163.
19.84000, 186.
19.85000, 193.
19.86000, 204.
19.87000, 217.
19.88000, 232.
19.89000, 262.
19.90000, 278.
19.91000, 284.
19.92000, 322.
19.93000, 296.
19.94000, 359.
19.95000, 389.
19.96000, 407.
19.97000, 459.
19.98000, 500.
19.99000, 527.
20.00000, 580.
20.01000, 627.
20.02000, 654.
20.03000, 677.
20.04000, 718.
20.05000, 763.
20.06000, 781.
20.07000, 814.
20.08000, 870.
20.09000, 862.
20.10000, 956.
20.11000, 943.
20.12000, 881.
20.13000, 918.
20.14000, 942.
20.15000, 971.
20.16000, 929.
20.17000, 847.
20.18000, 990.
20.19000, 876.
20.20000, 868.
20.21000, 812.
20.22000, 820.
20.23000, 781.
20.24000, 749.
20.25000, 662.
20.26000, 644.
20.27000, 584.
20.28000, 548.
20.29000, 540.
20.30000, 454.
20.31000, 420.
20.32000, 360.
20.33000, 325.
20.34000, 330.
20.35000, 298.
20.36000, 252.
20.37000, 254.
20.38000, 231.
20.39000, 185.
20.40000, 193.
20.41000, 180.
20.42000, 165.
20.43000, 156.
20.44000, 160.
20.45000, 148.
20.46000, 129.
20.47000, 136.
20.48000, 146.
20.49000, 115.
20.50000, 118.
20.51000, 109.
20.52000, 134.
20.53000, 115.
20.54000, 123.
20.55000, 118.
20.56000, 106.
20.57000, 126.
20.58000, 102.
20.59000, 129.
20.60000, 133.
20.61000, 125.
20.62000, 128.
20.63000, 120.
20.64000, 126.
20.65000, 133.
20.66000, 130.
20.67000, 136.
20.68000, 130.
20.69000, 134.
20.70000, 140.
20.71000, 123.
20.72000, 142.
20.73000, 148.
20.74000, 161.
20.75000, 125.
20.76000, 125.
20.77000, 132.
20.78000, 151.
20.79000, 147.
20.80000, 144.
20.81000, 137.
20.82000, 150.
20.83000, 165.
20.84000, 167.
20.85000, 144.
20.86000, 158.
20.87000, 162.
20.88000, 144.
20.89000, 161.
20.90000, 170.
20.91000, 167.
20.92000, 156.
20.93000, 147.
20.94000, 166.
20.95000, 171.
20.96000, 197.
20.97000, 161.
20.98000, 155.
20.99000, 212.
21.00000, 164.
21.01000, 165.
21.02000, 184.
21.03000, 182.
21.04000, 170.
21.05000, 177.
21.06000, 172.
21.07000, 195.
21.08000, 146.
21.09000, 141.
21.10000, 161.
21.11000, 171.
21.12000, 163.
21.13000, 183.
21.14000, 185.
21.15000, 166.
21.16000, 160.
21.17000, 156.
21.18000, 146.
21.19000, 150.
21.20000, 189.
21.21000, 162.
21.22000, 167.
21.23000, 147.
21.24000, 145.
21.25000, 128.
21.26000, 151.
21.27000, 141.
21.28000, 125.
21.29000, 138.
21.30000, 144.
21.31000, 135.
21.32000, 149.
21.33000, 130.
21.34000, 146.
21.35000, 139.
21.36000, 138.
21.37000, 148.
21.38000, 123.
21.39000, 136.
21.40000, 150.
21.41000, 141.
21.42000, 126.
21.43000, 117.
21.44000, 120.
21.45000, 119.
21.46000, 117.
21.47000, 133.
21.48000, 135.
21.49000, 131.
21.50000, 112.
21.51000, 115.
21.52000, 114.
21.53000, 111.
21.54000, 112.
21.55000, 114.
21.56000, 120.
21.57000, 114.
21.58000, 127.
21.59000, 100.
21.60000, 124.
21.61000, 104.
21.62000, 116.
21.63000, 84.
21.64000, 74.
21.65000, 92.
21.66000, 121.
21.67000, 74.
21.68000, 99.
21.69000, 85.
21.70000, 99.
21.71000, 93.
21.72000, 97.
21.73000, 89.
21.74000, 97.
21.75000, 94.
21.76000, 95.
21.77000, 75.
21.78000, 106.
21.79000, 89.
21.80000, 85.
21.81000, 82.
21.82000, 77.
21.83000, 87.
21.84000, 89.
21.85000, 96.
21.86000, 83.
21.87000, 91.
21.88000, 86.
21.89000, 75.
21.90000, 92.
21.91000, 61.
21.92000, 66.
21.93000, 90.
21.94000, 86.
21.95000, 101.
21.96000, 84.
21.97000, 84.
21.98000, 71.
21.99000, 78.
22.00000, 75.
22.01000, 76.
22.02000, 88.
22.03000, 69.
22.04000, 85.
22.05000, 104.
22.06000, 74.
22.07000, 82.
22.08000, 80.
22.09000, 79.
22.10000, 86.
22.11000, 75.
22.12000, 81.
22.13000, 94.
22.14000, 70.
22.15000, 92.
22.16000, 66.
22.17000, 67.
22.18000, 69.
22.19000, 79.
22.20000, 84.
22.21000, 81.
22.22000, 84.
22.23000, 75.
22.24000, 80.
22.25000, 71.
22.26000, 83.
22.27000, 77.
22.28000, 82.
22.29000, 84.
22.30000, 71.
22.31000, 82.
22.32000, 67.
22.33000, 74.
22.34000, 71.
22.35000, 84.
22.36000, 81.
22.37000, 70.
22.38000, 79.
22.39000, 79.
22.40000, 90.
22.41000, 72.
22.42000, 80.
22.43000, 78.
22.44000, 84.
22.45000, 92.
22.46000, 97.
22.47000, 81.
22.48000, 109.
22.49000, 96.
22.50000, 110.
22.51000, 111.
22.52000, 128.
22.53000, 123.
22.54000, 118.
22.55000, 144.
22.56000, 152.
22.57000, 153.
22.58000, 166.
22.59000, 172.
22.60000, 154.
22.61000, 196.
22.62000, 194.
22.63000, 194.
22.64000, 180.
22.65000, 163.
22.66000, 193.
22.67000, 192.
22.68000, 217.
22.69000, 211.
22.70000, 185.
22.71000, 203.
22.72000, 185.
22.73000, 190.
22.74000, 135.
22.75000, 175.
22.76000, 161.
22.77000, 175.
22.78000, 145.
22.79000, 140.
22.80000, 149.
22.81000, 117.
22.82000, 108.
22.83000, 144.
22.84000, 97.
22.85000, 88.
22.86000, 90.
22.87000, 110.
22.88000, 96.
22.89000, 87.
22.90000, 78.
22.91000, 90.
22.92000, 76.
22.93000, 95.
22.94000, 68.
22.95000, 76.
22.96000, 69.
22.97000, 76.
22.98000, 70.
22.99000, 70.
23.00000, 76.
23.01000, 71.
23.02000, 86.
23.03000, 71.
23.04000, 85.
23.05000, 78.
23.06000, 72.
23.07000, 77.
23.08000, 90.
23.09000, 75.
23.10000, 95.
23.11000, 95.
23.12000, 82.
23.13000, 86.
23.14000, 77.
23.15000, 89.
23.16000, 68.
23.17000, 68.
23.18000, 82.
23.19000, 73.
23.20000, 77.
23.21000, 56.
23.22000, 89.
23.23000, 63.
23.24000, 59.
23.25000, 64.
23.26000, 72.
23.27000, 59.
23.28000, 63.
23.29000, 52.
23.30000, 55.
23.31000, 61.
23.32000, 71.
23.33000, 70.
23.34000, 57.
23.35000, 66.
23.36000, 59.
23.37000, 58.
23.38000, 62.
23.39000, 71.
23.40000, 55.
23.41000, 58.
23.42000, 49.
23.43000, 62.
23.44000, 50.
23.45000, 65.
23.46000, 57.
23.47000, 58.
23.48000, 61.
23.49000, 58.
23.50000, 52.
23.51000, 55.
23.52000, 56.
23.53000, 55.
23.54000, 51.
23.55000, 59.
23.56000, 52.
23.57000, 57.
23.58000, 65.
23.59000, 63.
23.60000, 55.
23.61000, 54.
23.62000, 69.
23.63000, 60.
23.64000, 53.
23.65000, 67.
23.66000, 53.
23.67000, 64.
23.68000, 46.
23.69000, 58.
23.70000, 50.
23.71000, 71.
23.72000, 49.
23.73000, 59.
23.74000, 52.
23.75000, 36.
23.76000, 57.
23.77000, 60.
23.78000, 53.
23.79000, 50.
23.80000, 49.
23.81000, 56.
23.82000, 61.
23.83000, 51.
23.84000, 56.
23.85000, 72.
23.86000, 66.
23.87000, 53.
23.88000, 41.
23.89000, 58.
23.90000, 57.
23.91000, 53.
23.92000, 49.
23.93000, 52.
23.94000, 50.
23.95000, 50.
23.96000, 49.
23.97000, 55.
23.98000, 56.
23.99000, 52.
24.00000, 42.
24.01000, 66.
24.02000, 58.
24.03000, 67.
24.04000, 53.
24.05000, 54.
24.06000, 60.
24.07000, 59.
24.08000, 47.
24.09000, 65.
24.10000, 56.
24.11000, 65.
24.12000, 57.
24.13000, 49.
24.14000, 51.
24.15000, 64.
24.16000, 51.
24.17000, 68.
24.18000, 66.
24.19000, 56.
24.20000, 57.
24.21000, 64.
24.22000, 61.
24.23000, 49.
24.24000, 54.
24.25000, 45.
24.26000, 56.
24.27000, 49.
24.28000, 46.
24.29000, 46.
24.30000, 43.
24.31000, 35.
24.32000, 49.
24.33000, 49.
24.34000, 49.
24.35000, 60.
24.36000, 42.
24.37000, 53.
24.38000, 52.
24.39000, 46.
24.40000, 52.
24.41000, 48.
24.42000, 51.
24.43000, 54.
24.44000, 61.
24.45000, 38.
24.46000, 61.
24.47000, 45.
24.48000, 48.
24.49000, 55.
24.50000, 46.
24.51000, 56.
24.52000, 58.
24.53000, 42.
24.54000, 51.
24.55000, 48.
24.56000, 59.
24.57000, 64.
24.58000, 56.
24.59000, 61.
24.60000, 70.
24.61000, 41.
24.62000, 47.
24.63000, 56.
24.64000, 51.
24.65000, 55.
24.66000, 54.
24.67000, 67.
24.68000, 41.
24.69000, 47.
24.70000, 57.
24.71000, 64.
24.72000, 47.
24.73000, 51.
24.74000, 40.
24.75000, 53.
24.76000, 54.
24.77000, 50.
24.78000, 57.
24.79000, 49.
24.80000, 60.
24.81000, 51.
24.82000, 50.
24.83000, 48.
24.84000, 56.
24.85000, 58.
24.86000, 52.
24.87000, 60.
24.88000, 59.
24.89000, 54.
24.90000, 48.
24.91000, 68.
24.92000, 61.
24.93000, 56.
24.94000, 44.
24.95000, 53.
24.96000, 70.
24.97000, 66.
24.98000, 77.
24.99000, 65.
25.00000, 65.
25.01000, 59.
25.02000, 80.
25.03000, 75.
25.04000, 71.
25.05000, 56.
25.06000, 67.
25.07000, 57.
25.08000, 63.
25.09000, 65.
25.10000, 62.
25.11000, 62.
25.12000, 67.
25.13000, 80.
25.14000, 77.
25.15000, 63.
25.16000, 68.
25.17000, 57.
25.18000, 70.
25.19000, 74.
25.20000, 66.
25.21000, 81.
25.22000, 65.
25.23000, 79.
25.24000, 74.
25.25000, 84.
25.26000, 65.
25.27000, 68.
25.28000, 75.
25.29000, 58.
25.30000, 68.
25.31000, 58.
25.32000, 62.
25.33000, 47.
25.34000, 59.
25.35000, 59.
25.36000, 56.
25.37000, 56.
25.38000, 62.
25.39000, 63.
25.40000, 63.
25.41000, 50.
25.42000, 46.
25.43000, 54.
25.44000, 41.
25.45000, 60.
25.46000, 56.
25.47000, 49.
25.48000, 45.
25.49000, 47.
25.50000, 54.
25.51000, 42.
25.52000, 62.
25.53000, 45.
25.54000, 45.
25.55000, 36.
25.56000, 54.
25.57000, 45.
25.58000, 54.
25.59000, 57.
25.60000, 48.
25.61000, 40.
25.62000, 44.
25.63000, 43.
25.64000, 48.
25.65000, 45.
25.66000, 55.
25.67000, 39.
25.68000, 50.
25.69000, 55.
25.70000, 36.
25.71000, 49.
25.72000, 48.
25.73000, 43.
25.74000, 46.
25.75000, 41.
25.76000, 48.
25.77000, 48.
25.78000, 38.
25.79000, 42.
25.80000, 47.
25.81000, 39.
25.82000, 49.
25.83000, 49.
25.84000, 48.
25.85000, 56.
25.86000, 46.
25.87000, 44.
25.88000, 45.
25.89000, 45.
25.90000, 42.
25.91000, 36.
25.92000, 47.
25.93000, 47.
25.94000, 27.
25.95000, 50.
25.96000, 41.
25.97000, 51.
25.98000, 40.
25.99000, 46.
26.00000, 44.
26.01000, 49.
26.02000, 39.
26.03000, 49.
26.04000, 53.
26.05000, 38.
26.06000, 50.
26.07000, 48.
26.08000, 45.
26.09000, 47.
26.10000, 39.
26.11000, 47.
26.12000, 52.
26.13000, 48.
26.14000, 60.
26.15000, 58.
26.16000, 49.
26.17000, 51.
26.18000, 41.
26.19000, 50.
26.20000, 48.
26.21000, 51.
26.22000, 52.
26.23000, 55.
26.24000, 44.
26.25000, 52.
26.26000, 40.
26.27000, 54.
26.28000, 43.
26.29000, 42.
26.30000, 58.
26.31000, 62.
26.32000, 65.
26.33000, 44.
26.34000, 45.
26.35000, 51.
26.36000, 49.
26.37000, 46.
26.38000, 38.
26.39000, 59.
26.40000, 55.
26.41000, 49.
26.42000, 47.
26.43000, 47.
26.44000, 50.
26.45000, 51.
26.46000, 47.
26.47000, 43.
26.48000, 49.
26.49000, 44.
26.50000, 49.
26.51000, 42.
26.52000, 50.
26.53000, 43.
26.54000, 46.
26.55000, 55.
26.56000, 43.
26.57000, 42.
26.58000, 48.
26.59000, 47.
26.60000, 32.
26.61000, 41.
26.62000, 54.
26.63000, 43.
26.64000, 42.
26.65000, 62.
26.66000, 36.
26.67000, 46.
26.68000, 61.
26.69000, 36.
26.70000, 46.
26.71000, 41.
26.72000, 37.
26.73000, 43.
26.74000, 54.
26.75000, 38.
26.76000, 40.
26.77000, 44.
26.78000, 43.
26.79000, 38.
26.80000, 29.
26.81000, 51.
26.82000, 53.
26.83000, 44.
26.84000, 35.
26.85000, 46.
26.86000, 44.
26.87000, 57.
26.88000, 46.
26.89000, 40.
26.90000, 44.
26.91000, 35.
26.92000, 43.
26.93000, 48.
26.94000, 31.
26.95000, 35.
26.96000, 37.
26.97000, 39.
26.98000, 48.
26.99000, 46.
27.00000, 39.
27.01000, 45.
27.02000, 46.
27.03000, 30.
27.04000, 47.
27.05000, 40.
27.06000, 27.
27.07000, 48.
27.08000, 33.
27.09000, 37.
27.10000, 43.
27.11000, 46.
27.12000, 45.
27.13000, 53.
27.14000, 52.
27.15000, 51.
27.16000, 50.
27.17000, 47.
27.18000, 40.
27.19000, 49.
27.20000, 42.
27.21000, 51.
27.22000, 46.
27.23000, 35.
27.24000, 59.
27.25000, 52.
27.26000, 44.
27.27000, 48.
27.28000, 43.
27.29000, 43.
27.30000, 51.
27.31000, 40.
27.32000, 44.
27.33000, 47.
27.34000, 52.
27.35000, 42.
27.36000, 40.
27.37000, 26.
27.38000, 55.
27.39000, 53.
27.40000, 39.
27.41000, 40.
27.42000, 39.
27.43000, 55.
27.44000, 51.
27.45000, 43.
27.46000, 41.
27.47000, 41.
27.48000, 36.
27.49000, 52.
27.50000, 44.
27.51000, 43.
27.52000, 55.
27.53000, 34.
27.54000, 31.
27.55000, 36.
27.56000, 44.
27.57000, 47.
27.58000, 45.
27.59000, 44.
27.60000, 41.
27.61000, 46.
27.62000, 39.
27.63000, 34.
27.64000, 36.
27.65000, 39.
27.66000, 33.
27.67000, 29.
27.68000, 39.
27.69000, 40.
27.70000, 32.
27.71000, 37.
27.72000, 36.
27.73000, 46.
27.74000, 39.
27.75000, 43.
27.76000, 48.
27.77000, 35.
27.78000, 47.
27.79000, 42.
27.80000, 43.
27.81000, 48.
27.82000, 45.
27.83000, 37.
27.84000, 33.
27.85000, 46.
27.86000, 33.
27.87000, 51.
27.88000, 37.
27.89000, 42.
27.90000, 41.
27.91000, 35.
27.92000, 40.
27.93000, 38.
27.94000, 47.
27.95000, 47.
27.96000, 40.
27.97000, 34.
27.98000, 44.
27.99000, 51.
28.00000, 36.
28.01000, 23.
28.02000, 44.
28.03000, 41.
28.04000, 47.
28.05000, 41.
28.06000, 35.
28.07000, 47.
28.08000, 46.
28.09000, 56.
28.10000, 51.
28.11000, 53.
28.12000, 51.
28.13000, 47.
28.14000, 60.
28.15000, 53.
28.16000, 53.
28.17000, 60.
28.18000, 59.
28.19000, 61.
28.20000, 57.
28.21000, 62.
28.22000, 59.
28.23000, 65.
28.24000, 49.
28.25000, 80.
28.26000, 60.
28.27000, 65.
28.28000, 43.
28.29000, 63.
28.30000, 61.
28.31000, 68.
28.32000, 62.
28.33000, 60.
28.34000, 52.
28.35000, 66.
28.36000, 58.
28.37000, 45.
28.38000, 55.
28.39000, 43.
28.40000, 62.
28.41000, 45.
28.42000, 60.
28.43000, 59.
28.44000, 50.
28.45000, 42.
28.46000, 50.
28.47000, 51.
28.48000, 54.
28.49000, 55.
28.50000, 47.
28.51000, 36.
28.52000, 50.
28.53000, 37.
28.54000, 46.
28.55000, 41.
28.56000, 47.
28.57000, 51.
28.58000, 41.
28.59000, 43.
28.60000, 41.
28.61000, 50.
28.62000, 41.
28.63000, 42.
28.64000, 38.
28.65000, 59.
28.66000, 35.
28.67000, 44.
28.68000, 51.
28.69000, 48.
28.70000, 40.
28.71000, 36.
28.72000, 38.
28.73000, 54.
28.74000, 43.
28.75000, 42.
28.76000, 43.
28.77000, 42.
28.78000, 41.
28.79000, 36.
28.80000, 38.
28.81000, 44.
28.82000, 41.
28.83000, 38.
28.84000, 42.
28.85000, 41.
28.86000, 42.
28.87000, 47.
28.88000, 53.
28.89000, 34.
28.90000, 41.
28.91000, 35.
28.92000, 41.
28.93000, 48.
28.94000, 39.
28.95000, 38.
28.96000, 46.
28.97000, 41.
28.98000, 44.
28.99000, 34.
29.00000, 52.
29.01000, 45.
29.02000, 45.
29.03000, 38.
29.04000, 39.
29.05000, 40.
29.06000, 41.
29.07000, 54.
29.08000, 39.
29.09000, 40.
29.10000, 39.
29.11000, 60.
29.12000, 50.
29.13000, 42.
29.14000, 41.
29.15000, 36.
29.16000, 50.
29.17000, 38.
29.18000, 31.
29.19000, 39.
29.20000, 40.
29.21000, 36.
29.22000, 51.
29.23000, 45.
29.24000, 41.
29.25000, 44.
29.26000, 36.
29.27000, 43.
29.28000, 40.
29.29000, 38.
29.30000, 44.
29.31000, 38.
29.32000, 40.
29.33000, 38.
29.34000, 37.
29.35000, 31.
29.36000, 34.
29.37000, 34.
29.38000, 28.
29.39000, 44.
29.40000, 36.
29.41000, 28.
29.42000, 35.
29.43000, 37.
29.44000, 37.
29.45000, 39.
29.46000, 42.
29.47000, 34.
29.48000, 36.
29.49000, 39.
29.50000, 33.
29.51000, 26.
29.52000, 43.
29.53000, 40.
29.54000, 31.
29.55000, 23.
29.56000, 44.
29.57000, 39.
29.58000, 37.
29.59000, 42.
29.60000, 46.
29.61000, 44.
29.62000, 39.
29.63000, 36.
29.64000, 40.
29.65000, 40.
29.66000, 36.
29.67000, 46.
29.68000, 42.
29.69000, 32.
29.70000, 30.
29.71000, 43.
29.72000, 42.
29.73000, 42.
29.74000, 44.
29.75000, 44.
29.76000, 46.
29.77000, 41.
29.78000, 45.
29.79000, 46.
29.80000, 40.
29.81000, 37.
29.82000, 43.
29.83000, 46.
29.84000, 42.
29.85000, 46.
29.86000, 51.
29.87000, 54.
29.88000, 47.
29.89000, 41.
29.90000, 46.
29.91000, 53.
29.92000, 35.
29.93000, 46.
29.94000, 34.
29.95000, 38.
29.96000, 47.
29.97000, 45.
29.98000, 36.
29.99000, 50.
30.00000, 49.
30.01000, 34.
30.02000, 35.
30.03000, 55.
30.04000, 49.
30.05000, 53.
30.06000, 40.
30.07000, 36.
30.08000, 44.
30.09000, 45.
30.10000, 36.
30.11000, 42.
30.12000, 44.
30.13000, 35.
30.14000, 46.
30.15000, 30.
30.16000, 36.
30.17000, 39.
30.18000, 41.
30.19000, 48.
30.20000, 45.
30.21000, 35.
30.22000, 32.
30.23000, 35.
30.24000, 45.
30.25000, 31.
30.26000, 33.
30.27000, 38.
30.28000, 35.
30.29000, 48.
30.30000, 36.
30.31000, 36.
30.32000, 33.
30.33000, 27.
30.34000, 29.
30.35000, 37.
30.36000, 33.
30.37000, 33.
30.38000, 36.
30.39000, 44.
30.40000, 35.
30.41000, 33.
30.42000, 36.
30.43000, 37.
30.44000, 32.
30.45000, 36.
30.46000, 22.
30.47000, 35.
30.48000, 35.
30.49000, 49.
30.50000, 47.
30.51000, 30.
30.52000, 29.
30.53000, 25.
30.54000, 24.
30.55000, 50.
30.56000, 43.
30.57000, 28.
30.58000, 34.
30.59000, 34.
30.60000, 36.
30.61000, 37.
30.62000, 41.
30.63000, 43.
30.64000, 42.
30.65000, 37.
30.66000, 36.
30.67000, 40.
30.68000, 36.
30.69000, 42.
30.70000, 36.
30.71000, 31.
30.72000, 35.
30.73000, 27.
30.74000, 37.
30.75000, 35.
30.76000, 36.
30.77000, 34.
30.78000, 44.
30.79000, 35.
30.80000, 39.
30.81000, 39.
30.82000, 36.
30.83000, 43.
30.84000, 22.
30.85000, 28.
30.86000, 50.
30.87000, 57.
30.88000, 34.
30.89000, 32.
30.90000, 34.
30.91000, 40.
30.92000, 32.
30.93000, 38.
30.94000, 25.
30.95000, 35.
30.96000, 37.
30.97000, 42.
30.98000, 35.
30.99000, 42.
31.00000, 29.
31.01000, 34.
31.02000, 27.
31.03000, 37.
31.04000, 33.
31.05000, 31.
31.06000, 42.
31.07000, 38.
31.08000, 40.
31.09000, 38.
31.10000, 33.
31.11000, 30.
31.12000, 40.
31.13000, 30.
31.14000, 27.
31.15000, 32.
31.16000, 43.
31.17000, 36.
31.18000, 44.
31.19000, 36.
31.20000, 40.
31.21000, 28.
31.22000, 34.
31.23000, 28.
31.24000, 33.
31.25000, 39.
31.26000, 29.
31.27000, 26.
31.28000, 46.
31.29000, 45.
31.30000, 41.
31.31000, 30.
31.32000, 34.
31.33000, 31.
31.34000, 40.
31.35000, 38.
31.36000, 47.
31.37000, 36.
31.38000, 42.
31.39000, 41.
31.40000, 43.
31.41000, 41.
31.42000, 47.
31.43000, 57.
31.44000, 60.
31.45000, 40.
31.46000, 66.
31.47000, 65.
31.48000, 77.
31.49000, 94.
31.50000, 91.
31.51000, 102.
31.52000, 131.
31.53000, 123.
31.54000, 137.
31.55000, 183.
31.56000, 188.
31.57000, 198.
31.58000, 197.
31.59000, 235.
31.60000, 262.
31.61000, 245.
31.62000, 288.
31.63000, 323.
31.64000, 312.
31.65000, 365.
31.66000, 413.
31.67000, 428.
31.68000, 467.
31.69000, 429.
31.70000, 487.
31.71000, 459.
31.72000, 484.
31.73000, 506.
31.74000, 508.
31.75000, 456.
31.76000, 547.
31.77000, 528.
31.78000, 459.
31.79000, 479.
31.80000, 491.
31.81000, 472.
31.82000, 508.
31.83000, 518.
31.84000, 479.
31.85000, 415.
31.86000, 468.
31.87000, 407.
31.88000, 414.
31.89000, 407.
31.90000, 400.
31.91000, 414.
31.92000, 410.
31.93000, 445.
31.94000, 441.
31.95000, 471.
31.96000, 469.
31.97000, 523.
31.98000, 489.
31.99000, 605.
32.00000, 609.
32.01000, 581.
32.02000, 639.
32.03000, 660.
32.04000, 692.
32.05000, 742.
32.06000, 800.
32.07000, 822.
32.08000, 783.
32.09000, 818.
32.10000, 874.
32.11000, 900.
32.12000, 870.
32.13000, 894.
32.14000, 860.
32.15000, 880.
32.16000, 874.
32.17000, 812.
32.18000, 810.
32.19000, 754.
32.20000, 746.
32.21000, 709.
32.22000, 702.
32.23000, 615.
32.24000, 586.
32.25000, 549.
32.26000, 519.
32.27000, 467.
32.28000, 439.
32.29000, 409.
32.30000, 352.
32.31000, 347.
32.32000, 272.
32.33000, 257.
32.34000, 240.
32.35000, 195.
32.36000, 161.
32.37000, 174.
32.38000, 153.
32.39000, 148.
32.40000, 114.
32.41000, 95.
32.42000, 73.
32.43000, 78.
32.44000, 79.
32.45000, 53.
32.46000, 55.
32.47000, 46.
32.48000, 54.
32.49000, 38.
32.50000, 50.
32.51000, 30.
32.52000, 36.
32.53000, 29.
32.54000, 35.
32.55000, 38.
32.56000, 30.
32.57000, 30.
32.58000, 21.
32.59000, 21.
32.60000, 24.
32.61000, 26.
32.62000, 43.
32.63000, 37.
32.64000, 24.
32.65000, 38.
32.66000, 34.
32.67000, 36.
32.68000, 32.
32.69000, 32.
32.70000, 33.
32.71000, 29.
32.72000, 34.
32.73000, 36.
32.74000, 35.
32.75000, 33.
32.76000, 38.
32.77000, 39.
32.78000, 42.
32.79000, 53.
32.80000, 37.
32.81000, 47.
32.82000, 47.
32.83000, 57.
32.84000, 49.
32.85000, 53.
32.86000, 45.
32.87000, 63.
32.88000, 66.
32.89000, 51.
32.90000, 67.
32.91000, 53.
32.92000, 61.
32.93000, 70.
32.94000, 66.
32.95000, 78.
32.96000, 53.
32.97000, 89.
32.98000, 49.
32.99000, 67.
33.00000, 65.
33.01000, 68.
33.02000, 70.
33.03000, 51.
33.04000, 59.
33.05000, 52.
33.06000, 58.
33.07000, 60.
33.08000, 42.
33.09000, 66.
33.10000, 57.
33.11000, 52.
33.12000, 66.
33.13000, 59.
33.14000, 52.
33.15000, 53.
33.16000, 61.
33.17000, 59.
33.18000, 53.
33.19000, 60.
33.20000, 77.
33.21000, 70.
33.22000, 53.
33.23000, 68.
33.24000, 77.
33.25000, 61.
33.26000, 75.
33.27000, 71.
33.28000, 80.
33.29000, 85.
33.30000, 81.
33.31000, 81.
33.32000, 91.
33.33000, 73.
33.34000, 73.
33.35000, 104.
33.36000, 80.
33.37000, 96.
33.38000, 92.
33.39000, 84.
33.40000, 112.
33.41000, 109.
33.42000, 98.
33.43000, 92.
33.44000, 73.
33.45000, 92.
33.46000, 85.
33.47000, 52.
33.48000, 64.
33.49000, 63.
33.50000, 71.
33.51000, 76.
33.52000, 64.
33.53000, 69.
33.54000, 42.
33.55000, 47.
33.56000, 54.
33.57000, 41.
33.58000, 38.
33.59000, 42.
33.60000, 33.
33.61000, 41.
33.62000, 34.
33.63000, 41.
33.64000, 22.
33.65000, 33.
33.66000, 30.
33.67000, 16.
33.68000, 14.
33.69000, 28.
33.70000, 26.
33.71000, 14.
33.72000, 20.
33.73000, 13.
33.74000, 23.
33.75000, 15.
33.76000, 15.
33.77000, 21.
33.78000, 19.
33.79000, 17.
33.80000, 19.
33.81000, 20.
33.82000, 17.
33.83000, 19.
33.84000, 9.
33.85000, 16.
33.86000, 19.
33.87000, 21.
33.88000, 16.
33.89000, 19.
33.90000, 18.
33.91000, 22.
33.92000, 21.
33.93000, 25.
33.94000, 23.
33.95000, 29.
33.96000, 23.
33.97000, 24.
33.98000, 25.
33.99000, 37.
34.00000, 28.
34.01000, 23.
34.02000, 40.
34.03000, 34.
34.04000, 32.
34.05000, 40.
34.06000, 40.
34.07000, 43.
34.08000, 34.
34.09000, 51.
34.10000, 48.
34.11000, 48.
34.12000, 51.
34.13000, 47.
34.14000, 54.
34.15000, 55.
34.16000, 64.
34.17000, 56.
34.18000, 57.
34.19000, 59.
34.20000, 51.
34.21000, 53.
34.22000, 63.
34.23000, 64.
34.24000, 61.
34.25000, 66.
34.26000, 72.
34.27000, 48.
34.28000, 50.
34.29000, 53.
34.30000, 58.
34.31000, 57.
34.32000, 50.
34.33000, 49.
34.34000, 51.
34.35000, 40.
34.36000, 57.
34.37000, 48.
34.38000, 45.
34.39000, 46.
34.40000, 51.
34.41000, 37.
34.42000, 48.
34.43000, 39.
34.44000, 47.
34.45000, 51.
34.46000, 50.
34.47000, 64.
34.48000, 46.
34.49000, 62.
34.50000, 56.
34.51000, 66.
34.52000, 53.
34.53000, 55.
34.54000, 59.
34.55000, 70.
34.56000, 81.
34.57000, 84.
34.58000, 79.
34.59000, 96.
34.60000, 81.
34.61000, 80.
34.62000, 89.
34.63000, 80.
34.64000, 97.
34.65000, 81.
34.66000, 84.
34.67000, 79.
34.68000, 89.
34.69000, 99.
34.70000, 96.
34.71000, 77.
34.72000, 78.
34.73000, 95.
34.74000, 81.
34.75000, 74.
34.76000, 64.
34.77000, 72.
34.78000, 54.
34.79000, 66.
34.80000, 52.
34.81000, 42.
34.82000, 47.
34.83000, 42.
34.84000, 34.
34.85000, 32.
34.86000, 34.
34.87000, 33.
34.88000, 35.
34.89000, 24.
34.90000, 21.
34.91000, 31.
34.92000, 32.
34.93000, 19.
34.94000, 22.
34.95000, 16.
34.96000, 16.
34.97000, 14.
34.98000, 16.
34.99000, 17.
35.00000, 21.
35.01000, 24.
35.02000, 12.
35.03000, 16.
35.04000, 20.
35.05000, 12.
35.06000, 10.
35.07000, 15.
35.08000, 9.
35.09000, 17.
35.10000, 15.
35.11000, 18.
35.12000, 14.
35.13000, 9.
35.14000, 12.
35.15000, 9.
35.16000, 21.
35.17000, 19.
35.18000, 6.
35.19000, 14.
35.20000, 12.
35.21000, 11.
35.22000, 12.
35.23000, 10.
35.24000, 14.
35.25000, 13.
35.26000, 16.
35.27000, 12.
35.28000, 11.
35.29000, 18.
35.30000, 13.
35.31000, 14.
35.32000, 14.
35.33000, 16.
35.34000, 12.
35.35000, 24.
35.36000, 17.
35.37000, 16.
35.38000, 19.
35.39000, 21.
35.40000, 20.
35.41000, 20.
35.42000, 14.
35.43000, 21.
35.44000, 23.
35.45000, 19.
35.46000, 20.
35.47000, 17.
35.48000, 18.
35.49000, 19.
35.50000, 18.
35.51000, 22.
35.52000, 17.
35.53000, 17.
35.54000, 16.
35.55000, 21.
35.56000, 18.
35.57000, 17.
35.58000, 12.
35.59000, 10.
35.60000, 18.
35.61000, 17.
35.62000, 23.
35.63000, 17.
35.64000, 14.
35.65000, 14.
35.66000, 21.
35.67000, 22.
35.68000, 21.
35.69000, 26.
35.70000, 18.
35.71000, 17.
35.72000, 20.
35.73000, 19.
35.74000, 10.
35.75000, 22.
35.76000, 19.
35.77000, 15.
35.78000, 23.
35.79000, 22.
35.80000, 31.
35.81000, 20.
35.82000, 29.
35.83000, 26.
35.84000, 21.
35.85000, 31.
35.86000, 20.
35.87000, 19.
35.88000, 27.
35.89000, 16.
35.90000, 24.
35.91000, 39.
35.92000, 30.
35.93000, 46.
35.94000, 24.
35.95000, 37.
35.96000, 24.
35.97000, 38.
35.98000, 33.
35.99000, 40.
36.00000, 43.
36.01000, 32.
36.02000, 46.
36.03000, 49.
36.04000, 44.
36.05000, 46.
36.06000, 70.
36.07000, 61.
36.08000, 73.
36.09000, 95.
36.10000, 87.
36.11000, 99.
36.12000, 95.
36.13000, 105.
36.14000, 139.
36.15000, 133.
36.16000, 134.
36.17000, 166.
36.18000, 132.
36.19000, 129.
36.20000, 162.
36.21000, 147.
36.22000, 160.
36.23000, 199.
36.24000, 193.
36.25000, 201.
36.26000, 170.
36.27000, 188.
36.28000, 174.
36.29000, 185.
36.30000, 184.
36.31000, 190.
36.32000, 167.
36.33000, 179.
36.34000, 156.
36.35000, 143.
36.36000, 175.
36.37000, 159.
36.38000, 146.
36.39000, 133.
36.40000, 115.
36.41000, 128.
36.42000, 107.
36.43000, 101.
36.44000, 93.
36.45000, 82.
36.46000, 93.
36.47000, 76.
36.48000, 65.
36.49000, 64.
36.50000, 62.
36.51000, 56.
36.52000, 65.
36.53000, 36.
36.54000, 35.
36.55000, 39.
36.56000, 28.
36.57000, 38.
36.58000, 25.
36.59000, 27.
36.60000, 33.
36.61000, 21.
36.62000, 9.
36.63000, 21.
36.64000, 25.
36.65000, 25.
36.66000, 18.
36.67000, 19.
36.68000, 23.
36.69000, 15.
36.70000, 18.
36.71000, 29.
36.72000, 20.
36.73000, 18.
36.74000, 16.
36.75000, 17.
36.76000, 14.
36.77000, 17.
36.78000, 14.
36.79000, 21.
36.80000, 18.
36.81000, 21.
36.82000, 16.
36.83000, 19.
36.84000, 13.
36.85000, 19.
36.86000, 23.
36.87000, 17.
36.88000, 18.
36.89000, 13.
36.90000, 10.
36.91000, 12.
36.92000, 17.
36.93000, 21.
36.94000, 16.
36.95000, 16.
36.96000, 19.
36.97000, 25.
36.98000, 32.
36.99000, 24.
37.00000, 29.
37.01000, 42.
37.02000, 39.
37.03000, 27.
37.04000, 36.
37.05000, 27.
37.06000, 32.
37.07000, 41.
37.08000, 43.
37.09000, 36.
37.10000, 54.
37.11000, 42.
37.12000, 57.
37.13000, 56.
37.14000, 57.
37.15000, 53.
37.16000, 55.
37.17000, 42.
37.18000, 53.
37.19000, 65.
37.20000, 54.
37.21000, 54.
37.22000, 49.
37.23000, 50.
37.24000, 49.
37.25000, 52.
37.26000, 63.
37.27000, 45.
37.28000, 49.
37.29000, 53.
37.30000, 44.
37.31000, 43.
37.32000, 35.
37.33000, 32.
37.34000, 26.
37.35000, 39.
37.36000, 39.
37.37000, 41.
37.38000, 24.
37.39000, 25.
37.40000, 30.
37.41000, 26.
37.42000, 22.
37.43000, 11.
37.44000, 23.
37.45000, 24.
37.46000, 17.
37.47000, 17.
37.48000, 14.
37.49000, 12.
37.50000, 16.
37.51000, 11.
37.52000, 17.
37.53000, 16.
37.54000, 12.
37.55000, 25.
37.56000, 18.
37.57000, 13.
37.58000, 14.
37.59000, 16.
37.60000, 15.
37.61000, 13.
37.62000, 23.
37.63000, 19.
37.64000, 13.
37.65000, 18.
37.66000, 23.
37.67000, 17.
37.68000, 14.
37.69000, 15.
37.70000, 20.
37.71000, 14.
37.72000, 26.
37.73000, 20.
37.74000, 15.
37.75000, 16.
37.76000, 17.
37.77000, 17.
37.78000, 18.
37.79000, 20.
37.80000, 9.
37.81000, 14.
37.82000, 13.
37.83000, 12.
37.84000, 8.
37.85000, 11.
37.86000, 8.
37.87000, 12.
37.88000, 9.
37.89000, 13.
37.90000, 10.
37.91000, 8.
37.92000, 12.
37.93000, 6.
37.94000, 3.
37.95000, 3.
37.96000, 8.
37.97000, 7.
37.98000, 5.
37.99000, 10.
38.00000, 7.
38.01000, 8.
38.02000, 7.
38.03000, 3.
38.04000, 6.
38.05000, 6.
38.06000, 3.
38.07000, 6.
38.08000, 3.
38.09000, 8.
38.10000, 6.
38.11000, 2.
38.12000, 8.
38.13000, 8.
38.14000, 7.
38.15000, 6.
38.16000, 3.
38.17000, 4.
38.18000, 3.
38.19000, 3.
38.20000, 8.
38.21000, 2.
38.22000, 6.
38.23000, 7.
38.24000, 3.
38.25000, 6.
38.26000, 2.
38.27000, 3.
38.28000, 4.
38.29000, 3.
38.30000, 2.
38.31000, 7.
38.32000, 3.
38.33000, 4.
38.34000, 5.
38.35000, 9.
38.36000, 0.
38.37000, 5.
38.38000, 7.
38.39000, 9.
38.40000, 7.
38.41000, 7.
38.42000, 7.
38.43000, 3.
38.44000, 5.
38.45000, 4.
38.46000, 4.
38.47000, 8.
38.48000, 7.
38.49000, 8.
38.50000, 12.
38.51000, 6.
38.52000, 4.
38.53000, 5.
38.54000, 2.
38.55000, 7.
38.56000, 9.
38.57000, 11.
38.58000, 4.
38.59000, 7.
38.60000, 8.
38.61000, 4.
38.62000, 10.
38.63000, 8.
38.64000, 3.
38.65000, 9.
38.66000, 9.
38.67000, 8.
38.68000, 9.
38.69000, 7.
38.70000, 7.
38.71000, 11.
38.72000, 11.
38.73000, 3.
38.74000, 8.
38.75000, 5.
38.76000, 9.
38.77000, 7.
38.78000, 4.
38.79000, 10.
38.80000, 13.
38.81000, 7.
38.82000, 5.
38.83000, 1.
38.84000, 5.
38.85000, 6.
38.86000, 10.
38.87000, 6.
38.88000, 7.
38.89000, 7.
38.90000, 8.
38.91000, 8.
38.92000, 7.
38.93000, 8.
38.94000, 10.
38.95000, 5.
38.96000, 8.
38.97000, 5.
38.98000, 11.
38.99000, 13.
39.00000, 8.
39.01000, 8.
39.02000, 16.
39.03000, 8.
39.04000, 9.
39.05000, 20.
39.06000, 10.
39.07000, 11.
39.08000, 15.
39.09000, 19.
39.10000, 18.
39.11000, 10.
39.12000, 11.
39.13000, 15.
39.14000, 14.
39.15000, 17.
39.16000, 20.
39.17000, 13.
39.18000, 17.
39.19000, 10.
39.20000, 17.
39.21000, 14.
39.22000, 10.
39.23000, 8.
39.24000, 7.
39.25000, 10.
39.26000, 15.
39.27000, 11.
39.28000, 4.
39.29000, 8.
39.30000, 12.
39.31000, 9.
39.32000, 8.
39.33000, 6.
39.34000, 6.
39.35000, 11.
39.36000, 7.
39.37000, 9.
39.38000, 7.
39.39000, 4.
39.40000, 14.
39.41000, 4.
39.42000, 12.
39.43000, 4.
39.44000, 2.
39.45000, 4.
39.46000, 2.
39.47000, 1.
39.48000, 8.
39.49000, 5.
39.50000, 5.
39.51000, 3.
39.52000, 7.
39.53000, 3.
39.54000, 3.
39.55000, 4.
39.56000, 1.
39.57000, 6.
39.58000, 5.
39.59000, 5.
39.60000, 1.
39.61000, 7.
39.62000, 3.
39.63000, 5.
39.64000, 4.
39.65000, 3.
39.66000, 3.
39.67000, 1.
39.68000, 6.
39.69000, 4.
39.70000, 5.
39.71000, 0.
39.72000, 5.
39.73000, 3.
39.74000, 3.
39.75000, 1.
39.76000, 3.
39.77000, 6.
39.78000, 3.
39.79000, 3.
39.80000, 6.
39.81000, 4.
39.82000, 4.
39.83000, 1.
39.84000, 5.
39.85000, 6.
39.86000, 2.
39.87000, 5.
39.88000, 6.
39.89000, 1.
39.90000, 5.
39.91000, 3.
39.92000, 4.
39.93000, 5.
39.94000, 2.
39.95000, 8.
39.96000, 3.
39.97000, 6.
39.98000, 12.
39.99000, 9.
40.00000, 6.
40.01000, 3.
40.02000, 4.
40.03000, 6.
40.04000, 4.
40.05000, 9.
40.06000, 6.
40.07000, 5.
40.08000, 3.
40.09000, 6.
40.10000, 4.
40.11000, 6.
40.12000, 3.
40.13000, 4.
40.14000, 9.
40.15000, 6.
40.16000, 2.
40.17000, 7.
40.18000, 3.
40.19000, 6.
40.20000, 4.
40.21000, 6.
40.22000, 9.
40.23000, 4.
40.24000, 4.
40.25000, 7.
40.26000, 9.
40.27000, 7.
40.28000, 6.
40.29000, 4.
40.30000, 8.
40.31000, 4.
40.32000, 6.
40.33000, 6.
40.34000, 6.
40.35000, 5.
40.36000, 4.
40.37000, 3.
40.38000, 6.
40.39000, 4.
40.40000, 3.
40.41000, 2.
40.42000, 5.
40.43000, 3.
40.44000, 5.
40.45000, 6.
40.46000, 2.
40.47000, 2.
40.48000, 6.
40.49000, 5.
40.50000, 2.
40.51000, 4.
40.52000, 4.
40.53000, 5.
40.54000, 6.
40.55000, 0.
#ENDOFDATA   : 
