#FORMAT      : EMSA/MAS Spectral Data File
#VERSION     : 1.0
#TITLE       : high 3
#DATE        : 24-JUL-2026
#TIME        : 11:21
#OWNER       : XGT7200
#NPOINTS     : 4096.
#NCOLUMNS    : 1.
#XUNITS      : keV
#YUNITS      : counts
#DATATYPE    : XY
#XPERCHAN    : 0.0100000
#OFFSET      : -0.400000
#SIGNALTYPE  : EDS
#CHOFFSET    : 40.0000
#LIVETIME    : 60.000000
#REALTIME    : 77.625322
#BEAMKV      : 50.0000
#PROBECUR    : 500000.
#MAGCAM      : 100.000
#XTILTSTGE   : 0.0
#AZIMANGLE   : 0.0
#ELEVANGLE   : 45.0
#XPOSITION mm: 0.0000
#YPOSITION mm: 0.0000
#ZPOSITION mm: 0.0000
##OXINSTPT   : 4
##OXINSTSTROB: 71.72
##OXINSTELEMS: 12,14,16,20,25,26,38,45,56,58,82
##OXINSTLABEL: 26, 6.404, Fe
##OXINSTLABEL: 26, 7.058, Fe
##OXINSTLABEL: 26, 0.705, Fe
##OXINSTLABEL: 26, 0.628, Fe
##OXINSTLABEL: 16, 2.308, S
##OXINSTLABEL: 16, 2.464, S
##OXINSTLABEL: 38, 14.165, Sr
##OXINSTLABEL: 38, 15.836, Sr
##OXINSTLABEL: 38, 16.085, Sr
##OXINSTLABEL: 38, 1.807, Sr
##OXINSTLABEL: 38, 1.649, Sr
##OXINSTLABEL: 38, 1.582, Sr
##OXINSTLABEL: 20, 3.692, Ca
##OXINSTLABEL: 20, 4.013, Ca
##OXINSTLABEL: 20, 0.341, Ca
##OXINSTLABEL: 20, 0.306, Ca
##OXINSTLABEL: 45, 20.216, Rh
##OXINSTLABEL: 45, 22.724, Rh
##OXINSTLABEL: 45, 23.173, Rh
##OXINSTLABEL: 45, 2.697, Rh
##OXINSTLABEL: 45, 2.834, Rh
##OXINSTLABEL: 45, 2.519, Rh
##OXINSTLABEL: 45, 3.364, Rh
##OXINSTLABEL: 45, 2.377, Rh
##OXINSTLABEL: 12, 1.254, Mg
##OXINSTLABEL: 82, 10.552, Pb
##OXINSTLABEL: 82, 12.614, Pb
##OXINSTLABEL: 82, 12.623, Pb
##OXINSTLABEL: 82, 11.350, Pb
##OXINSTLABEL: 82, 14.765, Pb
##OXINSTLABEL: 82, 15.101, Pb
##OXINSTLABEL: 82, 9.185, Pb
##OXINSTLABEL: 82, 2.345, Pb
##OXINSTLABEL: 82, 2.653, Pb
##OXINSTLABEL: 82, 1.823, Pb
##OXINSTLABEL: 56, 32.194, Ba
##OXINSTLABEL: 56, 31.818, Ba
##OXINSTLABEL: 56, 36.379, Ba
##OXINSTLABEL: 56, 37.258, Ba
##OXINSTLABEL: 56, 4.466, Ba
##OXINSTLABEL: 56, 4.828, Ba
##OXINSTLABEL: 56, 5.157, Ba
##OXINSTLABEL: 56, 4.331, Ba
##OXINSTLABEL: 56, 5.531, Ba
##OXINSTLABEL: 56, 5.797, Ba
##OXINSTLABEL: 56, 3.954, Ba
##OXINSTLABEL: 14, 1.740, Si
##OXINSTLABEL: 25, 5.899, Mn
##OXINSTLABEL: 25, 6.491, Mn
##OXINSTLABEL: 25, 0.636, Mn
##OXINSTLABEL: 25, 0.567, Mn
##OXINSTLABEL: 58, 34.720, Ce
##OXINSTLABEL: 58, 34.279, Ce
##OXINSTLABEL: 58, 39.258, Ce
##OXINSTLABEL: 58, 4.840, Ce
##OXINSTLABEL: 58, 5.262, Ce
##OXINSTLABEL: 58, 5.613, Ce
##OXINSTLABEL: 58, 4.732, Ce
##OXINSTLABEL: 58, 6.052, Ce
##OXINSTLABEL: 58, 6.325, Ce
##OXINSTLABEL: 58, 4.288, Ce
##OXINSTLABEL: 58, 0.883, Ce
##OXINSTLABEL: 58, 1.075, Ce
##OXINSTLABEL: 58, 0.676, Ce
#SPECTRUM    : Spectral Data Starts Here
-0.40000, 0.
-0.39000, 0.
-0.38000, 0.
-0.37000, 0.
-0.36000, 0.
-0.35000, 0.
-0.34000, 0.
-0.33000, 0.
-0.32000, 0.
-0.31000, 0.
-0.30000, 0.
-0.29000, 0.
-0.28000, 0.
-0.27000, 0.
-0.26000, 0.
-0.25000, 0.
-0.24000, 0.
-0.23000, 0.
-0.22000, 0.
-0.21000, 0.
-0.20000, 0.
-0.19000, 0.
-0.18000, 0.
-0.17000, 0.
-0.16000, 0.
-0.15000, 0.
-0.14000, 0.
-0.13000, 0.
-0.12000, 0.
-0.11000, 0.
-0.10000, 0.
-0.09000, 0.
-0.08000, 0.
-0.07000, 0.
-0.06000, 0.
-0.05000, 0.
-0.04000, 0.
-0.03000, 0.
-0.02000, 0.
-0.01000, 0.
0.00000, 0.
0.01000, 0.
0.02000, 0.
0.03000, 0.
0.04000, 0.
0.05000, 0.
0.06000, 0.
0.07000, 0.
0.08000, 0.
0.09000, 0.
0.10000, 0.
0.11000, 0.
0.12000, 0.
0.13000, 0.
0.14000, 0.
0.15000, 0.
0.16000, 0.
0.17000, 0.
0.18000, 0.
0.19000, 0.
0.20000, 0.
0.21000, 0.
0.22000, 0.
0.23000, 0.
0.24000, 0.
0.25000, 0.
0.26000, 0.
0.27000, 0.
0.28000, 0.
0.29000, 0.
0.30000, 0.
0.31000, 0.
0.32000, 1.
0.33000, 3.
0.34000, 1.
0.35000, 7.
0.36000, 9.
0.37000, 13.
0.38000, 8.
0.39000, 24.
0.40000, 33.
0.41000, 48.
0.42000, 57.
0.43000, 67.
0.44000, 63.
0.45000, 79.
0.46000, 79.
0.47000, 85.
0.48000, 61.
0.49000, 95.
0.50000, 100.
0.51000, 96.
0.52000, 92.
0.53000, 101.
0.54000, 103.
0.55000, 125.
0.56000, 137.
0.57000, 121.
0.58000, 105.
0.59000, 110.
0.60000, 102.
0.61000, 100.
0.62000, 94.
0.63000, 109.
0.64000, 89.
0.65000, 86.
0.66000, 80.
0.67000, 88.
0.68000, 79.
0.69000, 81.
0.70000, 92.
0.71000, 77.
0.72000, 64.
0.73000, 88.
0.74000, 79.
0.75000, 68.
0.76000, 68.
0.77000, 68.
0.78000, 70.
0.79000, 72.
0.80000, 74.
0.81000, 71.
0.82000, 62.
0.83000, 69.
0.84000, 77.
0.85000, 62.
0.86000, 68.
0.87000, 66.
0.88000, 70.
0.89000, 79.
0.90000, 64.
0.91000, 53.
0.92000, 76.
0.93000, 66.
0.94000, 85.
0.95000, 84.
0.96000, 75.
0.97000, 70.
0.98000, 74.
0.99000, 85.
1.00000, 47.
1.01000, 76.
1.02000, 76.
1.03000, 63.
1.04000, 70.
1.05000, 64.
1.06000, 58.
1.07000, 80.
1.08000, 63.
1.09000, 67.
1.10000, 70.
1.11000, 57.
1.12000, 79.
1.13000, 72.
1.14000, 55.
1.15000, 67.
1.16000, 53.
1.17000, 63.
1.18000, 77.
1.19000, 72.
1.20000, 79.
1.21000, 76.
1.22000, 103.
1.23000, 107.
1.24000, 106.
1.25000, 107.
1.26000, 104.
1.27000, 102.
1.28000, 102.
1.29000, 89.
1.30000, 91.
1.31000, 71.
1.32000, 62.
1.33000, 73.
1.34000, 54.
1.35000, 61.
1.36000, 62.
1.37000, 49.
1.38000, 39.
1.39000, 46.
1.40000, 48.
1.41000, 51.
1.42000, 58.
1.43000, 41.
1.44000, 51.
1.45000, 74.
1.46000, 65.
1.47000, 89.
1.48000, 73.
1.49000, 74.
1.50000, 90.
1.51000, 77.
1.52000, 62.
1.53000, 66.
1.54000, 70.
1.55000, 62.
1.56000, 62.
1.57000, 69.
1.58000, 48.
1.59000, 54.
1.60000, 61.
1.61000, 70.
1.62000, 76.
1.63000, 62.
1.64000, 90.
1.65000, 100.
1.66000, 159.
1.67000, 237.
1.68000, 311.
1.69000, 445.
1.70000, 577.
1.71000, 698.
1.72000, 842.
1.73000, 910.
1.74000, 1004.
1.75000, 1157.
1.76000, 1105.
1.77000, 1077.
1.78000, 938.
1.79000, 865.
1.80000, 744.
1.81000, 603.
1.82000, 606.
1.83000, 529.
1.84000, 489.
1.85000, 439.
1.86000, 417.
1.87000, 413.
1.88000, 379.
1.89000, 414.
1.90000, 418.
1.91000, 443.
1.92000, 459.
1.93000, 483.
1.94000, 501.
1.95000, 476.
1.96000, 462.
1.97000, 428.
1.98000, 419.
1.99000, 374.
2.00000, 350.
2.01000, 276.
2.02000, 258.
2.03000, 184.
2.04000, 166.
2.05000, 105.
2.06000, 107.
2.07000, 98.
2.08000, 79.
2.09000, 84.
2.10000, 83.
2.11000, 83.
2.12000, 95.
2.13000, 86.
2.14000, 91.
2.15000, 129.
2.16000, 124.
2.17000, 148.
2.18000, 180.
2.19000, 193.
2.20000, 274.
2.21000, 384.
2.22000, 468.
2.23000, 704.
2.24000, 913.
2.25000, 1214.
2.26000, 1569.
2.27000, 1903.
2.28000, 2339.
2.29000, 2543.
2.30000, 2812.
2.31000, 2884.
2.32000, 2931.
2.33000, 2663.
2.34000, 2465.
2.35000, 2212.
2.36000, 1703.
2.37000, 1336.
2.38000, 1110.
2.39000, 802.
2.40000, 638.
2.41000, 486.
2.42000, 425.
2.43000, 354.
2.44000, 384.
2.45000, 347.
2.46000, 342.
2.47000, 296.
2.48000, 319.
2.49000, 289.
2.50000, 241.
2.51000, 242.
2.52000, 164.
2.53000, 154.
2.54000, 157.
2.55000, 147.
2.56000, 151.
2.57000, 163.
2.58000, 156.
2.59000, 210.
2.60000, 259.
2.61000, 322.
2.62000, 377.
2.63000, 446.
2.64000, 558.
2.65000, 730.
2.66000, 812.
2.67000, 914.
2.68000, 1039.
2.69000, 1016.
2.70000, 1087.
2.71000, 1048.
2.72000, 1008.
2.73000, 947.
2.74000, 846.
2.75000, 780.
2.76000, 736.
2.77000, 643.
2.78000, 642.
2.79000, 582.
2.80000, 697.
2.81000, 668.
2.82000, 709.
2.83000, 731.
2.84000, 777.
2.85000, 785.
2.86000, 767.
2.87000, 720.
2.88000, 702.
2.89000, 615.
2.90000, 607.
2.91000, 539.
2.92000, 423.
2.93000, 404.
2.94000, 411.
2.95000, 363.
2.96000, 307.
2.97000, 298.
2.98000, 279.
2.99000, 255.
3.00000, 242.
3.01000, 229.
3.02000, 193.
3.03000, 193.
3.04000, 158.
3.05000, 196.
3.06000, 162.
3.07000, 182.
3.08000, 151.
3.09000, 167.
3.10000, 167.
3.11000, 152.
3.12000, 164.
3.13000, 165.
3.14000, 164.
3.15000, 165.
3.16000, 165.
3.17000, 146.
3.18000, 120.
3.19000, 137.
3.20000, 146.
3.21000, 130.
3.22000, 117.
3.23000, 149.
3.24000, 132.
3.25000, 140.
3.26000, 157.
3.27000, 158.
3.28000, 171.
3.29000, 186.
3.30000, 191.
3.31000, 181.
3.32000, 177.
3.33000, 171.
3.34000, 149.
3.35000, 164.
3.36000, 149.
3.37000, 140.
3.38000, 142.
3.39000, 134.
3.40000, 117.
3.41000, 112.
3.42000, 147.
3.43000, 120.
3.44000, 144.
3.45000, 128.
3.46000, 135.
3.47000, 147.
3.48000, 167.
3.49000, 186.
3.50000, 203.
3.51000, 275.
3.52000, 326.
3.53000, 453.
3.54000, 653.
3.55000, 883.
3.56000, 1400.
3.57000, 2002.
3.58000, 2914.
3.59000, 4203.
3.60000, 5931.
3.61000, 8353.
3.62000, 11210.
3.63000, 14733.
3.64000, 18192.
3.65000, 22237.
3.66000, 25980.
3.67000, 28651.
3.68000, 31572.
3.69000, 32830.
3.70000, 32752.
3.71000, 31570.
3.72000, 29076.
3.73000, 25973.
3.74000, 22180.
3.75000, 18183.
3.76000, 14471.
3.77000, 11098.
3.78000, 7958.
3.79000, 5704.
3.80000, 3923.
3.81000, 2671.
3.82000, 1824.
3.83000, 1175.
3.84000, 814.
3.85000, 556.
3.86000, 438.
3.87000, 482.
3.88000, 513.
3.89000, 617.
3.90000, 757.
3.91000, 981.
3.92000, 1226.
3.93000, 1546.
3.94000, 1992.
3.95000, 2512.
3.96000, 2830.
3.97000, 3312.
3.98000, 3940.
3.99000, 4398.
4.00000, 4603.
4.01000, 4839.
4.02000, 4826.
4.03000, 4718.
4.04000, 4365.
4.05000, 3966.
4.06000, 3374.
4.07000, 2934.
4.08000, 2243.
4.09000, 1837.
4.10000, 1406.
4.11000, 1058.
4.12000, 737.
4.13000, 531.
4.14000, 365.
4.15000, 261.
4.16000, 171.
4.17000, 136.
4.18000, 122.
4.19000, 88.
4.20000, 84.
4.21000, 72.
4.22000, 107.
4.23000, 90.
4.24000, 82.
4.25000, 100.
4.26000, 118.
4.27000, 116.
4.28000, 135.
4.29000, 162.
4.30000, 179.
4.31000, 203.
4.32000, 239.
4.33000, 292.
4.34000, 375.
4.35000, 485.
4.36000, 656.
4.37000, 828.
4.38000, 1113.
4.39000, 1437.
4.40000, 1822.
4.41000, 2139.
4.42000, 2725.
4.43000, 2971.
4.44000, 3474.
4.45000, 3688.
4.46000, 3853.
4.47000, 3860.
4.48000, 3822.
4.49000, 3734.
4.50000, 3315.
4.51000, 2943.
4.52000, 2591.
4.53000, 2205.
4.54000, 1768.
4.55000, 1412.
4.56000, 1086.
4.57000, 947.
4.58000, 836.
4.59000, 681.
4.60000, 634.
4.61000, 596.
4.62000, 601.
4.63000, 616.
4.64000, 696.
4.65000, 711.
4.66000, 667.
4.67000, 644.
4.68000, 636.
4.69000, 665.
4.70000, 662.
4.71000, 654.
4.72000, 762.
4.73000, 924.
4.74000, 1068.
4.75000, 1251.
4.76000, 1577.
4.77000, 1882.
4.78000, 2268.
4.79000, 2576.
4.80000, 2984.
4.81000, 3233.
4.82000, 3486.
4.83000, 3739.
4.84000, 3903.
4.85000, 3766.
4.86000, 3530.
4.87000, 3298.
4.88000, 3015.
4.89000, 2722.
4.90000, 2402.
4.91000, 2109.
4.92000, 1884.
4.93000, 1609.
4.94000, 1410.
4.95000, 1193.
4.96000, 1073.
4.97000, 1031.
4.98000, 845.
4.99000, 891.
5.00000, 818.
5.01000, 797.
5.02000, 709.
5.03000, 760.
5.04000, 829.
5.05000, 745.
5.06000, 761.
5.07000, 838.
5.08000, 878.
5.09000, 860.
5.10000, 904.
5.11000, 963.
5.12000, 1025.
5.13000, 1113.
5.14000, 1131.
5.15000, 1244.
5.16000, 1239.
5.17000, 1291.
5.18000, 1398.
5.19000, 1383.
5.20000, 1351.
5.21000, 1348.
5.22000, 1350.
5.23000, 1259.
5.24000, 1251.
5.25000, 1155.
5.26000, 1159.
5.27000, 1049.
5.28000, 1001.
5.29000, 881.
5.30000, 810.
5.31000, 782.
5.32000, 697.
5.33000, 624.
5.34000, 535.
5.35000, 567.
5.36000, 498.
5.37000, 465.
5.38000, 471.
5.39000, 404.
5.40000, 398.
5.41000, 349.
5.42000, 368.
5.43000, 347.
5.44000, 373.
5.45000, 387.
5.46000, 412.
5.47000, 471.
5.48000, 476.
5.49000, 476.
5.50000, 541.
5.51000, 496.
5.52000, 583.
5.53000, 545.
5.54000, 588.
5.55000, 587.
5.56000, 574.
5.57000, 583.
5.58000, 504.
5.59000, 508.
5.60000, 528.
5.61000, 454.
5.62000, 418.
5.63000, 416.
5.64000, 377.
5.65000, 392.
5.66000, 366.
5.67000, 352.
5.68000, 316.
5.69000, 348.
5.70000, 370.
5.71000, 358.
5.72000, 383.
5.73000, 384.
5.74000, 403.
5.75000, 432.
5.76000, 437.
5.77000, 510.
5.78000, 494.
5.79000, 552.
5.80000, 566.
5.81000, 580.
5.82000, 557.
5.83000, 599.
5.84000, 611.
5.85000, 692.
5.86000, 651.
5.87000, 671.
5.88000, 710.
5.89000, 628.
5.90000, 629.
5.91000, 603.
5.92000, 529.
5.93000, 508.
5.94000, 490.
5.95000, 495.
5.96000, 409.
5.97000, 371.
5.98000, 352.
5.99000, 325.
6.00000, 319.
6.01000, 312.
6.02000, 256.
6.03000, 250.
6.04000, 270.
6.05000, 258.
6.06000, 266.
6.07000, 206.
6.08000, 239.
6.09000, 236.
6.10000, 194.
6.11000, 172.
6.12000, 178.
6.13000, 120.
6.14000, 136.
6.15000, 136.
6.16000, 131.
6.17000, 121.
6.18000, 135.
6.19000, 108.
6.20000, 138.
6.21000, 122.
6.22000, 140.
6.23000, 169.
6.24000, 240.
6.25000, 232.
6.26000, 321.
6.27000, 404.
6.28000, 501.
6.29000, 668.
6.30000, 800.
6.31000, 1043.
6.32000, 1273.
6.33000, 1477.
6.34000, 1730.
6.35000, 2000.
6.36000, 2209.
6.37000, 2422.
6.38000, 2590.
6.39000, 2769.
6.40000, 2697.
6.41000, 2703.
6.42000, 2570.
6.43000, 2460.
6.44000, 2100.
6.45000, 1951.
6.46000, 1716.
6.47000, 1469.
6.48000, 1273.
6.49000, 1057.
6.50000, 789.
6.51000, 696.
6.52000, 563.
6.53000, 427.
6.54000, 324.
6.55000, 288.
6.56000, 252.
6.57000, 194.
6.58000, 182.
6.59000, 138.
6.60000, 152.
6.61000, 154.
6.62000, 117.
6.63000, 102.
6.64000, 130.
6.65000, 106.
6.66000, 104.
6.67000, 107.
6.68000, 98.
6.69000, 115.
6.70000, 86.
6.71000, 101.
6.72000, 114.
6.73000, 69.
6.74000, 101.
6.75000, 103.
6.76000, 84.
6.77000, 82.
6.78000, 80.
6.79000, 89.
6.80000, 83.
6.81000, 98.
6.82000, 106.
6.83000, 126.
6.84000, 99.
6.85000, 105.
6.86000, 93.
6.87000, 122.
6.88000, 128.
6.89000, 104.
6.90000, 98.
6.91000, 145.
6.92000, 151.
6.93000, 160.
6.94000, 172.
6.95000, 216.
6.96000, 248.
6.97000, 260.
6.98000, 271.
6.99000, 382.
7.00000, 325.
7.01000, 379.
7.02000, 450.
7.03000, 455.
7.04000, 443.
7.05000, 480.
7.06000, 464.
7.07000, 426.
7.08000, 423.
7.09000, 380.
7.10000, 359.
7.11000, 346.
7.12000, 313.
7.13000, 272.
7.14000, 230.
7.15000, 209.
7.16000, 225.
7.17000, 156.
7.18000, 140.
7.19000, 122.
7.20000, 120.
7.21000, 114.
7.22000, 106.
7.23000, 83.
7.24000, 83.
7.25000, 96.
7.26000, 98.
7.27000, 85.
7.28000, 96.
7.29000, 110.
7.30000, 111.
7.31000, 116.
7.32000, 112.
7.33000, 116.
7.34000, 137.
7.35000, 135.
7.36000, 137.
7.37000, 141.
7.38000, 149.
7.39000, 153.
7.40000, 146.
7.41000, 136.
7.42000, 139.
7.43000, 137.
7.44000, 130.
7.45000, 113.
7.46000, 126.
7.47000, 130.
7.48000, 114.
7.49000, 122.
7.50000, 107.
7.51000, 96.
7.52000, 103.
7.53000, 103.
7.54000, 95.
7.55000, 80.
7.56000, 57.
7.57000, 91.
7.58000, 84.
7.59000, 112.
7.60000, 108.
7.61000, 107.
7.62000, 85.
7.63000, 113.
7.64000, 96.
7.65000, 91.
7.66000, 114.
7.67000, 93.
7.68000, 103.
7.69000, 97.
7.70000, 111.
7.71000, 94.
7.72000, 104.
7.73000, 87.
7.74000, 102.
7.75000, 85.
7.76000, 112.
7.77000, 100.
7.78000, 91.
7.79000, 99.
7.80000, 84.
7.81000, 102.
7.82000, 70.
7.83000, 80.
7.84000, 71.
7.85000, 92.
7.86000, 93.
7.87000, 101.
7.88000, 87.
7.89000, 87.
7.90000, 94.
7.91000, 91.
7.92000, 97.
7.93000, 100.
7.94000, 111.
7.95000, 114.
7.96000, 105.
7.97000, 100.
7.98000, 123.
7.99000, 90.
8.00000, 135.
8.01000, 127.
8.02000, 116.
8.03000, 118.
8.04000, 124.
8.05000, 114.
8.06000, 138.
8.07000, 146.
8.08000, 127.
8.09000, 127.
8.10000, 123.
8.11000, 116.
8.12000, 124.
8.13000, 131.
8.14000, 119.
8.15000, 134.
8.16000, 132.
8.17000, 115.
8.18000, 123.
8.19000, 106.
8.20000, 92.
8.21000, 102.
8.22000, 128.
8.23000, 126.
8.24000, 110.
8.25000, 131.
8.26000, 118.
8.27000, 114.
8.28000, 111.
8.29000, 130.
8.30000, 120.
8.31000, 133.
8.32000, 119.
8.33000, 100.
8.34000, 126.
8.35000, 123.
8.36000, 107.
8.37000, 142.
8.38000, 134.
8.39000, 118.
8.40000, 140.
8.41000, 146.
8.42000, 125.
8.43000, 143.
8.44000, 149.
8.45000, 148.
8.46000, 134.
8.47000, 129.
8.48000, 154.
8.49000, 159.
8.50000, 157.
8.51000, 153.
8.52000, 150.
8.53000, 133.
8.54000, 133.
8.55000, 153.
8.56000, 151.
8.57000, 159.
8.58000, 180.
8.59000, 141.
8.60000, 145.
8.61000, 163.
8.62000, 150.
8.63000, 150.
8.64000, 144.
8.65000, 185.
8.66000, 144.
8.67000, 126.
8.68000, 157.
8.69000, 146.
8.70000, 127.
8.71000, 128.
8.72000, 125.
8.73000, 125.
8.74000, 143.
8.75000, 135.
8.76000, 137.
8.77000, 117.
8.78000, 133.
8.79000, 143.
8.80000, 114.
8.81000, 140.
8.82000, 120.
8.83000, 127.
8.84000, 125.
8.85000, 123.
8.86000, 142.
8.87000, 128.
8.88000, 128.
8.89000, 138.
8.90000, 131.
8.91000, 145.
8.92000, 136.
8.93000, 153.
8.94000, 121.
8.95000, 134.
8.96000, 114.
8.97000, 125.
8.98000, 133.
8.99000, 113.
9.00000, 130.
9.01000, 128.
9.02000, 114.
9.03000, 134.
9.04000, 114.
9.05000, 130.
9.06000, 142.
9.07000, 140.
9.08000, 139.
9.09000, 132.
9.10000, 141.
9.11000, 151.
9.12000, 139.
9.13000, 139.
9.14000, 139.
9.15000, 162.
9.16000, 158.
9.17000, 155.
9.18000, 173.
9.19000, 140.
9.20000, 163.
9.21000, 136.
9.22000, 157.
9.23000, 126.
9.24000, 152.
9.25000, 153.
9.26000, 142.
9.27000, 141.
9.28000, 143.
9.29000, 123.
9.30000, 132.
9.31000, 135.
9.32000, 132.
9.33000, 136.
9.34000, 144.
9.35000, 131.
9.36000, 123.
9.37000, 125.
9.38000, 120.
9.39000, 117.
9.40000, 135.
9.41000, 122.
9.42000, 137.
9.43000, 124.
9.44000, 143.
9.45000, 139.
9.46000, 131.
9.47000, 141.
9.48000, 139.
9.49000, 142.
9.50000, 128.
9.51000, 145.
9.52000, 136.
9.53000, 123.
9.54000, 131.
9.55000, 170.
9.56000, 156.
9.57000, 131.
9.58000, 141.
9.59000, 147.
9.60000, 163.
9.61000, 151.
9.62000, 143.
9.63000, 153.
9.64000, 135.
9.65000, 140.
9.66000, 140.
9.67000, 144.
9.68000, 130.
9.69000, 142.
9.70000, 149.
9.71000, 151.
9.72000, 148.
9.73000, 144.
9.74000, 156.
9.75000, 153.
9.76000, 111.
9.77000, 140.
9.78000, 132.
9.79000, 174.
9.80000, 126.
9.81000, 137.
9.82000, 116.
9.83000, 161.
9.84000, 149.
9.85000, 157.
9.86000, 143.
9.87000, 146.
9.88000, 148.
9.89000, 123.
9.90000, 108.
9.91000, 149.
9.92000, 141.
9.93000, 147.
9.94000, 129.
9.95000, 128.
9.96000, 157.
9.97000, 150.
9.98000, 136.
9.99000, 127.
10.00000, 139.
10.01000, 143.
10.02000, 149.
10.03000, 135.
10.04000, 147.
10.05000, 162.
10.06000, 139.
10.07000, 150.
10.08000, 159.
10.09000, 168.
10.10000, 160.
10.11000, 150.
10.12000, 149.
10.13000, 146.
10.14000, 143.
10.15000, 137.
10.16000, 147.
10.17000, 143.
10.18000, 159.
10.19000, 133.
10.20000, 136.
10.21000, 141.
10.22000, 130.
10.23000, 143.
10.24000, 136.
10.25000, 165.
10.26000, 172.
10.27000, 163.
10.28000, 160.
10.29000, 154.
10.30000, 160.
10.31000, 158.
10.32000, 164.
10.33000, 175.
10.34000, 173.
10.35000, 159.
10.36000, 200.
10.37000, 215.
10.38000, 229.
10.39000, 267.
10.40000, 285.
10.41000, 338.
10.42000, 372.
10.43000, 361.
10.44000, 411.
10.45000, 427.
10.46000, 492.
10.47000, 533.
10.48000, 488.
10.49000, 619.
10.50000, 635.
10.51000, 680.
10.52000, 703.
10.53000, 711.
10.54000, 722.
10.55000, 684.
10.56000, 707.
10.57000, 645.
10.58000, 675.
10.59000, 623.
10.60000, 574.
10.61000, 524.
10.62000, 486.
10.63000, 459.
10.64000, 379.
10.65000, 346.
10.66000, 337.
10.67000, 301.
10.68000, 270.
10.69000, 220.
10.70000, 217.
10.71000, 195.
10.72000, 171.
10.73000, 197.
10.74000, 162.
10.75000, 163.
10.76000, 160.
10.77000, 148.
10.78000, 152.
10.79000, 156.
10.80000, 144.
10.81000, 157.
10.82000, 148.
10.83000, 141.
10.84000, 152.
10.85000, 164.
10.86000, 152.
10.87000, 173.
10.88000, 153.
10.89000, 176.
10.90000, 159.
10.91000, 158.
10.92000, 133.
10.93000, 163.
10.94000, 150.
10.95000, 130.
10.96000, 128.
10.97000, 139.
10.98000, 153.
10.99000, 167.
11.00000, 155.
11.01000, 171.
11.02000, 153.
11.03000, 154.
11.04000, 147.
11.05000, 133.
11.06000, 156.
11.07000, 158.
11.08000, 142.
11.09000, 173.
11.10000, 163.
11.11000, 131.
11.12000, 136.
11.13000, 152.
11.14000, 141.
11.15000, 145.
11.16000, 158.
11.17000, 147.
11.18000, 137.
11.19000, 166.
11.20000, 155.
11.21000, 163.
11.22000, 154.
11.23000, 164.
11.24000, 167.
11.25000, 180.
11.26000, 173.
11.27000, 158.
11.28000, 150.
11.29000, 156.
11.30000, 154.
11.31000, 169.
11.32000, 166.
11.33000, 178.
11.34000, 169.
11.35000, 173.
11.36000, 146.
11.37000, 166.
11.38000, 192.
11.39000, 177.
11.40000, 143.
11.41000, 174.
11.42000, 153.
11.43000, 160.
11.44000, 163.
11.45000, 149.
11.46000, 185.
11.47000, 190.
11.48000, 191.
11.49000, 171.
11.50000, 165.
11.51000, 149.
11.52000, 172.
11.53000, 164.
11.54000, 160.
11.55000, 156.
11.56000, 174.
11.57000, 149.
11.58000, 174.
11.59000, 172.
11.60000, 174.
11.61000, 148.
11.62000, 146.
11.63000, 159.
11.64000, 171.
11.65000, 172.
11.66000, 145.
11.67000, 165.
11.68000, 165.
11.69000, 161.
11.70000, 137.
11.71000, 138.
11.72000, 145.
11.73000, 166.
11.74000, 132.
11.75000, 150.
11.76000, 155.
11.77000, 181.
11.78000, 145.
11.79000, 163.
11.80000, 167.
11.81000, 172.
11.82000, 156.
11.83000, 138.
11.84000, 170.
11.85000, 177.
11.86000, 166.
11.87000, 180.
11.88000, 147.
11.89000, 179.
11.90000, 153.
11.91000, 162.
11.92000, 172.
11.93000, 165.
11.94000, 176.
11.95000, 168.
11.96000, 154.
11.97000, 157.
11.98000, 158.
11.99000, 159.
12.00000, 143.
12.01000, 152.
12.02000, 159.
12.03000, 165.
12.04000, 164.
12.05000, 153.
12.06000, 175.
12.07000, 154.
12.08000, 163.
12.09000, 158.
12.10000, 175.
12.11000, 183.
12.12000, 163.
12.13000, 174.
12.14000, 149.
12.15000, 182.
12.16000, 152.
12.17000, 156.
12.18000, 178.
12.19000, 163.
12.20000, 164.
12.21000, 171.
12.22000, 163.
12.23000, 191.
12.24000, 205.
12.25000, 198.
12.26000, 211.
12.27000, 186.
12.28000, 175.
12.29000, 212.
12.30000, 209.
12.31000, 201.
12.32000, 190.
12.33000, 168.
12.34000, 178.
12.35000, 181.
12.36000, 204.
12.37000, 197.
12.38000, 212.
12.39000, 189.
12.40000, 223.
12.41000, 215.
12.42000, 228.
12.43000, 216.
12.44000, 243.
12.45000, 255.
12.46000, 265.
12.47000, 295.
12.48000, 337.
12.49000, 357.
12.50000, 383.
12.51000, 442.
12.52000, 464.
12.53000, 489.
12.54000, 502.
12.55000, 573.
12.56000, 629.
12.57000, 623.
12.58000, 638.
12.59000, 602.
12.60000, 682.
12.61000, 643.
12.62000, 675.
12.63000, 636.
12.64000, 627.
12.65000, 644.
12.66000, 535.
12.67000, 538.
12.68000, 514.
12.69000, 450.
12.70000, 458.
12.71000, 383.
12.72000, 335.
12.73000, 297.
12.74000, 298.
12.75000, 293.
12.76000, 311.
12.77000, 261.
12.78000, 271.
12.79000, 219.
12.80000, 253.
12.81000, 217.
12.82000, 206.
12.83000, 208.
12.84000, 211.
12.85000, 204.
12.86000, 199.
12.87000, 203.
12.88000, 180.
12.89000, 219.
12.90000, 221.
12.91000, 215.
12.92000, 210.
12.93000, 212.
12.94000, 221.
12.95000, 201.
12.96000, 208.
12.97000, 199.
12.98000, 210.
12.99000, 212.
13.00000, 204.
13.01000, 213.
13.02000, 207.
13.03000, 201.
13.04000, 191.
13.05000, 195.
13.06000, 199.
13.07000, 176.
13.08000, 192.
13.09000, 189.
13.10000, 189.
13.11000, 196.
13.12000, 186.
13.13000, 160.
13.14000, 161.
13.15000, 169.
13.16000, 163.
13.17000, 164.
13.18000, 175.
13.19000, 153.
13.20000, 173.
13.21000, 165.
13.22000, 195.
13.23000, 145.
13.24000, 175.
13.25000, 183.
13.26000, 141.
13.27000, 162.
13.28000, 177.
13.29000, 162.
13.30000, 161.
13.31000, 184.
13.32000, 163.
13.33000, 183.
13.34000, 156.
13.35000, 158.
13.36000, 158.
13.37000, 203.
13.38000, 173.
13.39000, 190.
13.40000, 173.
13.41000, 176.
13.42000, 196.
13.43000, 186.
13.44000, 184.
13.45000, 191.
13.46000, 176.
13.47000, 160.
13.48000, 179.
13.49000, 182.
13.50000, 175.
13.51000, 194.
13.52000, 203.
13.53000, 194.
13.54000, 199.
13.55000, 213.
13.56000, 210.
13.57000, 176.
13.58000, 188.
13.59000, 186.
13.60000, 183.
13.61000, 190.
13.62000, 202.
13.63000, 178.
13.64000, 180.
13.65000, 164.
13.66000, 216.
13.67000, 211.
13.68000, 217.
13.69000, 210.
13.70000, 188.
13.71000, 187.
13.72000, 215.
13.73000, 185.
13.74000, 218.
13.75000, 206.
13.76000, 204.
13.77000, 223.
13.78000, 206.
13.79000, 219.
13.80000, 260.
13.81000, 241.
13.82000, 250.
13.83000, 271.
13.84000, 334.
13.85000, 331.
13.86000, 393.
13.87000, 436.
13.88000, 523.
13.89000, 673.
13.90000, 761.
13.91000, 956.
13.92000, 1201.
13.93000, 1462.
13.94000, 1682.
13.95000, 2171.
13.96000, 2621.
13.97000, 3077.
13.98000, 3622.
13.99000, 4214.
14.00000, 4801.
14.01000, 5528.
14.02000, 6208.
14.03000, 7207.
14.04000, 7947.
14.05000, 8852.
14.06000, 9519.
14.07000, 10260.
14.08000, 10880.
14.09000, 11483.
14.10000, 11767.
14.11000, 12147.
14.12000, 12423.
14.13000, 12286.
14.14000, 12277.
14.15000, 11898.
14.16000, 11437.
14.17000, 11006.
14.18000, 10245.
14.19000, 9682.
14.20000, 8921.
14.21000, 8091.
14.22000, 7266.
14.23000, 6372.
14.24000, 5586.
14.25000, 4995.
14.26000, 4204.
14.27000, 3505.
14.28000, 2887.
14.29000, 2415.
14.30000, 2049.
14.31000, 1604.
14.32000, 1347.
14.33000, 1074.
14.34000, 839.
14.35000, 716.
14.36000, 582.
14.37000, 503.
14.38000, 409.
14.39000, 308.
14.40000, 336.
14.41000, 247.
14.42000, 220.
14.43000, 220.
14.44000, 206.
14.45000, 194.
14.46000, 188.
14.47000, 173.
14.48000, 177.
14.49000, 179.
14.50000, 189.
14.51000, 192.
14.52000, 195.
14.53000, 161.
14.54000, 157.
14.55000, 160.
14.56000, 154.
14.57000, 175.
14.58000, 180.
14.59000, 175.
14.60000, 177.
14.61000, 207.
14.62000, 200.
14.63000, 190.
14.64000, 192.
14.65000, 200.
14.66000, 225.
14.67000, 193.
14.68000, 230.
14.69000, 248.
14.70000, 227.
14.71000, 248.
14.72000, 224.
14.73000, 247.
14.74000, 266.
14.75000, 244.
14.76000, 270.
14.77000, 248.
14.78000, 245.
14.79000, 250.
14.80000, 229.
14.81000, 266.
14.82000, 245.
14.83000, 228.
14.84000, 253.
14.85000, 229.
14.86000, 267.
14.87000, 257.
14.88000, 244.
14.89000, 227.
14.90000, 222.
14.91000, 268.
14.92000, 243.
14.93000, 215.
14.94000, 234.
14.95000, 237.
14.96000, 201.
14.97000, 221.
14.98000, 247.
14.99000, 212.
15.00000, 211.
15.01000, 194.
15.02000, 184.
15.03000, 192.
15.04000, 212.
15.05000, 170.
15.06000, 179.
15.07000, 220.
15.08000, 206.
15.09000, 198.
15.10000, 180.
15.11000, 181.
15.12000, 186.
15.13000, 199.
15.14000, 179.
15.15000, 189.
15.16000, 189.
15.17000, 206.
15.18000, 205.
15.19000, 173.
15.20000, 174.
15.21000, 180.
15.22000, 196.
15.23000, 189.
15.24000, 165.
15.25000, 176.
15.26000, 180.
15.27000, 186.
15.28000, 188.
15.29000, 187.
15.30000, 153.
15.31000, 175.
15.32000, 182.
15.33000, 159.
15.34000, 170.
15.35000, 148.
15.36000, 181.
15.37000, 182.
15.38000, 176.
15.39000, 133.
15.40000, 169.
15.41000, 149.
15.42000, 160.
15.43000, 178.
15.44000, 184.
15.45000, 154.
15.46000, 191.
15.47000, 150.
15.48000, 189.
15.49000, 173.
15.50000, 167.
15.51000, 177.
15.52000, 186.
15.53000, 177.
15.54000, 189.
15.55000, 229.
15.56000, 208.
15.57000, 235.
15.58000, 249.
15.59000, 309.
15.60000, 308.
15.61000, 365.
15.62000, 400.
15.63000, 472.
15.64000, 567.
15.65000, 578.
15.66000, 666.
15.67000, 753.
15.68000, 914.
15.69000, 1036.
15.70000, 1109.
15.71000, 1228.
15.72000, 1360.
15.73000, 1528.
15.74000, 1623.
15.75000, 1752.
15.76000, 1912.
15.77000, 1959.
15.78000, 2131.
15.79000, 2089.
15.80000, 2225.
15.81000, 2215.
15.82000, 2163.
15.83000, 2114.
15.84000, 2114.
15.85000, 2063.
15.86000, 1841.
15.87000, 1812.
15.88000, 1695.
15.89000, 1564.
15.90000, 1500.
15.91000, 1303.
15.92000, 1162.
15.93000, 1081.
15.94000, 1014.
15.95000, 951.
15.96000, 832.
15.97000, 720.
15.98000, 664.
15.99000, 635.
16.00000, 559.
16.01000, 522.
16.02000, 498.
16.03000, 539.
16.04000, 470.
16.05000, 465.
16.06000, 490.
16.07000, 463.
16.08000, 445.
16.09000, 414.
16.10000, 394.
16.11000, 411.
16.12000, 389.
16.13000, 362.
16.14000, 318.
16.15000, 301.
16.16000, 286.
16.17000, 264.
16.18000, 246.
16.19000, 264.
16.20000, 213.
16.21000, 224.
16.22000, 182.
16.23000, 186.
16.24000, 179.
16.25000, 166.
16.26000, 136.
16.27000, 149.
16.28000, 138.
16.29000, 154.
16.30000, 154.
16.31000, 117.
16.32000, 145.
16.33000, 142.
16.34000, 105.
16.35000, 140.
16.36000, 129.
16.37000, 130.
16.38000, 130.
16.39000, 138.
16.40000, 122.
16.41000, 124.
16.42000, 134.
16.43000, 137.
16.44000, 126.
16.45000, 127.
16.46000, 139.
16.47000, 137.
16.48000, 134.
16.49000, 137.
16.50000, 138.
16.51000, 131.
16.52000, 143.
16.53000, 152.
16.54000, 147.
16.55000, 126.
16.56000, 136.
16.57000, 136.
16.58000, 127.
16.59000, 140.
16.60000, 148.
16.61000, 138.
16.62000, 157.
16.63000, 153.
16.64000, 138.
16.65000, 136.
16.66000, 127.
16.67000, 128.
16.68000, 133.
16.69000, 141.
16.70000, 131.
16.71000, 136.
16.72000, 118.
16.73000, 134.
16.74000, 146.
16.75000, 128.
16.76000, 118.
16.77000, 144.
16.78000, 160.
16.79000, 138.
16.80000, 138.
16.81000, 133.
16.82000, 124.
16.83000, 137.
16.84000, 110.
16.85000, 142.
16.86000, 108.
16.87000, 126.
16.88000, 108.
16.89000, 104.
16.90000, 120.
16.91000, 112.
16.92000, 125.
16.93000, 131.
16.94000, 141.
16.95000, 137.
16.96000, 126.
16.97000, 123.
16.98000, 130.
16.99000, 105.
17.00000, 111.
17.01000, 131.
17.02000, 109.
17.03000, 137.
17.04000, 141.
17.05000, 124.
17.06000, 116.
17.07000, 115.
17.08000, 120.
17.09000, 113.
17.10000, 123.
17.11000, 104.
17.12000, 147.
17.13000, 119.
17.14000, 120.
17.15000, 133.
17.16000, 136.
17.17000, 110.
17.18000, 117.
17.19000, 113.
17.20000, 131.
17.21000, 121.
17.22000, 120.
17.23000, 116.
17.24000, 133.
17.25000, 132.
17.26000, 146.
17.27000, 102.
17.28000, 113.
17.29000, 133.
17.30000, 124.
17.31000, 99.
17.32000, 143.
17.33000, 146.
17.34000, 130.
17.35000, 118.
17.36000, 122.
17.37000, 140.
17.38000, 143.
17.39000, 121.
17.40000, 113.
17.41000, 145.
17.42000, 134.
17.43000, 121.
17.44000, 130.
17.45000, 129.
17.46000, 123.
17.47000, 130.
17.48000, 140.
17.49000, 134.
17.50000, 124.
17.51000, 130.
17.52000, 137.
17.53000, 137.
17.54000, 132.
17.55000, 124.
17.56000, 153.
17.57000, 144.
17.58000, 123.
17.59000, 134.
17.60000, 145.
17.61000, 147.
17.62000, 137.
17.63000, 141.
17.64000, 129.
17.65000, 141.
17.66000, 152.
17.67000, 156.
17.68000, 178.
17.69000, 160.
17.70000, 159.
17.71000, 156.
17.72000, 167.
17.73000, 194.
17.74000, 163.
17.75000, 172.
17.76000, 172.
17.77000, 179.
17.78000, 180.
17.79000, 169.
17.80000, 177.
17.81000, 190.
17.82000, 184.
17.83000, 206.
17.84000, 203.
17.85000, 193.
17.86000, 191.
17.87000, 168.
17.88000, 201.
17.89000, 195.
17.90000, 175.
17.91000, 168.
17.92000, 176.
17.93000, 179.
17.94000, 141.
17.95000, 173.
17.96000, 152.
17.97000, 170.
17.98000, 148.
17.99000, 168.
18.00000, 172.
18.01000, 157.
18.02000, 163.
18.03000, 153.
18.04000, 160.
18.05000, 172.
18.06000, 150.
18.07000, 159.
18.08000, 178.
18.09000, 174.
18.10000, 155.
18.11000, 161.
18.12000, 169.
18.13000, 162.
18.14000, 169.
18.15000, 172.
18.16000, 164.
18.17000, 183.
18.18000, 171.
18.19000, 196.
18.20000, 186.
18.21000, 171.
18.22000, 188.
18.23000, 193.
18.24000, 172.
18.25000, 193.
18.26000, 188.
18.27000, 171.
18.28000, 210.
18.29000, 189.
18.30000, 200.
18.31000, 175.
18.32000, 187.
18.33000, 209.
18.34000, 217.
18.35000, 234.
18.36000, 216.
18.37000, 205.
18.38000, 232.
18.39000, 246.
18.40000, 240.
18.41000, 249.
18.42000, 249.
18.43000, 290.
18.44000, 271.
18.45000, 262.
18.46000, 275.
18.47000, 287.
18.48000, 273.
18.49000, 269.
18.50000, 287.
18.51000, 311.
18.52000, 354.
18.53000, 324.
18.54000, 295.
18.55000, 353.
18.56000, 365.
18.57000, 389.
18.58000, 360.
18.59000, 412.
18.60000, 403.
18.61000, 401.
18.62000, 436.
18.63000, 451.
18.64000, 417.
18.65000, 367.
18.66000, 471.
18.67000, 434.
18.68000, 463.
18.69000, 475.
18.70000, 486.
18.71000, 451.
18.72000, 488.
18.73000, 502.
18.74000, 544.
18.75000, 488.
18.76000, 483.
18.77000, 504.
18.78000, 511.
18.79000, 499.
18.80000, 523.
18.81000, 501.
18.82000, 488.
18.83000, 545.
18.84000, 537.
18.85000, 533.
18.86000, 523.
18.87000, 522.
18.88000, 532.
18.89000, 546.
18.90000, 522.
18.91000, 478.
18.92000, 513.
18.93000, 528.
18.94000, 492.
18.95000, 478.
18.96000, 494.
18.97000, 463.
18.98000, 473.
18.99000, 445.
19.00000, 447.
19.01000, 422.
19.02000, 437.
19.03000, 449.
19.04000, 430.
19.05000, 430.
19.06000, 423.
19.07000, 409.
19.08000, 376.
19.09000, 367.
19.10000, 371.
19.11000, 346.
19.12000, 350.
19.13000, 361.
19.14000, 332.
19.15000, 296.
19.16000, 313.
19.17000, 337.
19.18000, 336.
19.19000, 280.
19.20000, 290.
19.21000, 274.
19.22000, 271.
19.23000, 286.
19.24000, 259.
19.25000, 250.
19.26000, 260.
19.27000, 259.
19.28000, 253.
19.29000, 229.
19.30000, 237.
19.31000, 234.
19.32000, 229.
19.33000, 225.
19.34000, 215.
19.35000, 210.
19.36000, 214.
19.37000, 185.
19.38000, 195.
19.39000, 193.
19.40000, 176.
19.41000, 187.
19.42000, 176.
19.43000, 193.
19.44000, 196.
19.45000, 194.
19.46000, 161.
19.47000, 165.
19.48000, 205.
19.49000, 166.
19.50000, 161.
19.51000, 171.
19.52000, 167.
19.53000, 193.
19.54000, 150.
19.55000, 168.
19.56000, 175.
19.57000, 145.
19.58000, 151.
19.59000, 160.
19.60000, 151.
19.61000, 136.
19.62000, 151.
19.63000, 120.
19.64000, 128.
19.65000, 135.
19.66000, 141.
19.67000, 132.
19.68000, 140.
19.69000, 132.
19.70000, 143.
19.71000, 140.
19.72000, 132.
19.73000, 131.
19.74000, 137.
19.75000, 141.
19.76000, 129.
19.77000, 114.
19.78000, 142.
19.79000, 165.
19.80000, 147.
19.81000, 130.
19.82000, 147.
19.83000, 144.
19.84000, 168.
19.85000, 192.
19.86000, 190.
19.87000, 201.
19.88000, 220.
19.89000, 234.
19.90000, 238.
19.91000, 274.
19.92000, 281.
19.93000, 296.
19.94000, 310.
19.95000, 366.
19.96000, 394.
19.97000, 454.
19.98000, 475.
19.99000, 455.
20.00000, 520.
20.01000, 504.
20.02000, 615.
20.03000, 624.
20.04000, 676.
20.05000, 691.
20.06000, 690.
20.07000, 776.
20.08000, 779.
20.09000, 800.
20.10000, 840.
20.11000, 838.
20.12000, 807.
20.13000, 852.
20.14000, 894.
20.15000, 870.
20.16000, 881.
20.17000, 878.
20.18000, 793.
20.19000, 834.
20.20000, 791.
20.21000, 729.
20.22000, 786.
20.23000, 738.
20.24000, 705.
20.25000, 647.
20.26000, 602.
20.27000, 563.
20.28000, 483.
20.29000, 461.
20.30000, 411.
20.31000, 383.
20.32000, 358.
20.33000, 325.
20.34000, 292.
20.35000, 264.
20.36000, 214.
20.37000, 220.
20.38000, 190.
20.39000, 187.
20.40000, 164.
20.41000, 154.
20.42000, 148.
20.43000, 149.
20.44000, 148.
20.45000, 133.
20.46000, 126.
20.47000, 107.
20.48000, 134.
20.49000, 110.
20.50000, 88.
20.51000, 100.
20.52000, 114.
20.53000, 114.
20.54000, 103.
20.55000, 115.
20.56000, 113.
20.57000, 106.
20.58000, 127.
20.59000, 138.
20.60000, 102.
20.61000, 108.
20.62000, 105.
20.63000, 129.
20.64000, 106.
20.65000, 100.
20.66000, 135.
20.67000, 117.
20.68000, 121.
20.69000, 121.
20.70000, 124.
20.71000, 117.
20.72000, 130.
20.73000, 141.
20.74000, 137.
20.75000, 138.
20.76000, 112.
20.77000, 155.
20.78000, 127.
20.79000, 136.
20.80000, 134.
20.81000, 123.
20.82000, 114.
20.83000, 138.
20.84000, 161.
20.85000, 128.
20.86000, 144.
20.87000, 141.
20.88000, 165.
20.89000, 130.
20.90000, 145.
20.91000, 112.
20.92000, 150.
20.93000, 138.
20.94000, 139.
20.95000, 162.
20.96000, 154.
20.97000, 160.
20.98000, 159.
20.99000, 155.
21.00000, 149.
21.01000, 151.
21.02000, 153.
21.03000, 159.
21.04000, 125.
21.05000, 177.
21.06000, 155.
21.07000, 160.
21.08000, 169.
21.09000, 149.
21.10000, 134.
21.11000, 160.
21.12000, 166.
21.13000, 157.
21.14000, 146.
21.15000, 147.
21.16000, 140.
21.17000, 132.
21.18000, 159.
21.19000, 117.
21.20000, 144.
21.21000, 129.
21.22000, 144.
21.23000, 137.
21.24000, 157.
21.25000, 147.
21.26000, 134.
21.27000, 152.
21.28000, 140.
21.29000, 127.
21.30000, 156.
21.31000, 132.
21.32000, 136.
21.33000, 131.
21.34000, 135.
21.35000, 128.
21.36000, 115.
21.37000, 126.
21.38000, 102.
21.39000, 123.
21.40000, 121.
21.41000, 87.
21.42000, 146.
21.43000, 81.
21.44000, 102.
21.45000, 109.
21.46000, 106.
21.47000, 103.
21.48000, 121.
21.49000, 97.
21.50000, 91.
21.51000, 110.
21.52000, 110.
21.53000, 86.
21.54000, 99.
21.55000, 114.
21.56000, 100.
21.57000, 85.
21.58000, 84.
21.59000, 102.
21.60000, 88.
21.61000, 87.
21.62000, 98.
21.63000, 83.
21.64000, 82.
21.65000, 92.
21.66000, 96.
21.67000, 102.
21.68000, 83.
21.69000, 83.
21.70000, 75.
21.71000, 84.
21.72000, 82.
21.73000, 102.
21.74000, 88.
21.75000, 102.
21.76000, 100.
21.77000, 93.
21.78000, 83.
21.79000, 71.
21.80000, 87.
21.81000, 94.
21.82000, 75.
21.83000, 89.
21.84000, 78.
21.85000, 77.
21.86000, 93.
21.87000, 76.
21.88000, 71.
21.89000, 72.
21.90000, 87.
21.91000, 70.
21.92000, 71.
21.93000, 81.
21.94000, 64.
21.95000, 90.
21.96000, 78.
21.97000, 66.
21.98000, 72.
21.99000, 73.
22.00000, 76.
22.01000, 68.
22.02000, 74.
22.03000, 82.
22.04000, 94.
22.05000, 67.
22.06000, 84.
22.07000, 82.
22.08000, 60.
22.09000, 63.
22.10000, 71.
22.11000, 60.
22.12000, 63.
22.13000, 79.
22.14000, 64.
22.15000, 81.
22.16000, 70.
22.17000, 79.
22.18000, 63.
22.19000, 72.
22.20000, 80.
22.21000, 72.
22.22000, 56.
22.23000, 75.
22.24000, 68.
22.25000, 75.
22.26000, 73.
22.27000, 76.
22.28000, 74.
22.29000, 78.
22.30000, 75.
22.31000, 70.
22.32000, 55.
22.33000, 63.
22.34000, 67.
22.35000, 58.
22.36000, 75.
22.37000, 76.
22.38000, 71.
22.39000, 57.
22.40000, 68.
22.41000, 73.
22.42000, 74.
22.43000, 80.
22.44000, 67.
22.45000, 72.
22.46000, 92.
22.47000, 83.
22.48000, 95.
22.49000, 82.
22.50000, 86.
22.51000, 79.
22.52000, 113.
22.53000, 113.
22.54000, 134.
22.55000, 125.
22.56000, 135.
22.57000, 128.
22.58000, 137.
22.59000, 144.
22.60000, 141.
22.61000, 173.
22.62000, 172.
22.63000, 158.
22.64000, 181.
22.65000, 185.
22.66000, 177.
22.67000, 160.
22.68000, 174.
22.69000, 164.
22.70000, 162.
22.71000, 184.
22.72000, 179.
22.73000, 167.
22.74000, 176.
22.75000, 167.
22.76000, 149.
22.77000, 151.
22.78000, 122.
22.79000, 153.
22.80000, 114.
22.81000, 111.
22.82000, 104.
22.83000, 102.
22.84000, 96.
22.85000, 94.
22.86000, 95.
22.87000, 73.
22.88000, 79.
22.89000, 83.
22.90000, 62.
22.91000, 63.
22.92000, 81.
22.93000, 72.
22.94000, 61.
22.95000, 80.
22.96000, 59.
22.97000, 57.
22.98000, 59.
22.99000, 63.
23.00000, 72.
23.01000, 74.
23.02000, 59.
23.03000, 75.
23.04000, 62.
23.05000, 53.
23.06000, 81.
23.07000, 66.
23.08000, 70.
23.09000, 73.
23.10000, 57.
23.11000, 63.
23.12000, 57.
23.13000, 65.
23.14000, 59.
23.15000, 73.
23.16000, 65.
23.17000, 67.
23.18000, 85.
23.19000, 69.
23.20000, 64.
23.21000, 70.
23.22000, 47.
23.23000, 63.
23.24000, 67.
23.25000, 69.
23.26000, 40.
23.27000, 58.
23.28000, 71.
23.29000, 62.
23.30000, 62.
23.31000, 54.
23.32000, 52.
23.33000, 53.
23.34000, 57.
23.35000, 53.
23.36000, 47.
23.37000, 55.
23.38000, 52.
23.39000, 43.
23.40000, 52.
23.41000, 58.
23.42000, 49.
23.43000, 48.
23.44000, 44.
23.45000, 64.
23.46000, 53.
23.47000, 48.
23.48000, 43.
23.49000, 61.
23.50000, 39.
23.51000, 47.
23.52000, 46.
23.53000, 62.
23.54000, 45.
23.55000, 41.
23.56000, 39.
23.57000, 50.
23.58000, 50.
23.59000, 49.
23.60000, 43.
23.61000, 51.
23.62000, 50.
23.63000, 47.
23.64000, 60.
23.65000, 43.
23.66000, 30.
23.67000, 55.
23.68000, 61.
23.69000, 47.
23.70000, 54.
23.71000, 52.
23.72000, 45.
23.73000, 51.
23.74000, 58.
23.75000, 59.
23.76000, 47.
23.77000, 53.
23.78000, 51.
23.79000, 51.
23.80000, 58.
23.81000, 51.
23.82000, 45.
23.83000, 49.
23.84000, 57.
23.85000, 56.
23.86000, 58.
23.87000, 59.
23.88000, 53.
23.89000, 35.
23.90000, 59.
23.91000, 53.
23.92000, 45.
23.93000, 51.
23.94000, 55.
23.95000, 63.
23.96000, 57.
23.97000, 51.
23.98000, 40.
23.99000, 56.
24.00000, 47.
24.01000, 58.
24.02000, 61.
24.03000, 48.
24.04000, 55.
24.05000, 34.
24.06000, 52.
24.07000, 46.
24.08000, 53.
24.09000, 55.
24.10000, 44.
24.11000, 50.
24.12000, 61.
24.13000, 42.
24.14000, 40.
24.15000, 48.
24.16000, 38.
24.17000, 65.
24.18000, 51.
24.19000, 42.
24.20000, 61.
24.21000, 54.
24.22000, 36.
24.23000, 47.
24.24000, 56.
24.25000, 48.
24.26000, 42.
24.27000, 49.
24.28000, 40.
24.29000, 43.
24.30000, 63.
24.31000, 50.
24.32000, 45.
24.33000, 51.
24.34000, 54.
24.35000, 43.
24.36000, 57.
24.37000, 30.
24.38000, 48.
24.39000, 52.
24.40000, 40.
24.41000, 57.
24.42000, 36.
24.43000, 51.
24.44000, 43.
24.45000, 39.
24.46000, 59.
24.47000, 48.
24.48000, 55.
24.49000, 46.
24.50000, 50.
24.51000, 43.
24.52000, 44.
24.53000, 50.
24.54000, 42.
24.55000, 54.
24.56000, 38.
24.57000, 56.
24.58000, 48.
24.59000, 58.
24.60000, 38.
24.61000, 53.
24.62000, 47.
24.63000, 53.
24.64000, 40.
24.65000, 35.
24.66000, 60.
24.67000, 59.
24.68000, 50.
24.69000, 52.
24.70000, 61.
24.71000, 33.
24.72000, 46.
24.73000, 42.
24.74000, 46.
24.75000, 60.
24.76000, 34.
24.77000, 46.
24.78000, 59.
24.79000, 57.
24.80000, 54.
24.81000, 44.
24.82000, 57.
24.83000, 50.
24.84000, 50.
24.85000, 54.
24.86000, 41.
24.87000, 50.
24.88000, 41.
24.89000, 53.
24.90000, 43.
24.91000, 59.
24.92000, 49.
24.93000, 39.
24.94000, 42.
24.95000, 46.
24.96000, 57.
24.97000, 67.
24.98000, 64.
24.99000, 74.
25.00000, 58.
25.01000, 64.
25.02000, 60.
25.03000, 57.
25.04000, 51.
25.05000, 60.
25.06000, 54.
25.07000, 51.
25.08000, 74.
25.09000, 57.
25.10000, 52.
25.11000, 66.
25.12000, 76.
25.13000, 63.
25.14000, 73.
25.15000, 83.
25.16000, 68.
25.17000, 68.
25.18000, 67.
25.19000, 64.
25.20000, 55.
25.21000, 65.
25.22000, 72.
25.23000, 60.
25.24000, 58.
25.25000, 59.
25.26000, 82.
25.27000, 57.
25.28000, 59.
25.29000, 70.
25.30000, 59.
25.31000, 65.
25.32000, 47.
25.33000, 54.
25.34000, 55.
25.35000, 54.
25.36000, 58.
25.37000, 65.
25.38000, 39.
25.39000, 55.
25.40000, 37.
25.41000, 51.
25.42000, 55.
25.43000, 46.
25.44000, 44.
25.45000, 41.
25.46000, 49.
25.47000, 44.
25.48000, 41.
25.49000, 45.
25.50000, 44.
25.51000, 48.
25.52000, 45.
25.53000, 46.
25.54000, 49.
25.55000, 47.
25.56000, 44.
25.57000, 34.
25.58000, 33.
25.59000, 31.
25.60000, 36.
25.61000, 46.
25.62000, 35.
25.63000, 52.
25.64000, 41.
25.65000, 39.
25.66000, 41.
25.67000, 40.
25.68000, 51.
25.69000, 43.
25.70000, 42.
25.71000, 34.
25.72000, 29.
25.73000, 42.
25.74000, 40.
25.75000, 42.
25.76000, 50.
25.77000, 39.
25.78000, 34.
25.79000, 48.
25.80000, 47.
25.81000, 38.
25.82000, 34.
25.83000, 41.
25.84000, 44.
25.85000, 41.
25.86000, 36.
25.87000, 37.
25.88000, 51.
25.89000, 41.
25.90000, 38.
25.91000, 36.
25.92000, 42.
25.93000, 38.
25.94000, 33.
25.95000, 39.
25.96000, 34.
25.97000, 41.
25.98000, 45.
25.99000, 38.
26.00000, 52.
26.01000, 43.
26.02000, 45.
26.03000, 37.
26.04000, 45.
26.05000, 31.
26.06000, 39.
26.07000, 42.
26.08000, 42.
26.09000, 46.
26.10000, 44.
26.11000, 33.
26.12000, 45.
26.13000, 39.
26.14000, 40.
26.15000, 31.
26.16000, 39.
26.17000, 49.
26.18000, 38.
26.19000, 39.
26.20000, 47.
26.21000, 38.
26.22000, 37.
26.23000, 46.
26.24000, 34.
26.25000, 45.
26.26000, 38.
26.27000, 37.
26.28000, 56.
26.29000, 38.
26.30000, 32.
26.31000, 36.
26.32000, 39.
26.33000, 40.
26.34000, 52.
26.35000, 41.
26.36000, 43.
26.37000, 51.
26.38000, 42.
26.39000, 40.
26.40000, 38.
26.41000, 39.
26.42000, 51.
26.43000, 37.
26.44000, 33.
26.45000, 30.
26.46000, 39.
26.47000, 48.
26.48000, 43.
26.49000, 41.
26.50000, 37.
26.51000, 40.
26.52000, 25.
26.53000, 45.
26.54000, 44.
26.55000, 38.
26.56000, 37.
26.57000, 47.
26.58000, 36.
26.59000, 39.
26.60000, 40.
26.61000, 30.
26.62000, 29.
26.63000, 42.
26.64000, 36.
26.65000, 36.
26.66000, 29.
26.67000, 45.
26.68000, 28.
26.69000, 34.
26.70000, 37.
26.71000, 43.
26.72000, 45.
26.73000, 47.
26.74000, 39.
26.75000, 33.
26.76000, 40.
26.77000, 30.
26.78000, 39.
26.79000, 35.
26.80000, 55.
26.81000, 32.
26.82000, 32.
26.83000, 42.
26.84000, 46.
26.85000, 32.
26.86000, 37.
26.87000, 34.
26.88000, 35.
26.89000, 50.
26.90000, 42.
26.91000, 37.
26.92000, 47.
26.93000, 42.
26.94000, 44.
26.95000, 36.
26.96000, 35.
26.97000, 37.
26.98000, 39.
26.99000, 43.
27.00000, 32.
27.01000, 34.
27.02000, 43.
27.03000, 30.
27.04000, 48.
27.05000, 41.
27.06000, 41.
27.07000, 35.
27.08000, 44.
27.09000, 30.
27.10000, 39.
27.11000, 41.
27.12000, 40.
27.13000, 33.
27.14000, 47.
27.15000, 38.
27.16000, 43.
27.17000, 38.
27.18000, 34.
27.19000, 39.
27.20000, 42.
27.21000, 50.
27.22000, 45.
27.23000, 42.
27.24000, 45.
27.25000, 52.
27.26000, 47.
27.27000, 42.
27.28000, 32.
27.29000, 42.
27.30000, 48.
27.31000, 43.
27.32000, 36.
27.33000, 35.
27.34000, 46.
27.35000, 42.
27.36000, 42.
27.37000, 45.
27.38000, 36.
27.39000, 41.
27.40000, 36.
27.41000, 42.
27.42000, 35.
27.43000, 43.
27.44000, 43.
27.45000, 46.
27.46000, 46.
27.47000, 35.
27.48000, 44.
27.49000, 54.
27.50000, 39.
27.51000, 37.
27.52000, 39.
27.53000, 43.
27.54000, 51.
27.55000, 41.
27.56000, 33.
27.57000, 35.
27.58000, 40.
27.59000, 39.
27.60000, 39.
27.61000, 41.
27.62000, 40.
27.63000, 36.
27.64000, 36.
27.65000, 44.
27.66000, 38.
27.67000, 36.
27.68000, 34.
27.69000, 39.
27.70000, 40.
27.71000, 34.
27.72000, 36.
27.73000, 41.
27.74000, 44.
27.75000, 32.
27.76000, 37.
27.77000, 42.
27.78000, 34.
27.79000, 38.
27.80000, 36.
27.81000, 43.
27.82000, 33.
27.83000, 47.
27.84000, 30.
27.85000, 35.
27.86000, 31.
27.87000, 37.
27.88000, 36.
27.89000, 35.
27.90000, 41.
27.91000, 30.
27.92000, 39.
27.93000, 35.
27.94000, 33.
27.95000, 48.
27.96000, 31.
27.97000, 44.
27.98000, 45.
27.99000, 30.
28.00000, 44.
28.01000, 40.
28.02000, 44.
28.03000, 45.
28.04000, 37.
28.05000, 45.
28.06000, 37.
28.07000, 33.
28.08000, 37.
28.09000, 47.
28.10000, 47.
28.11000, 39.
28.12000, 53.
28.13000, 46.
28.14000, 51.
28.15000, 43.
28.16000, 54.
28.17000, 58.
28.18000, 60.
28.19000, 56.
28.20000, 66.
28.21000, 56.
28.22000, 56.
28.23000, 85.
28.24000, 46.
28.25000, 60.
28.26000, 59.
28.27000, 47.
28.28000, 53.
28.29000, 60.
28.30000, 68.
28.31000, 57.
28.32000, 48.
28.33000, 67.
28.34000, 47.
28.35000, 51.
28.36000, 40.
28.37000, 43.
28.38000, 50.
28.39000, 53.
28.40000, 52.
28.41000, 51.
28.42000, 51.
28.43000, 46.
28.44000, 47.
28.45000, 38.
28.46000, 47.
28.47000, 48.
28.48000, 38.
28.49000, 42.
28.50000, 36.
28.51000, 38.
28.52000, 54.
28.53000, 33.
28.54000, 30.
28.55000, 52.
28.56000, 37.
28.57000, 47.
28.58000, 45.
28.59000, 40.
28.60000, 43.
28.61000, 37.
28.62000, 51.
28.63000, 33.
28.64000, 38.
28.65000, 33.
28.66000, 37.
28.67000, 35.
28.68000, 39.
28.69000, 45.
28.70000, 44.
28.71000, 27.
28.72000, 44.
28.73000, 27.
28.74000, 43.
28.75000, 42.
28.76000, 52.
28.77000, 42.
28.78000, 39.
28.79000, 39.
28.80000, 25.
28.81000, 33.
28.82000, 39.
28.83000, 31.
28.84000, 39.
28.85000, 47.
28.86000, 37.
28.87000, 33.
28.88000, 31.
28.89000, 43.
28.90000, 35.
28.91000, 44.
28.92000, 33.
28.93000, 35.
28.94000, 33.
28.95000, 40.
28.96000, 40.
28.97000, 36.
28.98000, 39.
28.99000, 31.
29.00000, 45.
29.01000, 43.
29.02000, 41.
29.03000, 41.
29.04000, 33.
29.05000, 37.
29.06000, 35.
29.07000, 41.
29.08000, 39.
29.09000, 33.
29.10000, 39.
29.11000, 39.
29.12000, 38.
29.13000, 34.
29.14000, 41.
29.15000, 41.
29.16000, 36.
29.17000, 31.
29.18000, 18.
29.19000, 34.
29.20000, 44.
29.21000, 42.
29.22000, 38.
29.23000, 34.
29.24000, 35.
29.25000, 36.
29.26000, 30.
29.27000, 50.
29.28000, 43.
29.29000, 29.
29.30000, 51.
29.31000, 31.
29.32000, 44.
29.33000, 33.
29.34000, 45.
29.35000, 33.
29.36000, 44.
29.37000, 42.
29.38000, 30.
29.39000, 38.
29.40000, 37.
29.41000, 41.
29.42000, 42.
29.43000, 48.
29.44000, 36.
29.45000, 30.
29.46000, 28.
29.47000, 33.
29.48000, 30.
29.49000, 44.
29.50000, 51.
29.51000, 46.
29.52000, 46.
29.53000, 43.
29.54000, 20.
29.55000, 37.
29.56000, 24.
29.57000, 30.
29.58000, 36.
29.59000, 47.
29.60000, 38.
29.61000, 38.
29.62000, 32.
29.63000, 29.
29.64000, 37.
29.65000, 29.
29.66000, 39.
29.67000, 28.
29.68000, 35.
29.69000, 25.
29.70000, 31.
29.71000, 36.
29.72000, 28.
29.73000, 44.
29.74000, 35.
29.75000, 34.
29.76000, 45.
29.77000, 39.
29.78000, 28.
29.79000, 41.
29.80000, 26.
29.81000, 32.
29.82000, 34.
29.83000, 39.
29.84000, 37.
29.85000, 31.
29.86000, 41.
29.87000, 34.
29.88000, 45.
29.89000, 35.
29.90000, 45.
29.91000, 33.
29.92000, 38.
29.93000, 44.
29.94000, 22.
29.95000, 36.
29.96000, 46.
29.97000, 43.
29.98000, 43.
29.99000, 44.
30.00000, 45.
30.01000, 45.
30.02000, 33.
30.03000, 33.
30.04000, 44.
30.05000, 36.
30.06000, 35.
30.07000, 46.
30.08000, 33.
30.09000, 35.
30.10000, 25.
30.11000, 30.
30.12000, 42.
30.13000, 27.
30.14000, 38.
30.15000, 28.
30.16000, 30.
30.17000, 30.
30.18000, 37.
30.19000, 33.
30.20000, 34.
30.21000, 42.
30.22000, 34.
30.23000, 31.
30.24000, 29.
30.25000, 18.
30.26000, 33.
30.27000, 39.
30.28000, 31.
30.29000, 40.
30.30000, 30.
30.31000, 24.
30.32000, 25.
30.33000, 50.
30.34000, 29.
30.35000, 44.
30.36000, 24.
30.37000, 30.
30.38000, 35.
30.39000, 30.
30.40000, 34.
30.41000, 23.
30.42000, 35.
30.43000, 24.
30.44000, 30.
30.45000, 25.
30.46000, 39.
30.47000, 28.
30.48000, 32.
30.49000, 31.
30.50000, 27.
30.51000, 32.
30.52000, 43.
30.53000, 41.
30.54000, 32.
30.55000, 31.
30.56000, 29.
30.57000, 42.
30.58000, 17.
30.59000, 32.
30.60000, 43.
30.61000, 34.
30.62000, 47.
30.63000, 44.
30.64000, 23.
30.65000, 30.
30.66000, 38.
30.67000, 29.
30.68000, 28.
30.69000, 41.
30.70000, 36.
30.71000, 34.
30.72000, 22.
30.73000, 39.
30.74000, 39.
30.75000, 27.
30.76000, 40.
30.77000, 27.
30.78000, 40.
30.79000, 29.
30.80000, 28.
30.81000, 37.
30.82000, 30.
30.83000, 25.
30.84000, 34.
30.85000, 39.
30.86000, 32.
30.87000, 23.
30.88000, 46.
30.89000, 34.
30.90000, 30.
30.91000, 30.
30.92000, 32.
30.93000, 31.
30.94000, 40.
30.95000, 45.
30.96000, 32.
30.97000, 41.
30.98000, 29.
30.99000, 33.
31.00000, 22.
31.01000, 32.
31.02000, 39.
31.03000, 39.
31.04000, 32.
31.05000, 31.
31.06000, 29.
31.07000, 33.
31.08000, 36.
31.09000, 31.
31.10000, 28.
31.11000, 49.
31.12000, 42.
31.13000, 35.
31.14000, 32.
31.15000, 29.
31.16000, 29.
31.17000, 43.
31.18000, 32.
31.19000, 15.
31.20000, 26.
31.21000, 31.
31.22000, 38.
31.23000, 43.
31.24000, 23.
31.25000, 35.
31.26000, 31.
31.27000, 36.
31.28000, 41.
31.29000, 30.
31.30000, 25.
31.31000, 40.
31.32000, 23.
31.33000, 41.
31.34000, 25.
31.35000, 40.
31.36000, 42.
31.37000, 31.
31.38000, 49.
31.39000, 48.
31.40000, 43.
31.41000, 38.
31.42000, 50.
31.43000, 51.
31.44000, 44.
31.45000, 63.
31.46000, 66.
31.47000, 72.
31.48000, 68.
31.49000, 74.
31.50000, 86.
31.51000, 82.
31.52000, 102.
31.53000, 115.
31.54000, 123.
31.55000, 156.
31.56000, 169.
31.57000, 173.
31.58000, 189.
31.59000, 204.
31.60000, 243.
31.61000, 244.
31.62000, 275.
31.63000, 283.
31.64000, 335.
31.65000, 331.
31.66000, 384.
31.67000, 375.
31.68000, 376.
31.69000, 407.
31.70000, 443.
31.71000, 484.
31.72000, 456.
31.73000, 450.
31.74000, 440.
31.75000, 416.
31.76000, 491.
31.77000, 489.
31.78000, 462.
31.79000, 462.
31.80000, 439.
31.81000, 463.
31.82000, 457.
31.83000, 386.
31.84000, 406.
31.85000, 395.
31.86000, 420.
31.87000, 355.
31.88000, 363.
31.89000, 408.
31.90000, 372.
31.91000, 378.
31.92000, 386.
31.93000, 427.
31.94000, 397.
31.95000, 428.
31.96000, 462.
31.97000, 454.
31.98000, 472.
31.99000, 490.
32.00000, 520.
32.01000, 571.
32.02000, 554.
32.03000, 637.
32.04000, 681.
32.05000, 675.
32.06000, 711.
32.07000, 684.
32.08000, 736.
32.09000, 783.
32.10000, 783.
32.11000, 779.
32.12000, 806.
32.13000, 804.
32.14000, 828.
32.15000, 801.
32.16000, 757.
32.17000, 778.
32.18000, 762.
32.19000, 680.
32.20000, 700.
32.21000, 687.
32.22000, 659.
32.23000, 610.
32.24000, 543.
32.25000, 517.
32.26000, 509.
32.27000, 429.
32.28000, 400.
32.29000, 357.
32.30000, 355.
32.31000, 301.
32.32000, 264.
32.33000, 240.
32.34000, 199.
32.35000, 206.
32.36000, 181.
32.37000, 129.
32.38000, 136.
32.39000, 128.
32.40000, 102.
32.41000, 95.
32.42000, 85.
32.43000, 71.
32.44000, 63.
32.45000, 58.
32.46000, 43.
32.47000, 41.
32.48000, 45.
32.49000, 17.
32.50000, 26.
32.51000, 29.
32.52000, 33.
32.53000, 31.
32.54000, 31.
32.55000, 25.
32.56000, 26.
32.57000, 28.
32.58000, 30.
32.59000, 23.
32.60000, 31.
32.61000, 26.
32.62000, 29.
32.63000, 24.
32.64000, 23.
32.65000, 32.
32.66000, 21.
32.67000, 22.
32.68000, 23.
32.69000, 26.
32.70000, 26.
32.71000, 28.
32.72000, 36.
32.73000, 24.
32.74000, 27.
32.75000, 33.
32.76000, 28.
32.77000, 41.
32.78000, 36.
32.79000, 53.
32.80000, 45.
32.81000, 49.
32.82000, 36.
32.83000, 43.
32.84000, 46.
32.85000, 54.
32.86000, 62.
32.87000, 62.
32.88000, 61.
32.89000, 68.
32.90000, 67.
32.91000, 62.
32.92000, 66.
32.93000, 68.
32.94000, 61.
32.95000, 63.
32.96000, 63.
32.97000, 67.
32.98000, 72.
32.99000, 79.
33.00000, 76.
33.01000, 76.
33.02000, 58.
33.03000, 56.
33.04000, 59.
33.05000, 61.
33.06000, 74.
33.07000, 61.
33.08000, 54.
33.09000, 55.
33.10000, 45.
33.11000, 42.
33.12000, 51.
33.13000, 50.
33.14000, 40.
33.15000, 45.
33.16000, 55.
33.17000, 53.
33.18000, 62.
33.19000, 45.
33.20000, 52.
33.21000, 57.
33.22000, 58.
33.23000, 61.
33.24000, 72.
33.25000, 67.
33.26000, 82.
33.27000, 79.
33.28000, 92.
33.29000, 88.
33.30000, 83.
33.31000, 100.
33.32000, 92.
33.33000, 68.
33.34000, 87.
33.35000, 100.
33.36000, 83.
33.37000, 87.
33.38000, 92.
33.39000, 83.
33.40000, 92.
33.41000, 87.
33.42000, 73.
33.43000, 82.
33.44000, 85.
33.45000, 78.
33.46000, 78.
33.47000, 88.
33.48000, 62.
33.49000, 77.
33.50000, 53.
33.51000, 56.
33.52000, 60.
33.53000, 46.
33.54000, 46.
33.55000, 50.
33.56000, 39.
33.57000, 48.
33.58000, 36.
33.59000, 36.
33.60000, 33.
33.61000, 27.
33.62000, 26.
33.63000, 30.
33.64000, 27.
33.65000, 22.
33.66000, 24.
33.67000, 23.
33.68000, 24.
33.69000, 26.
33.70000, 14.
33.71000, 20.
33.72000, 13.
33.73000, 21.
33.74000, 15.
33.75000, 16.
33.76000, 23.
33.77000, 22.
33.78000, 17.
33.79000, 17.
33.80000, 15.
33.81000, 15.
33.82000, 13.
33.83000, 21.
33.84000, 13.
33.85000, 15.
33.86000, 22.
33.87000, 5.
33.88000, 15.
33.89000, 20.
33.90000, 18.
33.91000, 16.
33.92000, 23.
33.93000, 20.
33.94000, 18.
33.95000, 30.
33.96000, 23.
33.97000, 14.
33.98000, 20.
33.99000, 25.
34.00000, 35.
34.01000, 34.
34.02000, 32.
34.03000, 36.
34.04000, 31.
34.05000, 32.
34.06000, 29.
34.07000, 46.
34.08000, 34.
34.09000, 44.
34.10000, 46.
34.11000, 48.
34.12000, 48.
34.13000, 44.
34.14000, 49.
34.15000, 49.
34.16000, 49.
34.17000, 54.
34.18000, 61.
34.19000, 51.
34.20000, 59.
34.21000, 56.
34.22000, 57.
34.23000, 68.
34.24000, 39.
34.25000, 58.
34.26000, 49.
34.27000, 52.
34.28000, 53.
34.29000, 51.
34.30000, 44.
34.31000, 53.
34.32000, 62.
34.33000, 48.
34.34000, 53.
34.35000, 49.
34.36000, 42.
34.37000, 46.
34.38000, 41.
34.39000, 43.
34.40000, 47.
34.41000, 41.
34.42000, 43.
34.43000, 40.
34.44000, 62.
34.45000, 43.
34.46000, 37.
34.47000, 50.
34.48000, 47.
34.49000, 52.
34.50000, 50.
34.51000, 43.
34.52000, 63.
34.53000, 70.
34.54000, 72.
34.55000, 73.
34.56000, 66.
34.57000, 73.
34.58000, 83.
34.59000, 77.
34.60000, 86.
34.61000, 84.
34.62000, 87.
34.63000, 90.
34.64000, 71.
34.65000, 86.
34.66000, 94.
34.67000, 98.
34.68000, 86.
34.69000, 73.
34.70000, 114.
34.71000, 88.
34.72000, 60.
34.73000, 77.
34.74000, 72.
34.75000, 72.
34.76000, 58.
34.77000, 58.
34.78000, 44.
34.79000, 51.
34.80000, 60.
34.81000, 54.
34.82000, 49.
34.83000, 36.
34.84000, 34.
34.85000, 40.
34.86000, 44.
34.87000, 23.
34.88000, 22.
34.89000, 28.
34.90000, 20.
34.91000, 20.
34.92000, 17.
34.93000, 19.
34.94000, 18.
34.95000, 16.
34.96000, 17.
34.97000, 9.
34.98000, 8.
34.99000, 12.
35.00000, 10.
35.01000, 14.
35.02000, 12.
35.03000, 8.
35.04000, 16.
35.05000, 14.
35.06000, 11.
35.07000, 10.
35.08000, 14.
35.09000, 13.
35.10000, 12.
35.11000, 7.
35.12000, 21.
35.13000, 18.
35.14000, 6.
35.15000, 15.
35.16000, 13.
35.17000, 12.
35.18000, 7.
35.19000, 13.
35.20000, 14.
35.21000, 18.
35.22000, 8.
35.23000, 18.
35.24000, 11.
35.25000, 7.
35.26000, 14.
35.27000, 13.
35.28000, 14.
35.29000, 13.
35.30000, 11.
35.31000, 12.
35.32000, 19.
35.33000, 12.
35.34000, 16.
35.35000, 8.
35.36000, 14.
35.37000, 17.
35.38000, 19.
35.39000, 12.
35.40000, 19.
35.41000, 10.
35.42000, 20.
35.43000, 18.
35.44000, 17.
35.45000, 10.
35.46000, 13.
35.47000, 15.
35.48000, 18.
35.49000, 17.
35.50000, 18.
35.51000, 20.
35.52000, 14.
35.53000, 17.
35.54000, 17.
35.55000, 16.
35.56000, 12.
35.57000, 14.
35.58000, 14.
35.59000, 13.
35.60000, 24.
35.61000, 11.
35.62000, 18.
35.63000, 20.
35.64000, 15.
35.65000, 17.
35.66000, 19.
35.67000, 13.
35.68000, 13.
35.69000, 13.
35.70000, 16.
35.71000, 18.
35.72000, 18.
35.73000, 13.
35.74000, 19.
35.75000, 23.
35.76000, 15.
35.77000, 17.
35.78000, 13.
35.79000, 13.
35.80000, 16.
35.81000, 17.
35.82000, 12.
35.83000, 16.
35.84000, 18.
35.85000, 23.
35.86000, 24.
35.87000, 21.
35.88000, 23.
35.89000, 19.
35.90000, 17.
35.91000, 25.
35.92000, 25.
35.93000, 22.
35.94000, 37.
35.95000, 31.
35.96000, 29.
35.97000, 28.
35.98000, 26.
35.99000, 39.
36.00000, 36.
36.01000, 49.
36.02000, 42.
36.03000, 45.
36.04000, 36.
36.05000, 56.
36.06000, 68.
36.07000, 67.
36.08000, 63.
36.09000, 85.
36.10000, 72.
36.11000, 88.
36.12000, 101.
36.13000, 91.
36.14000, 107.
36.15000, 102.
36.16000, 123.
36.17000, 125.
36.18000, 130.
36.19000, 131.
36.20000, 143.
36.21000, 162.
36.22000, 152.
36.23000, 142.
36.24000, 150.
36.25000, 186.
36.26000, 171.
36.27000, 174.
36.28000, 165.
36.29000, 184.
36.30000, 169.
36.31000, 176.
36.32000, 176.
36.33000, 165.
36.34000, 159.
36.35000, 149.
36.36000, 128.
36.37000, 156.
36.38000, 140.
36.39000, 126.
36.40000, 126.
36.41000, 109.
36.42000, 91.
36.43000, 90.
36.44000, 89.
36.45000, 79.
36.46000, 79.
36.47000, 86.
36.48000, 51.
36.49000, 46.
36.50000, 60.
36.51000, 53.
36.52000, 50.
36.53000, 37.
36.54000, 43.
36.55000, 40.
36.56000, 30.
36.57000, 25.
36.58000, 38.
36.59000, 27.
36.60000, 17.
36.61000, 17.
36.62000, 20.
36.63000, 15.
36.64000, 18.
36.65000, 15.
36.66000, 18.
36.67000, 13.
36.68000, 18.
36.69000, 12.
36.70000, 16.
36.71000, 11.
36.72000, 19.
36.73000, 21.
36.74000, 22.
36.75000, 16.
36.76000, 15.
36.77000, 10.
36.78000, 19.
36.79000, 14.
36.80000, 11.
36.81000, 18.
36.82000, 22.
36.83000, 18.
36.84000, 13.
36.85000, 16.
36.86000, 15.
36.87000, 20.
36.88000, 20.
36.89000, 15.
36.90000, 16.
36.91000, 24.
36.92000, 17.
36.93000, 17.
36.94000, 21.
36.95000, 21.
36.96000, 14.
36.97000, 19.
36.98000, 21.
36.99000, 23.
37.00000, 21.
37.01000, 19.
37.02000, 28.
37.03000, 33.
37.04000, 32.
37.05000, 33.
37.06000, 58.
37.07000, 39.
37.08000, 55.
37.09000, 34.
37.10000, 44.
37.11000, 38.
37.12000, 48.
37.13000, 44.
37.14000, 55.
37.15000, 57.
37.16000, 45.
37.17000, 50.
37.18000, 48.
37.19000, 42.
37.20000, 51.
37.21000, 39.
37.22000, 39.
37.23000, 43.
37.24000, 32.
37.25000, 52.
37.26000, 39.
37.27000, 53.
37.28000, 49.
37.29000, 45.
37.30000, 47.
37.31000, 29.
37.32000, 38.
37.33000, 42.
37.34000, 21.
37.35000, 36.
37.36000, 33.
37.37000, 29.
37.38000, 33.
37.39000, 25.
37.40000, 34.
37.41000, 21.
37.42000, 23.
37.43000, 18.
37.44000, 16.
37.45000, 22.
37.46000, 21.
37.47000, 21.
37.48000, 23.
37.49000, 18.
37.50000, 17.
37.51000, 17.
37.52000, 8.
37.53000, 10.
37.54000, 11.
37.55000, 21.
37.56000, 23.
37.57000, 5.
37.58000, 19.
37.59000, 11.
37.60000, 20.
37.61000, 17.
37.62000, 18.
37.63000, 21.
37.64000, 17.
37.65000, 18.
37.66000, 20.
37.67000, 10.
37.68000, 21.
37.69000, 24.
37.70000, 10.
37.71000, 14.
37.72000, 19.
37.73000, 19.
37.74000, 10.
37.75000, 14.
37.76000, 15.
37.77000, 14.
37.78000, 14.
37.79000, 9.
37.80000, 13.
37.81000, 15.
37.82000, 10.
37.83000, 13.
37.84000, 13.
37.85000, 13.
37.86000, 10.
37.87000, 11.
37.88000, 8.
37.89000, 9.
37.90000, 7.
37.91000, 10.
37.92000, 11.
37.93000, 10.
37.94000, 5.
37.95000, 4.
37.96000, 5.
37.97000, 4.
37.98000, 8.
37.99000, 5.
38.00000, 6.
38.01000, 8.
38.02000, 13.
38.03000, 6.
38.04000, 7.
38.05000, 8.
38.06000, 5.
38.07000, 2.
38.08000, 8.
38.09000, 7.
38.10000, 6.
38.11000, 2.
38.12000, 1.
38.13000, 7.
38.14000, 10.
38.15000, 5.
38.16000, 5.
38.17000, 4.
38.18000, 5.
38.19000, 8.
38.20000, 3.
38.21000, 3.
38.22000, 5.
38.23000, 5.
38.24000, 5.
38.25000, 4.
38.26000, 7.
38.27000, 8.
38.28000, 3.
38.29000, 1.
38.30000, 3.
38.31000, 2.
38.32000, 2.
38.33000, 2.
38.34000, 2.
38.35000, 3.
38.36000, 5.
38.37000, 8.
38.38000, 4.
38.39000, 4.
38.40000, 5.
38.41000, 3.
38.42000, 4.
38.43000, 9.
38.44000, 5.
38.45000, 4.
38.46000, 7.
38.47000, 8.
38.48000, 3.
38.49000, 4.
38.50000, 7.
38.51000, 8.
38.52000, 7.
38.53000, 5.
38.54000, 9.
38.55000, 4.
38.56000, 6.
38.57000, 4.
38.58000, 7.
38.59000, 5.
38.60000, 6.
38.61000, 7.
38.62000, 5.
38.63000, 7.
38.64000, 7.
38.65000, 6.
38.66000, 12.
38.67000, 12.
38.68000, 8.
38.69000, 5.
38.70000, 3.
38.71000, 6.
38.72000, 8.
38.73000, 11.
38.74000, 8.
38.75000, 7.
38.76000, 8.
38.77000, 7.
38.78000, 10.
38.79000, 2.
38.80000, 4.
38.81000, 7.
38.82000, 7.
38.83000, 9.
38.84000, 7.
38.85000, 6.
38.86000, 5.
38.87000, 5.
38.88000, 5.
38.89000, 7.
38.90000, 7.
38.91000, 5.
38.92000, 10.
38.93000, 6.
38.94000, 8.
38.95000, 8.
38.96000, 15.
38.97000, 8.
38.98000, 6.
38.99000, 8.
39.00000, 7.
39.01000, 9.
39.02000, 17.
39.03000, 7.
39.04000, 14.
39.05000, 13.
39.06000, 12.
39.07000, 16.
39.08000, 15.
39.09000, 17.
39.10000, 6.
39.11000, 18.
39.12000, 8.
39.13000, 13.
39.14000, 9.
39.15000, 11.
39.16000, 24.
39.17000, 11.
39.18000, 15.
39.19000, 12.
39.20000, 14.
39.21000, 11.
39.22000, 14.
39.23000, 15.
39.24000, 13.
39.25000, 14.
39.26000, 3.
39.27000, 12.
39.28000, 8.
39.29000, 7.
39.30000, 11.
39.31000, 8.
39.32000, 3.
39.33000, 13.
39.34000, 10.
39.35000, 3.
39.36000, 4.
39.37000, 5.
39.38000, 7.
39.39000, 2.
39.40000, 5.
39.41000, 3.
39.42000, 2.
39.43000, 8.
39.44000, 4.
39.45000, 3.
39.46000, 2.
39.47000, 5.
39.48000, 3.
39.49000, 7.
39.50000, 0.
39.51000, 7.
39.52000, 6.
39.53000, 3.
39.54000, 3.
39.55000, 8.
39.56000, 2.
39.57000, 4.
39.58000, 3.
39.59000, 1.
39.60000, 1.
39.61000, 2.
39.62000, 4.
39.63000, 2.
39.64000, 4.
39.65000, 4.
39.66000, 1.
39.67000, 0.
39.68000, 4.
39.69000, 5.
39.70000, 0.
39.71000, 2.
39.72000, 6.
39.73000, 2.
39.74000, 4.
39.75000, 3.
39.76000, 4.
39.77000, 3.
39.78000, 5.
39.79000, 2.
39.80000, 3.
39.81000, 5.
39.82000, 5.
39.83000, 3.
39.84000, 4.
39.85000, 2.
39.86000, 3.
39.87000, 5.
39.88000, 3.
39.89000, 1.
39.90000, 6.
39.91000, 2.
39.92000, 8.
39.93000, 4.
39.94000, 9.
39.95000, 3.
39.96000, 6.
39.97000, 3.
39.98000, 1.
39.99000, 4.
40.00000, 5.
40.01000, 6.
40.02000, 3.
40.03000, 5.
40.04000, 5.
40.05000, 6.
40.06000, 5.
40.07000, 2.
40.08000, 7.
40.09000, 8.
40.10000, 8.
40.11000, 9.
40.12000, 5.
40.13000, 3.
40.14000, 4.
40.15000, 5.
40.16000, 5.
40.17000, 2.
40.18000, 4.
40.19000, 2.
40.20000, 4.
40.21000, 7.
40.22000, 5.
40.23000, 6.
40.24000, 8.
40.25000, 6.
40.26000, 2.
40.27000, 2.
40.28000, 4.
40.29000, 3.
40.30000, 9.
40.31000, 6.
40.32000, 5.
40.33000, 4.
40.34000, 7.
40.35000, 4.
40.36000, 4.
40.37000, 1.
40.38000, 0.
40.39000, 4.
40.40000, 1.
40.41000, 3.
40.42000, 2.
40.43000, 3.
40.44000, 2.
40.45000, 3.
40.46000, 3.
40.47000, 1.
40.48000, 3.
40.49000, 1.
40.50000, 3.
40.51000, 5.
40.52000, 2.
40.53000, 2.
40.54000, 5.
40.55000, 0.
#ENDOFDATA   : 
