#FORMAT      : EMSA/MAS Spectral Data File
#VERSION     : 1.0
#TITLE       : lo 4
#DATE        : 24-JUL-2026
#TIME        : 11:39
#OWNER       : XGT7200
#NPOINTS     : 4096.
#NCOLUMNS    : 1.
#XUNITS      : keV
#YUNITS      : counts
#DATATYPE    : XY
#XPERCHAN    : 0.0100000
#OFFSET      : -0.400000
#SIGNALTYPE  : EDS
#CHOFFSET    : 40.0000
#LIVETIME    : 60.000000
#REALTIME    : 79.942804
#BEAMKV      : 50.0000
#PROBECUR    : 571000.
#MAGCAM      : 100.000
#XTILTSTGE   : 0.0
#AZIMANGLE   : 0.0
#ELEVANGLE   : 45.0
#XPOSITION mm: 0.0000
#YPOSITION mm: 0.0000
#ZPOSITION mm: 0.0000
##OXINSTPT   : 4
##OXINSTSTROB: 71.94
##OXINSTELEMS: 12,13,14,16,20,25,26,38,39,45,56,58,70
##OXINSTLABEL: 56, 32.194, Ba
##OXINSTLABEL: 56, 31.818, Ba
##OXINSTLABEL: 56, 36.379, Ba
##OXINSTLABEL: 56, 37.258, Ba
##OXINSTLABEL: 56, 4.466, Ba
##OXINSTLABEL: 56, 4.828, Ba
##OXINSTLABEL: 56, 5.157, Ba
##OXINSTLABEL: 56, 4.331, Ba
##OXINSTLABEL: 56, 5.531, Ba
##OXINSTLABEL: 56, 5.797, Ba
##OXINSTLABEL: 56, 3.954, Ba
##OXINSTLABEL: 38, 14.165, Sr
##OXINSTLABEL: 38, 15.836, Sr
##OXINSTLABEL: 38, 16.085, Sr
##OXINSTLABEL: 38, 1.807, Sr
##OXINSTLABEL: 38, 1.649, Sr
##OXINSTLABEL: 38, 1.582, Sr
##OXINSTLABEL: 20, 3.692, Ca
##OXINSTLABEL: 20, 4.013, Ca
##OXINSTLABEL: 20, 0.341, Ca
##OXINSTLABEL: 20, 0.306, Ca
##OXINSTLABEL: 26, 6.404, Fe
##OXINSTLABEL: 26, 7.058, Fe
##OXINSTLABEL: 26, 0.705, Fe
##OXINSTLABEL: 26, 0.628, Fe
##OXINSTLABEL: 45, 20.216, Rh
##OXINSTLABEL: 45, 22.724, Rh
##OXINSTLABEL: 45, 23.173, Rh
##OXINSTLABEL: 45, 2.697, Rh
##OXINSTLABEL: 45, 2.834, Rh
##OXINSTLABEL: 45, 2.519, Rh
##OXINSTLABEL: 45, 3.364, Rh
##OXINSTLABEL: 45, 2.377, Rh
##OXINSTLABEL: 16, 2.308, S
##OXINSTLABEL: 16, 2.464, S
##OXINSTLABEL: 12, 1.254, Mg
##OXINSTLABEL: 14, 1.740, Si
##OXINSTLABEL: 13, 1.487, Al
##OXINSTLABEL: 25, 5.899, Mn
##OXINSTLABEL: 25, 6.491, Mn
##OXINSTLABEL: 25, 0.636, Mn
##OXINSTLABEL: 25, 0.567, Mn
##OXINSTLABEL: 39, 14.959, Y
##OXINSTLABEL: 39, 16.738, Y
##OXINSTLABEL: 39, 17.016, Y
##OXINSTLABEL: 39, 1.923, Y
##OXINSTLABEL: 39, 1.761, Y
##OXINSTLABEL: 39, 1.685, Y
##OXINSTLABEL: 58, 34.720, Ce
##OXINSTLABEL: 58, 34.279, Ce
##OXINSTLABEL: 58, 39.258, Ce
##OXINSTLABEL: 58, 4.840, Ce
##OXINSTLABEL: 58, 5.262, Ce
##OXINSTLABEL: 58, 5.613, Ce
##OXINSTLABEL: 58, 4.732, Ce
##OXINSTLABEL: 58, 6.052, Ce
##OXINSTLABEL: 58, 6.325, Ce
##OXINSTLABEL: 58, 4.288, Ce
##OXINSTLABEL: 58, 0.883, Ce
##OXINSTLABEL: 58, 1.075, Ce
##OXINSTLABEL: 58, 0.676, Ce
##OXINSTLABEL: 70, 7.416, Yb
##OXINSTLABEL: 70, 8.402, Yb
##OXINSTLABEL: 70, 8.759, Yb
##OXINSTLABEL: 70, 7.580, Yb
##OXINSTLABEL: 70, 9.780, Yb
##OXINSTLABEL: 70, 10.090, Yb
##OXINSTLABEL: 70, 6.546, Yb
##OXINSTLABEL: 70, 1.521, Yb
##OXINSTLABEL: 70, 1.765, Yb
##OXINSTLABEL: 70, 1.183, Yb
#SPECTRUM    : Spectral Data Starts Here
-0.40000, 0.
-0.39000, 0.
-0.38000, 0.
-0.37000, 0.
-0.36000, 0.
-0.35000, 0.
-0.34000, 0.
-0.33000, 0.
-0.32000, 0.
-0.31000, 0.
-0.30000, 0.
-0.29000, 0.
-0.28000, 0.
-0.27000, 0.
-0.26000, 0.
-0.25000, 0.
-0.24000, 0.
-0.23000, 0.
-0.22000, 0.
-0.21000, 0.
-0.20000, 0.
-0.19000, 0.
-0.18000, 0.
-0.17000, 0.
-0.16000, 0.
-0.15000, 0.
-0.14000, 0.
-0.13000, 0.
-0.12000, 0.
-0.11000, 0.
-0.10000, 0.
-0.09000, 0.
-0.08000, 0.
-0.07000, 0.
-0.06000, 0.
-0.05000, 0.
-0.04000, 0.
-0.03000, 0.
-0.02000, 0.
-0.01000, 0.
0.00000, 0.
0.01000, 0.
0.02000, 0.
0.03000, 0.
0.04000, 0.
0.05000, 0.
0.06000, 0.
0.07000, 0.
0.08000, 0.
0.09000, 0.
0.10000, 0.
0.11000, 0.
0.12000, 0.
0.13000, 0.
0.14000, 0.
0.15000, 0.
0.16000, 0.
0.17000, 0.
0.18000, 0.
0.19000, 0.
0.20000, 0.
0.21000, 0.
0.22000, 0.
0.23000, 0.
0.24000, 0.
0.25000, 0.
0.26000, 0.
0.27000, 0.
0.28000, 0.
0.29000, 0.
0.30000, 0.
0.31000, 0.
0.32000, 1.
0.33000, 1.
0.34000, 1.
0.35000, 3.
0.36000, 14.
0.37000, 9.
0.38000, 14.
0.39000, 26.
0.40000, 33.
0.41000, 37.
0.42000, 43.
0.43000, 59.
0.44000, 56.
0.45000, 66.
0.46000, 66.
0.47000, 75.
0.48000, 62.
0.49000, 73.
0.50000, 46.
0.51000, 73.
0.52000, 67.
0.53000, 71.
0.54000, 63.
0.55000, 67.
0.56000, 65.
0.57000, 70.
0.58000, 76.
0.59000, 60.
0.60000, 57.
0.61000, 73.
0.62000, 68.
0.63000, 62.
0.64000, 62.
0.65000, 76.
0.66000, 65.
0.67000, 39.
0.68000, 48.
0.69000, 69.
0.70000, 61.
0.71000, 62.
0.72000, 57.
0.73000, 53.
0.74000, 54.
0.75000, 57.
0.76000, 69.
0.77000, 54.
0.78000, 68.
0.79000, 44.
0.80000, 51.
0.81000, 69.
0.82000, 70.
0.83000, 53.
0.84000, 59.
0.85000, 69.
0.86000, 56.
0.87000, 57.
0.88000, 67.
0.89000, 60.
0.90000, 69.
0.91000, 62.
0.92000, 75.
0.93000, 81.
0.94000, 80.
0.95000, 74.
0.96000, 72.
0.97000, 76.
0.98000, 66.
0.99000, 83.
1.00000, 64.
1.01000, 78.
1.02000, 66.
1.03000, 59.
1.04000, 52.
1.05000, 63.
1.06000, 72.
1.07000, 70.
1.08000, 67.
1.09000, 77.
1.10000, 52.
1.11000, 51.
1.12000, 47.
1.13000, 69.
1.14000, 73.
1.15000, 67.
1.16000, 55.
1.17000, 62.
1.18000, 67.
1.19000, 72.
1.20000, 99.
1.21000, 89.
1.22000, 101.
1.23000, 100.
1.24000, 99.
1.25000, 135.
1.26000, 125.
1.27000, 110.
1.28000, 105.
1.29000, 96.
1.30000, 61.
1.31000, 83.
1.32000, 71.
1.33000, 43.
1.34000, 54.
1.35000, 69.
1.36000, 34.
1.37000, 39.
1.38000, 50.
1.39000, 64.
1.40000, 52.
1.41000, 68.
1.42000, 58.
1.43000, 56.
1.44000, 77.
1.45000, 64.
1.46000, 80.
1.47000, 102.
1.48000, 87.
1.49000, 94.
1.50000, 84.
1.51000, 76.
1.52000, 84.
1.53000, 69.
1.54000, 63.
1.55000, 65.
1.56000, 61.
1.57000, 47.
1.58000, 54.
1.59000, 52.
1.60000, 38.
1.61000, 48.
1.62000, 52.
1.63000, 60.
1.64000, 61.
1.65000, 73.
1.66000, 80.
1.67000, 123.
1.68000, 151.
1.69000, 164.
1.70000, 221.
1.71000, 253.
1.72000, 307.
1.73000, 355.
1.74000, 360.
1.75000, 401.
1.76000, 400.
1.77000, 377.
1.78000, 341.
1.79000, 275.
1.80000, 297.
1.81000, 254.
1.82000, 225.
1.83000, 205.
1.84000, 221.
1.85000, 234.
1.86000, 228.
1.87000, 298.
1.88000, 368.
1.89000, 479.
1.90000, 525.
1.91000, 610.
1.92000, 662.
1.93000, 810.
1.94000, 883.
1.95000, 893.
1.96000, 861.
1.97000, 829.
1.98000, 750.
1.99000, 608.
2.00000, 481.
2.01000, 422.
2.02000, 285.
2.03000, 238.
2.04000, 164.
2.05000, 143.
2.06000, 126.
2.07000, 86.
2.08000, 95.
2.09000, 92.
2.10000, 88.
2.11000, 95.
2.12000, 83.
2.13000, 80.
2.14000, 89.
2.15000, 116.
2.16000, 124.
2.17000, 108.
2.18000, 119.
2.19000, 142.
2.20000, 161.
2.21000, 173.
2.22000, 239.
2.23000, 244.
2.24000, 269.
2.25000, 316.
2.26000, 383.
2.27000, 432.
2.28000, 450.
2.29000, 473.
2.30000, 501.
2.31000, 493.
2.32000, 419.
2.33000, 433.
2.34000, 393.
2.35000, 332.
2.36000, 306.
2.37000, 247.
2.38000, 224.
2.39000, 164.
2.40000, 145.
2.41000, 124.
2.42000, 120.
2.43000, 98.
2.44000, 109.
2.45000, 100.
2.46000, 102.
2.47000, 120.
2.48000, 100.
2.49000, 101.
2.50000, 108.
2.51000, 99.
2.52000, 112.
2.53000, 97.
2.54000, 109.
2.55000, 114.
2.56000, 137.
2.57000, 139.
2.58000, 178.
2.59000, 211.
2.60000, 252.
2.61000, 368.
2.62000, 450.
2.63000, 472.
2.64000, 647.
2.65000, 748.
2.66000, 969.
2.67000, 998.
2.68000, 1118.
2.69000, 1177.
2.70000, 1229.
2.71000, 1211.
2.72000, 1177.
2.73000, 1044.
2.74000, 987.
2.75000, 800.
2.76000, 814.
2.77000, 784.
2.78000, 716.
2.79000, 807.
2.80000, 757.
2.81000, 817.
2.82000, 875.
2.83000, 949.
2.84000, 902.
2.85000, 944.
2.86000, 1028.
2.87000, 980.
2.88000, 925.
2.89000, 797.
2.90000, 767.
2.91000, 770.
2.92000, 720.
2.93000, 565.
2.94000, 592.
2.95000, 513.
2.96000, 491.
2.97000, 425.
2.98000, 404.
2.99000, 341.
3.00000, 304.
3.01000, 308.
3.02000, 274.
3.03000, 272.
3.04000, 243.
3.05000, 217.
3.06000, 211.
3.07000, 183.
3.08000, 173.
3.09000, 172.
3.10000, 143.
3.11000, 160.
3.12000, 156.
3.13000, 154.
3.14000, 149.
3.15000, 172.
3.16000, 144.
3.17000, 165.
3.18000, 168.
3.19000, 162.
3.20000, 172.
3.21000, 161.
3.22000, 150.
3.23000, 158.
3.24000, 162.
3.25000, 152.
3.26000, 159.
3.27000, 174.
3.28000, 166.
3.29000, 179.
3.30000, 189.
3.31000, 175.
3.32000, 153.
3.33000, 184.
3.34000, 158.
3.35000, 164.
3.36000, 154.
3.37000, 144.
3.38000, 153.
3.39000, 136.
3.40000, 147.
3.41000, 162.
3.42000, 159.
3.43000, 170.
3.44000, 211.
3.45000, 189.
3.46000, 240.
3.47000, 255.
3.48000, 302.
3.49000, 357.
3.50000, 434.
3.51000, 479.
3.52000, 727.
3.53000, 998.
3.54000, 1378.
3.55000, 2036.
3.56000, 2943.
3.57000, 4526.
3.58000, 6633.
3.59000, 9804.
3.60000, 13752.
3.61000, 19032.
3.62000, 25956.
3.63000, 33613.
3.64000, 41810.
3.65000, 51408.
3.66000, 60040.
3.67000, 67014.
3.68000, 71980.
3.69000, 75106.
3.70000, 75553.
3.71000, 72420.
3.72000, 67149.
3.73000, 60247.
3.74000, 50993.
3.75000, 42101.
3.76000, 33679.
3.77000, 25543.
3.78000, 19005.
3.79000, 13251.
3.80000, 9182.
3.81000, 6245.
3.82000, 4049.
3.83000, 2580.
3.84000, 1695.
3.85000, 1264.
3.86000, 944.
3.87000, 874.
3.88000, 933.
3.89000, 1115.
3.90000, 1470.
3.91000, 1875.
3.92000, 2388.
3.93000, 3223.
3.94000, 4091.
3.95000, 5048.
3.96000, 6297.
3.97000, 7423.
3.98000, 8511.
3.99000, 9448.
4.00000, 10363.
4.01000, 10642.
4.02000, 10913.
4.03000, 10300.
4.04000, 9651.
4.05000, 8922.
4.06000, 7591.
4.07000, 6760.
4.08000, 5276.
4.09000, 4032.
4.10000, 3225.
4.11000, 2289.
4.12000, 1583.
4.13000, 1092.
4.14000, 740.
4.15000, 452.
4.16000, 316.
4.17000, 221.
4.18000, 129.
4.19000, 84.
4.20000, 80.
4.21000, 53.
4.22000, 60.
4.23000, 41.
4.24000, 53.
4.25000, 46.
4.26000, 29.
4.27000, 34.
4.28000, 39.
4.29000, 44.
4.30000, 53.
4.31000, 56.
4.32000, 66.
4.33000, 61.
4.34000, 73.
4.35000, 70.
4.36000, 97.
4.37000, 108.
4.38000, 120.
4.39000, 174.
4.40000, 208.
4.41000, 234.
4.42000, 262.
4.43000, 334.
4.44000, 323.
4.45000, 376.
4.46000, 386.
4.47000, 365.
4.48000, 375.
4.49000, 350.
4.50000, 330.
4.51000, 329.
4.52000, 263.
4.53000, 249.
4.54000, 217.
4.55000, 176.
4.56000, 165.
4.57000, 131.
4.58000, 127.
4.59000, 101.
4.60000, 98.
4.61000, 87.
4.62000, 101.
4.63000, 82.
4.64000, 96.
4.65000, 91.
4.66000, 106.
4.67000, 91.
4.68000, 120.
4.69000, 117.
4.70000, 117.
4.71000, 76.
4.72000, 92.
4.73000, 123.
4.74000, 135.
4.75000, 154.
4.76000, 195.
4.77000, 196.
4.78000, 233.
4.79000, 273.
4.80000, 332.
4.81000, 322.
4.82000, 358.
4.83000, 337.
4.84000, 343.
4.85000, 359.
4.86000, 335.
4.87000, 316.
4.88000, 296.
4.89000, 261.
4.90000, 251.
4.91000, 232.
4.92000, 180.
4.93000, 173.
4.94000, 158.
4.95000, 143.
4.96000, 120.
4.97000, 139.
4.98000, 113.
4.99000, 119.
5.00000, 116.
5.01000, 110.
5.02000, 103.
5.03000, 113.
5.04000, 95.
5.05000, 78.
5.06000, 112.
5.07000, 110.
5.08000, 86.
5.09000, 111.
5.10000, 106.
5.11000, 132.
5.12000, 128.
5.13000, 134.
5.14000, 139.
5.15000, 156.
5.16000, 157.
5.17000, 138.
5.18000, 136.
5.19000, 155.
5.20000, 159.
5.21000, 132.
5.22000, 144.
5.23000, 139.
5.24000, 117.
5.25000, 172.
5.26000, 131.
5.27000, 139.
5.28000, 132.
5.29000, 133.
5.30000, 113.
5.31000, 97.
5.32000, 115.
5.33000, 98.
5.34000, 83.
5.35000, 83.
5.36000, 79.
5.37000, 91.
5.38000, 72.
5.39000, 91.
5.40000, 74.
5.41000, 77.
5.42000, 78.
5.43000, 92.
5.44000, 80.
5.45000, 65.
5.46000, 77.
5.47000, 91.
5.48000, 99.
5.49000, 89.
5.50000, 86.
5.51000, 110.
5.52000, 90.
5.53000, 104.
5.54000, 84.
5.55000, 95.
5.56000, 98.
5.57000, 105.
5.58000, 86.
5.59000, 106.
5.60000, 94.
5.61000, 87.
5.62000, 101.
5.63000, 100.
5.64000, 78.
5.65000, 95.
5.66000, 90.
5.67000, 98.
5.68000, 76.
5.69000, 81.
5.70000, 104.
5.71000, 108.
5.72000, 103.
5.73000, 104.
5.74000, 105.
5.75000, 91.
5.76000, 106.
5.77000, 109.
5.78000, 90.
5.79000, 125.
5.80000, 129.
5.81000, 121.
5.82000, 133.
5.83000, 137.
5.84000, 155.
5.85000, 163.
5.86000, 148.
5.87000, 155.
5.88000, 155.
5.89000, 165.
5.90000, 184.
5.91000, 146.
5.92000, 172.
5.93000, 143.
5.94000, 115.
5.95000, 126.
5.96000, 104.
5.97000, 106.
5.98000, 102.
5.99000, 86.
6.00000, 105.
6.01000, 89.
6.02000, 64.
6.03000, 82.
6.04000, 76.
6.05000, 76.
6.06000, 78.
6.07000, 72.
6.08000, 70.
6.09000, 61.
6.10000, 70.
6.11000, 53.
6.12000, 53.
6.13000, 83.
6.14000, 60.
6.15000, 62.
6.16000, 57.
6.17000, 62.
6.18000, 66.
6.19000, 73.
6.20000, 77.
6.21000, 70.
6.22000, 71.
6.23000, 72.
6.24000, 119.
6.25000, 118.
6.26000, 151.
6.27000, 178.
6.28000, 232.
6.29000, 224.
6.30000, 334.
6.31000, 357.
6.32000, 463.
6.33000, 514.
6.34000, 626.
6.35000, 696.
6.36000, 748.
6.37000, 776.
6.38000, 801.
6.39000, 936.
6.40000, 899.
6.41000, 923.
6.42000, 834.
6.43000, 836.
6.44000, 785.
6.45000, 713.
6.46000, 577.
6.47000, 533.
6.48000, 459.
6.49000, 384.
6.50000, 287.
6.51000, 252.
6.52000, 234.
6.53000, 190.
6.54000, 173.
6.55000, 157.
6.56000, 156.
6.57000, 113.
6.58000, 118.
6.59000, 109.
6.60000, 98.
6.61000, 117.
6.62000, 94.
6.63000, 106.
6.64000, 99.
6.65000, 88.
6.66000, 104.
6.67000, 81.
6.68000, 103.
6.69000, 81.
6.70000, 111.
6.71000, 92.
6.72000, 81.
6.73000, 86.
6.74000, 99.
6.75000, 101.
6.76000, 101.
6.77000, 108.
6.78000, 103.
6.79000, 92.
6.80000, 82.
6.81000, 95.
6.82000, 102.
6.83000, 90.
6.84000, 81.
6.85000, 107.
6.86000, 111.
6.87000, 111.
6.88000, 112.
6.89000, 125.
6.90000, 109.
6.91000, 97.
6.92000, 128.
6.93000, 119.
6.94000, 143.
6.95000, 120.
6.96000, 140.
6.97000, 169.
6.98000, 140.
6.99000, 171.
7.00000, 226.
7.01000, 223.
7.02000, 206.
7.03000, 228.
7.04000, 208.
7.05000, 230.
7.06000, 205.
7.07000, 216.
7.08000, 220.
7.09000, 201.
7.10000, 189.
7.11000, 166.
7.12000, 165.
7.13000, 166.
7.14000, 114.
7.15000, 113.
7.16000, 125.
7.17000, 110.
7.18000, 104.
7.19000, 107.
7.20000, 95.
7.21000, 108.
7.22000, 109.
7.23000, 92.
7.24000, 114.
7.25000, 123.
7.26000, 119.
7.27000, 136.
7.28000, 155.
7.29000, 167.
7.30000, 213.
7.31000, 238.
7.32000, 240.
7.33000, 288.
7.34000, 313.
7.35000, 369.
7.36000, 378.
7.37000, 390.
7.38000, 368.
7.39000, 369.
7.40000, 356.
7.41000, 365.
7.42000, 354.
7.43000, 364.
7.44000, 333.
7.45000, 264.
7.46000, 249.
7.47000, 238.
7.48000, 213.
7.49000, 180.
7.50000, 156.
7.51000, 142.
7.52000, 130.
7.53000, 125.
7.54000, 120.
7.55000, 108.
7.56000, 116.
7.57000, 101.
7.58000, 89.
7.59000, 123.
7.60000, 126.
7.61000, 125.
7.62000, 116.
7.63000, 158.
7.64000, 146.
7.65000, 136.
7.66000, 159.
7.67000, 146.
7.68000, 182.
7.69000, 188.
7.70000, 170.
7.71000, 178.
7.72000, 187.
7.73000, 178.
7.74000, 161.
7.75000, 175.
7.76000, 171.
7.77000, 146.
7.78000, 118.
7.79000, 133.
7.80000, 120.
7.81000, 111.
7.82000, 106.
7.83000, 109.
7.84000, 109.
7.85000, 94.
7.86000, 91.
7.87000, 101.
7.88000, 94.
7.89000, 81.
7.90000, 111.
7.91000, 94.
7.92000, 94.
7.93000, 88.
7.94000, 119.
7.95000, 102.
7.96000, 102.
7.97000, 80.
7.98000, 106.
7.99000, 114.
8.00000, 93.
8.01000, 105.
8.02000, 112.
8.03000, 104.
8.04000, 130.
8.05000, 122.
8.06000, 112.
8.07000, 115.
8.08000, 108.
8.09000, 104.
8.10000, 99.
8.11000, 105.
8.12000, 113.
8.13000, 116.
8.14000, 128.
8.15000, 97.
8.16000, 120.
8.17000, 110.
8.18000, 113.
8.19000, 134.
8.20000, 119.
8.21000, 138.
8.22000, 119.
8.23000, 111.
8.24000, 108.
8.25000, 142.
8.26000, 119.
8.27000, 117.
8.28000, 115.
8.29000, 145.
8.30000, 129.
8.31000, 122.
8.32000, 139.
8.33000, 138.
8.34000, 142.
8.35000, 150.
8.36000, 116.
8.37000, 153.
8.38000, 135.
8.39000, 128.
8.40000, 156.
8.41000, 167.
8.42000, 171.
8.43000, 133.
8.44000, 144.
8.45000, 145.
8.46000, 156.
8.47000, 136.
8.48000, 145.
8.49000, 135.
8.50000, 149.
8.51000, 149.
8.52000, 163.
8.53000, 137.
8.54000, 140.
8.55000, 162.
8.56000, 146.
8.57000, 127.
8.58000, 175.
8.59000, 132.
8.60000, 146.
8.61000, 153.
8.62000, 163.
8.63000, 156.
8.64000, 171.
8.65000, 166.
8.66000, 172.
8.67000, 148.
8.68000, 173.
8.69000, 155.
8.70000, 156.
8.71000, 144.
8.72000, 148.
8.73000, 152.
8.74000, 147.
8.75000, 124.
8.76000, 150.
8.77000, 138.
8.78000, 117.
8.79000, 146.
8.80000, 126.
8.81000, 174.
8.82000, 136.
8.83000, 118.
8.84000, 156.
8.85000, 143.
8.86000, 147.
8.87000, 139.
8.88000, 142.
8.89000, 146.
8.90000, 135.
8.91000, 149.
8.92000, 133.
8.93000, 123.
8.94000, 123.
8.95000, 140.
8.96000, 133.
8.97000, 165.
8.98000, 146.
8.99000, 136.
9.00000, 133.
9.01000, 128.
9.02000, 136.
9.03000, 148.
9.04000, 152.
9.05000, 170.
9.06000, 126.
9.07000, 169.
9.08000, 156.
9.09000, 131.
9.10000, 116.
9.11000, 130.
9.12000, 152.
9.13000, 130.
9.14000, 127.
9.15000, 147.
9.16000, 142.
9.17000, 137.
9.18000, 151.
9.19000, 143.
9.20000, 150.
9.21000, 153.
9.22000, 135.
9.23000, 151.
9.24000, 172.
9.25000, 142.
9.26000, 153.
9.27000, 141.
9.28000, 146.
9.29000, 149.
9.30000, 138.
9.31000, 132.
9.32000, 144.
9.33000, 126.
9.34000, 169.
9.35000, 165.
9.36000, 146.
9.37000, 154.
9.38000, 145.
9.39000, 142.
9.40000, 156.
9.41000, 129.
9.42000, 152.
9.43000, 169.
9.44000, 151.
9.45000, 161.
9.46000, 160.
9.47000, 178.
9.48000, 160.
9.49000, 169.
9.50000, 176.
9.51000, 160.
9.52000, 177.
9.53000, 180.
9.54000, 144.
9.55000, 157.
9.56000, 170.
9.57000, 159.
9.58000, 172.
9.59000, 173.
9.60000, 166.
9.61000, 170.
9.62000, 160.
9.63000, 163.
9.64000, 195.
9.65000, 179.
9.66000, 157.
9.67000, 170.
9.68000, 175.
9.69000, 180.
9.70000, 176.
9.71000, 176.
9.72000, 187.
9.73000, 171.
9.74000, 166.
9.75000, 164.
9.76000, 170.
9.77000, 162.
9.78000, 169.
9.79000, 172.
9.80000, 150.
9.81000, 184.
9.82000, 164.
9.83000, 171.
9.84000, 154.
9.85000, 173.
9.86000, 164.
9.87000, 186.
9.88000, 154.
9.89000, 152.
9.90000, 149.
9.91000, 185.
9.92000, 173.
9.93000, 170.
9.94000, 146.
9.95000, 172.
9.96000, 151.
9.97000, 146.
9.98000, 160.
9.99000, 170.
10.00000, 180.
10.01000, 166.
10.02000, 173.
10.03000, 173.
10.04000, 190.
10.05000, 179.
10.06000, 190.
10.07000, 155.
10.08000, 177.
10.09000, 191.
10.10000, 161.
10.11000, 172.
10.12000, 195.
10.13000, 177.
10.14000, 137.
10.15000, 171.
10.16000, 168.
10.17000, 168.
10.18000, 184.
10.19000, 163.
10.20000, 178.
10.21000, 182.
10.22000, 167.
10.23000, 182.
10.24000, 147.
10.25000, 155.
10.26000, 170.
10.27000, 183.
10.28000, 160.
10.29000, 150.
10.30000, 181.
10.31000, 158.
10.32000, 156.
10.33000, 182.
10.34000, 172.
10.35000, 168.
10.36000, 181.
10.37000, 153.
10.38000, 176.
10.39000, 213.
10.40000, 169.
10.41000, 193.
10.42000, 191.
10.43000, 190.
10.44000, 205.
10.45000, 211.
10.46000, 203.
10.47000, 209.
10.48000, 218.
10.49000, 224.
10.50000, 216.
10.51000, 211.
10.52000, 197.
10.53000, 231.
10.54000, 229.
10.55000, 245.
10.56000, 243.
10.57000, 222.
10.58000, 222.
10.59000, 230.
10.60000, 239.
10.61000, 173.
10.62000, 230.
10.63000, 186.
10.64000, 189.
10.65000, 199.
10.66000, 191.
10.67000, 192.
10.68000, 191.
10.69000, 196.
10.70000, 191.
10.71000, 190.
10.72000, 167.
10.73000, 178.
10.74000, 174.
10.75000, 167.
10.76000, 187.
10.77000, 197.
10.78000, 191.
10.79000, 171.
10.80000, 185.
10.81000, 187.
10.82000, 163.
10.83000, 174.
10.84000, 197.
10.85000, 177.
10.86000, 174.
10.87000, 170.
10.88000, 160.
10.89000, 154.
10.90000, 177.
10.91000, 183.
10.92000, 191.
10.93000, 178.
10.94000, 190.
10.95000, 174.
10.96000, 187.
10.97000, 177.
10.98000, 189.
10.99000, 185.
11.00000, 201.
11.01000, 178.
11.02000, 167.
11.03000, 161.
11.04000, 189.
11.05000, 198.
11.06000, 178.
11.07000, 182.
11.08000, 186.
11.09000, 178.
11.10000, 196.
11.11000, 189.
11.12000, 171.
11.13000, 190.
11.14000, 184.
11.15000, 193.
11.16000, 181.
11.17000, 191.
11.18000, 201.
11.19000, 197.
11.20000, 189.
11.21000, 169.
11.22000, 179.
11.23000, 186.
11.24000, 182.
11.25000, 172.
11.26000, 157.
11.27000, 188.
11.28000, 190.
11.29000, 213.
11.30000, 195.
11.31000, 207.
11.32000, 179.
11.33000, 189.
11.34000, 196.
11.35000, 170.
11.36000, 208.
11.37000, 192.
11.38000, 170.
11.39000, 174.
11.40000, 211.
11.41000, 203.
11.42000, 191.
11.43000, 187.
11.44000, 198.
11.45000, 194.
11.46000, 197.
11.47000, 165.
11.48000, 202.
11.49000, 171.
11.50000, 202.
11.51000, 171.
11.52000, 214.
11.53000, 212.
11.54000, 190.
11.55000, 177.
11.56000, 182.
11.57000, 200.
11.58000, 201.
11.59000, 203.
11.60000, 199.
11.61000, 182.
11.62000, 196.
11.63000, 184.
11.64000, 222.
11.65000, 189.
11.66000, 209.
11.67000, 222.
11.68000, 200.
11.69000, 203.
11.70000, 179.
11.71000, 188.
11.72000, 202.
11.73000, 183.
11.74000, 202.
11.75000, 200.
11.76000, 194.
11.77000, 193.
11.78000, 191.
11.79000, 189.
11.80000, 200.
11.81000, 197.
11.82000, 191.
11.83000, 195.
11.84000, 178.
11.85000, 186.
11.86000, 205.
11.87000, 220.
11.88000, 228.
11.89000, 200.
11.90000, 197.
11.91000, 205.
11.92000, 204.
11.93000, 201.
11.94000, 202.
11.95000, 182.
11.96000, 208.
11.97000, 188.
11.98000, 178.
11.99000, 228.
12.00000, 196.
12.01000, 214.
12.02000, 206.
12.03000, 202.
12.04000, 170.
12.05000, 227.
12.06000, 164.
12.07000, 174.
12.08000, 200.
12.09000, 203.
12.10000, 210.
12.11000, 173.
12.12000, 217.
12.13000, 198.
12.14000, 199.
12.15000, 192.
12.16000, 189.
12.17000, 199.
12.18000, 221.
12.19000, 218.
12.20000, 219.
12.21000, 212.
12.22000, 224.
12.23000, 192.
12.24000, 193.
12.25000, 187.
12.26000, 194.
12.27000, 215.
12.28000, 203.
12.29000, 192.
12.30000, 203.
12.31000, 199.
12.32000, 224.
12.33000, 201.
12.34000, 191.
12.35000, 236.
12.36000, 217.
12.37000, 214.
12.38000, 207.
12.39000, 199.
12.40000, 201.
12.41000, 223.
12.42000, 207.
12.43000, 227.
12.44000, 221.
12.45000, 204.
12.46000, 222.
12.47000, 197.
12.48000, 217.
12.49000, 240.
12.50000, 212.
12.51000, 240.
12.52000, 249.
12.53000, 237.
12.54000, 238.
12.55000, 268.
12.56000, 235.
12.57000, 263.
12.58000, 270.
12.59000, 262.
12.60000, 276.
12.61000, 274.
12.62000, 277.
12.63000, 300.
12.64000, 252.
12.65000, 252.
12.66000, 230.
12.67000, 257.
12.68000, 242.
12.69000, 231.
12.70000, 237.
12.71000, 212.
12.72000, 234.
12.73000, 225.
12.74000, 207.
12.75000, 220.
12.76000, 194.
12.77000, 226.
12.78000, 201.
12.79000, 226.
12.80000, 216.
12.81000, 217.
12.82000, 189.
12.83000, 218.
12.84000, 219.
12.85000, 210.
12.86000, 217.
12.87000, 200.
12.88000, 226.
12.89000, 213.
12.90000, 199.
12.91000, 204.
12.92000, 194.
12.93000, 202.
12.94000, 191.
12.95000, 189.
12.96000, 219.
12.97000, 227.
12.98000, 198.
12.99000, 208.
13.00000, 211.
13.01000, 215.
13.02000, 213.
13.03000, 228.
13.04000, 191.
13.05000, 201.
13.06000, 210.
13.07000, 211.
13.08000, 197.
13.09000, 221.
13.10000, 209.
13.11000, 174.
13.12000, 217.
13.13000, 193.
13.14000, 206.
13.15000, 191.
13.16000, 207.
13.17000, 185.
13.18000, 222.
13.19000, 198.
13.20000, 204.
13.21000, 201.
13.22000, 216.
13.23000, 190.
13.24000, 175.
13.25000, 175.
13.26000, 201.
13.27000, 214.
13.28000, 209.
13.29000, 174.
13.30000, 222.
13.31000, 216.
13.32000, 220.
13.33000, 207.
13.34000, 203.
13.35000, 241.
13.36000, 196.
13.37000, 222.
13.38000, 194.
13.39000, 199.
13.40000, 188.
13.41000, 215.
13.42000, 194.
13.43000, 185.
13.44000, 188.
13.45000, 220.
13.46000, 181.
13.47000, 200.
13.48000, 226.
13.49000, 218.
13.50000, 211.
13.51000, 222.
13.52000, 227.
13.53000, 183.
13.54000, 186.
13.55000, 202.
13.56000, 215.
13.57000, 202.
13.58000, 180.
13.59000, 184.
13.60000, 206.
13.61000, 207.
13.62000, 200.
13.63000, 234.
13.64000, 215.
13.65000, 226.
13.66000, 224.
13.67000, 190.
13.68000, 219.
13.69000, 225.
13.70000, 211.
13.71000, 183.
13.72000, 190.
13.73000, 201.
13.74000, 162.
13.75000, 211.
13.76000, 200.
13.77000, 199.
13.78000, 219.
13.79000, 205.
13.80000, 197.
13.81000, 200.
13.82000, 220.
13.83000, 241.
13.84000, 210.
13.85000, 227.
13.86000, 250.
13.87000, 245.
13.88000, 278.
13.89000, 280.
13.90000, 318.
13.91000, 344.
13.92000, 442.
13.93000, 464.
13.94000, 513.
13.95000, 611.
13.96000, 625.
13.97000, 827.
13.98000, 896.
13.99000, 1013.
14.00000, 1136.
14.01000, 1305.
14.02000, 1494.
14.03000, 1613.
14.04000, 1764.
14.05000, 1959.
14.06000, 2166.
14.07000, 2249.
14.08000, 2392.
14.09000, 2407.
14.10000, 2624.
14.11000, 2650.
14.12000, 2682.
14.13000, 2676.
14.14000, 2701.
14.15000, 2651.
14.16000, 2540.
14.17000, 2427.
14.18000, 2251.
14.19000, 2088.
14.20000, 1975.
14.21000, 1830.
14.22000, 1691.
14.23000, 1499.
14.24000, 1304.
14.25000, 1141.
14.26000, 1067.
14.27000, 889.
14.28000, 796.
14.29000, 655.
14.30000, 591.
14.31000, 541.
14.32000, 432.
14.33000, 408.
14.34000, 411.
14.35000, 301.
14.36000, 288.
14.37000, 248.
14.38000, 244.
14.39000, 230.
14.40000, 230.
14.41000, 237.
14.42000, 191.
14.43000, 229.
14.44000, 213.
14.45000, 204.
14.46000, 204.
14.47000, 188.
14.48000, 193.
14.49000, 201.
14.50000, 224.
14.51000, 204.
14.52000, 191.
14.53000, 211.
14.54000, 218.
14.55000, 210.
14.56000, 171.
14.57000, 207.
14.58000, 193.
14.59000, 200.
14.60000, 170.
14.61000, 224.
14.62000, 199.
14.63000, 190.
14.64000, 193.
14.65000, 204.
14.66000, 166.
14.67000, 200.
14.68000, 196.
14.69000, 221.
14.70000, 191.
14.71000, 207.
14.72000, 222.
14.73000, 238.
14.74000, 187.
14.75000, 182.
14.76000, 202.
14.77000, 229.
14.78000, 226.
14.79000, 213.
14.80000, 202.
14.81000, 201.
14.82000, 220.
14.83000, 211.
14.84000, 224.
14.85000, 227.
14.86000, 227.
14.87000, 205.
14.88000, 202.
14.89000, 210.
14.90000, 187.
14.91000, 202.
14.92000, 190.
14.93000, 217.
14.94000, 218.
14.95000, 215.
14.96000, 211.
14.97000, 205.
14.98000, 201.
14.99000, 225.
15.00000, 216.
15.01000, 187.
15.02000, 206.
15.03000, 200.
15.04000, 193.
15.05000, 184.
15.06000, 191.
15.07000, 199.
15.08000, 191.
15.09000, 195.
15.10000, 193.
15.11000, 203.
15.12000, 203.
15.13000, 225.
15.14000, 190.
15.15000, 203.
15.16000, 180.
15.17000, 198.
15.18000, 186.
15.19000, 203.
15.20000, 210.
15.21000, 208.
15.22000, 210.
15.23000, 182.
15.24000, 194.
15.25000, 204.
15.26000, 181.
15.27000, 207.
15.28000, 214.
15.29000, 198.
15.30000, 204.
15.31000, 198.
15.32000, 196.
15.33000, 215.
15.34000, 186.
15.35000, 195.
15.36000, 213.
15.37000, 211.
15.38000, 186.
15.39000, 198.
15.40000, 202.
15.41000, 199.
15.42000, 181.
15.43000, 204.
15.44000, 192.
15.45000, 207.
15.46000, 176.
15.47000, 206.
15.48000, 207.
15.49000, 186.
15.50000, 197.
15.51000, 194.
15.52000, 213.
15.53000, 204.
15.54000, 180.
15.55000, 209.
15.56000, 181.
15.57000, 211.
15.58000, 207.
15.59000, 229.
15.60000, 227.
15.61000, 233.
15.62000, 213.
15.63000, 249.
15.64000, 238.
15.65000, 285.
15.66000, 270.
15.67000, 308.
15.68000, 315.
15.69000, 373.
15.70000, 411.
15.71000, 417.
15.72000, 423.
15.73000, 470.
15.74000, 524.
15.75000, 518.
15.76000, 550.
15.77000, 567.
15.78000, 577.
15.79000, 561.
15.80000, 612.
15.81000, 617.
15.82000, 587.
15.83000, 604.
15.84000, 623.
15.85000, 569.
15.86000, 589.
15.87000, 584.
15.88000, 491.
15.89000, 469.
15.90000, 471.
15.91000, 413.
15.92000, 411.
15.93000, 373.
15.94000, 342.
15.95000, 362.
15.96000, 323.
15.97000, 312.
15.98000, 286.
15.99000, 274.
16.00000, 265.
16.01000, 294.
16.02000, 279.
16.03000, 275.
16.04000, 266.
16.05000, 262.
16.06000, 243.
16.07000, 253.
16.08000, 251.
16.09000, 227.
16.10000, 230.
16.11000, 237.
16.12000, 273.
16.13000, 240.
16.14000, 203.
16.15000, 202.
16.16000, 239.
16.17000, 192.
16.18000, 215.
16.19000, 203.
16.20000, 188.
16.21000, 162.
16.22000, 232.
16.23000, 201.
16.24000, 199.
16.25000, 202.
16.26000, 197.
16.27000, 169.
16.28000, 173.
16.29000, 201.
16.30000, 182.
16.31000, 176.
16.32000, 186.
16.33000, 169.
16.34000, 186.
16.35000, 184.
16.36000, 196.
16.37000, 180.
16.38000, 168.
16.39000, 196.
16.40000, 158.
16.41000, 196.
16.42000, 160.
16.43000, 193.
16.44000, 169.
16.45000, 166.
16.46000, 208.
16.47000, 186.
16.48000, 175.
16.49000, 203.
16.50000, 172.
16.51000, 174.
16.52000, 196.
16.53000, 180.
16.54000, 189.
16.55000, 189.
16.56000, 196.
16.57000, 201.
16.58000, 185.
16.59000, 190.
16.60000, 187.
16.61000, 206.
16.62000, 178.
16.63000, 198.
16.64000, 190.
16.65000, 185.
16.66000, 189.
16.67000, 183.
16.68000, 190.
16.69000, 167.
16.70000, 167.
16.71000, 176.
16.72000, 192.
16.73000, 206.
16.74000, 168.
16.75000, 188.
16.76000, 198.
16.77000, 198.
16.78000, 173.
16.79000, 168.
16.80000, 189.
16.81000, 196.
16.82000, 166.
16.83000, 171.
16.84000, 159.
16.85000, 201.
16.86000, 182.
16.87000, 186.
16.88000, 195.
16.89000, 186.
16.90000, 189.
16.91000, 213.
16.92000, 181.
16.93000, 169.
16.94000, 181.
16.95000, 172.
16.96000, 168.
16.97000, 175.
16.98000, 183.
16.99000, 206.
17.00000, 182.
17.01000, 178.
17.02000, 166.
17.03000, 179.
17.04000, 196.
17.05000, 176.
17.06000, 198.
17.07000, 205.
17.08000, 176.
17.09000, 193.
17.10000, 173.
17.11000, 181.
17.12000, 184.
17.13000, 188.
17.14000, 173.
17.15000, 192.
17.16000, 182.
17.17000, 173.
17.18000, 181.
17.19000, 215.
17.20000, 174.
17.21000, 189.
17.22000, 193.
17.23000, 201.
17.24000, 179.
17.25000, 199.
17.26000, 179.
17.27000, 175.
17.28000, 211.
17.29000, 183.
17.30000, 174.
17.31000, 180.
17.32000, 207.
17.33000, 215.
17.34000, 183.
17.35000, 206.
17.36000, 190.
17.37000, 174.
17.38000, 205.
17.39000, 186.
17.40000, 205.
17.41000, 190.
17.42000, 199.
17.43000, 181.
17.44000, 196.
17.45000, 208.
17.46000, 203.
17.47000, 203.
17.48000, 194.
17.49000, 187.
17.50000, 189.
17.51000, 198.
17.52000, 189.
17.53000, 202.
17.54000, 221.
17.55000, 209.
17.56000, 195.
17.57000, 202.
17.58000, 208.
17.59000, 226.
17.60000, 199.
17.61000, 199.
17.62000, 201.
17.63000, 220.
17.64000, 234.
17.65000, 229.
17.66000, 212.
17.67000, 230.
17.68000, 223.
17.69000, 209.
17.70000, 232.
17.71000, 188.
17.72000, 215.
17.73000, 205.
17.74000, 228.
17.75000, 213.
17.76000, 238.
17.77000, 247.
17.78000, 234.
17.79000, 260.
17.80000, 237.
17.81000, 224.
17.82000, 224.
17.83000, 225.
17.84000, 251.
17.85000, 235.
17.86000, 224.
17.87000, 234.
17.88000, 247.
17.89000, 228.
17.90000, 239.
17.91000, 251.
17.92000, 274.
17.93000, 225.
17.94000, 266.
17.95000, 242.
17.96000, 247.
17.97000, 265.
17.98000, 255.
17.99000, 278.
18.00000, 273.
18.01000, 250.
18.02000, 232.
18.03000, 240.
18.04000, 231.
18.05000, 256.
18.06000, 280.
18.07000, 261.
18.08000, 239.
18.09000, 266.
18.10000, 250.
18.11000, 276.
18.12000, 258.
18.13000, 288.
18.14000, 273.
18.15000, 271.
18.16000, 273.
18.17000, 311.
18.18000, 278.
18.19000, 273.
18.20000, 305.
18.21000, 307.
18.22000, 298.
18.23000, 357.
18.24000, 301.
18.25000, 293.
18.26000, 337.
18.27000, 376.
18.28000, 353.
18.29000, 363.
18.30000, 309.
18.31000, 375.
18.32000, 378.
18.33000, 367.
18.34000, 398.
18.35000, 387.
18.36000, 416.
18.37000, 432.
18.38000, 424.
18.39000, 398.
18.40000, 428.
18.41000, 440.
18.42000, 469.
18.43000, 497.
18.44000, 472.
18.45000, 471.
18.46000, 525.
18.47000, 512.
18.48000, 502.
18.49000, 532.
18.50000, 607.
18.51000, 606.
18.52000, 614.
18.53000, 590.
18.54000, 617.
18.55000, 640.
18.56000, 716.
18.57000, 671.
18.58000, 739.
18.59000, 744.
18.60000, 754.
18.61000, 769.
18.62000, 828.
18.63000, 791.
18.64000, 780.
18.65000, 796.
18.66000, 860.
18.67000, 874.
18.68000, 905.
18.69000, 906.
18.70000, 911.
18.71000, 945.
18.72000, 956.
18.73000, 951.
18.74000, 962.
18.75000, 938.
18.76000, 982.
18.77000, 951.
18.78000, 978.
18.79000, 964.
18.80000, 1026.
18.81000, 1051.
18.82000, 1001.
18.83000, 1049.
18.84000, 1009.
18.85000, 1060.
18.86000, 1014.
18.87000, 955.
18.88000, 985.
18.89000, 1051.
18.90000, 990.
18.91000, 1004.
18.92000, 956.
18.93000, 946.
18.94000, 953.
18.95000, 956.
18.96000, 968.
18.97000, 919.
18.98000, 942.
18.99000, 921.
19.00000, 871.
19.01000, 835.
19.02000, 798.
19.03000, 825.
19.04000, 837.
19.05000, 822.
19.06000, 746.
19.07000, 736.
19.08000, 785.
19.09000, 718.
19.10000, 744.
19.11000, 697.
19.12000, 683.
19.13000, 657.
19.14000, 634.
19.15000, 617.
19.16000, 613.
19.17000, 597.
19.18000, 559.
19.19000, 525.
19.20000, 550.
19.21000, 556.
19.22000, 500.
19.23000, 498.
19.24000, 504.
19.25000, 497.
19.26000, 454.
19.27000, 438.
19.28000, 427.
19.29000, 425.
19.30000, 389.
19.31000, 405.
19.32000, 391.
19.33000, 373.
19.34000, 371.
19.35000, 372.
19.36000, 405.
19.37000, 323.
19.38000, 380.
19.39000, 318.
19.40000, 323.
19.41000, 325.
19.42000, 330.
19.43000, 322.
19.44000, 343.
19.45000, 338.
19.46000, 280.
19.47000, 282.
19.48000, 299.
19.49000, 293.
19.50000, 300.
19.51000, 272.
19.52000, 291.
19.53000, 273.
19.54000, 282.
19.55000, 222.
19.56000, 244.
19.57000, 254.
19.58000, 283.
19.59000, 250.
19.60000, 246.
19.61000, 240.
19.62000, 249.
19.63000, 249.
19.64000, 233.
19.65000, 220.
19.66000, 212.
19.67000, 209.
19.68000, 219.
19.69000, 242.
19.70000, 211.
19.71000, 205.
19.72000, 205.
19.73000, 214.
19.74000, 221.
19.75000, 200.
19.76000, 207.
19.77000, 187.
19.78000, 191.
19.79000, 198.
19.80000, 202.
19.81000, 196.
19.82000, 216.
19.83000, 237.
19.84000, 223.
19.85000, 250.
19.86000, 232.
19.87000, 238.
19.88000, 284.
19.89000, 317.
19.90000, 319.
19.91000, 329.
19.92000, 363.
19.93000, 383.
19.94000, 378.
19.95000, 380.
19.96000, 475.
19.97000, 519.
19.98000, 473.
19.99000, 538.
20.00000, 623.
20.01000, 627.
20.02000, 647.
20.03000, 681.
20.04000, 711.
20.05000, 699.
20.06000, 813.
20.07000, 851.
20.08000, 813.
20.09000, 910.
20.10000, 947.
20.11000, 897.
20.12000, 915.
20.13000, 931.
20.14000, 931.
20.15000, 914.
20.16000, 910.
20.17000, 938.
20.18000, 936.
20.19000, 910.
20.20000, 852.
20.21000, 797.
20.22000, 795.
20.23000, 750.
20.24000, 719.
20.25000, 705.
20.26000, 631.
20.27000, 590.
20.28000, 574.
20.29000, 530.
20.30000, 469.
20.31000, 415.
20.32000, 375.
20.33000, 373.
20.34000, 331.
20.35000, 294.
20.36000, 281.
20.37000, 272.
20.38000, 257.
20.39000, 240.
20.40000, 216.
20.41000, 211.
20.42000, 220.
20.43000, 192.
20.44000, 164.
20.45000, 189.
20.46000, 185.
20.47000, 173.
20.48000, 183.
20.49000, 160.
20.50000, 190.
20.51000, 173.
20.52000, 164.
20.53000, 159.
20.54000, 185.
20.55000, 189.
20.56000, 184.
20.57000, 173.
20.58000, 182.
20.59000, 189.
20.60000, 189.
20.61000, 190.
20.62000, 202.
20.63000, 205.
20.64000, 212.
20.65000, 195.
20.66000, 202.
20.67000, 212.
20.68000, 195.
20.69000, 209.
20.70000, 240.
20.71000, 203.
20.72000, 225.
20.73000, 242.
20.74000, 251.
20.75000, 234.
20.76000, 219.
20.77000, 256.
20.78000, 210.
20.79000, 249.
20.80000, 247.
20.81000, 269.
20.82000, 247.
20.83000, 236.
20.84000, 278.
20.85000, 264.
20.86000, 248.
20.87000, 252.
20.88000, 246.
20.89000, 244.
20.90000, 279.
20.91000, 261.
20.92000, 280.
20.93000, 257.
20.94000, 275.
20.95000, 277.
20.96000, 286.
20.97000, 289.
20.98000, 302.
20.99000, 289.
21.00000, 289.
21.01000, 264.
21.02000, 300.
21.03000, 259.
21.04000, 282.
21.05000, 291.
21.06000, 289.
21.07000, 302.
21.08000, 263.
21.09000, 296.
21.10000, 270.
21.11000, 276.
21.12000, 323.
21.13000, 272.
21.14000, 267.
21.15000, 282.
21.16000, 252.
21.17000, 254.
21.18000, 254.
21.19000, 258.
21.20000, 281.
21.21000, 252.
21.22000, 244.
21.23000, 272.
21.24000, 235.
21.25000, 269.
21.26000, 267.
21.27000, 258.
21.28000, 246.
21.29000, 263.
21.30000, 225.
21.31000, 236.
21.32000, 220.
21.33000, 236.
21.34000, 223.
21.35000, 228.
21.36000, 234.
21.37000, 193.
21.38000, 203.
21.39000, 198.
21.40000, 212.
21.41000, 216.
21.42000, 194.
21.43000, 181.
21.44000, 211.
21.45000, 194.
21.46000, 206.
21.47000, 173.
21.48000, 212.
21.49000, 193.
21.50000, 198.
21.51000, 164.
21.52000, 160.
21.53000, 177.
21.54000, 174.
21.55000, 159.
21.56000, 151.
21.57000, 166.
21.58000, 159.
21.59000, 143.
21.60000, 146.
21.61000, 175.
21.62000, 174.
21.63000, 144.
21.64000, 175.
21.65000, 134.
21.66000, 147.
21.67000, 141.
21.68000, 144.
21.69000, 156.
21.70000, 168.
21.71000, 153.
21.72000, 134.
21.73000, 147.
21.74000, 147.
21.75000, 143.
21.76000, 166.
21.77000, 128.
21.78000, 130.
21.79000, 135.
21.80000, 127.
21.81000, 150.
21.82000, 133.
21.83000, 148.
21.84000, 167.
21.85000, 149.
21.86000, 131.
21.87000, 139.
21.88000, 144.
21.89000, 108.
21.90000, 138.
21.91000, 110.
21.92000, 139.
21.93000, 143.
21.94000, 120.
21.95000, 125.
21.96000, 119.
21.97000, 120.
21.98000, 121.
21.99000, 108.
22.00000, 128.
22.01000, 112.
22.02000, 129.
22.03000, 104.
22.04000, 109.
22.05000, 126.
22.06000, 117.
22.07000, 111.
22.08000, 117.
22.09000, 125.
22.10000, 118.
22.11000, 112.
22.12000, 112.
22.13000, 112.
22.14000, 113.
22.15000, 102.
22.16000, 131.
22.17000, 103.
22.18000, 112.
22.19000, 125.
22.20000, 94.
22.21000, 96.
22.22000, 111.
22.23000, 118.
22.24000, 111.
22.25000, 104.
22.26000, 102.
22.27000, 103.
22.28000, 128.
22.29000, 110.
22.30000, 112.
22.31000, 128.
22.32000, 108.
22.33000, 107.
22.34000, 115.
22.35000, 112.
22.36000, 105.
22.37000, 108.
22.38000, 109.
22.39000, 114.
22.40000, 111.
22.41000, 134.
22.42000, 103.
22.43000, 110.
22.44000, 114.
22.45000, 122.
22.46000, 138.
22.47000, 131.
22.48000, 143.
22.49000, 125.
22.50000, 116.
22.51000, 135.
22.52000, 147.
22.53000, 179.
22.54000, 152.
22.55000, 198.
22.56000, 190.
22.57000, 162.
22.58000, 198.
22.59000, 163.
22.60000, 194.
22.61000, 195.
22.62000, 180.
22.63000, 191.
22.64000, 200.
22.65000, 231.
22.66000, 227.
22.67000, 217.
22.68000, 194.
22.69000, 232.
22.70000, 214.
22.71000, 233.
22.72000, 185.
22.73000, 211.
22.74000, 192.
22.75000, 178.
22.76000, 179.
22.77000, 207.
22.78000, 184.
22.79000, 162.
22.80000, 154.
22.81000, 152.
22.82000, 162.
22.83000, 143.
22.84000, 134.
22.85000, 138.
22.86000, 122.
22.87000, 110.
22.88000, 131.
22.89000, 109.
22.90000, 116.
22.91000, 100.
22.92000, 117.
22.93000, 121.
22.94000, 113.
22.95000, 99.
22.96000, 114.
22.97000, 104.
22.98000, 102.
22.99000, 93.
23.00000, 110.
23.01000, 101.
23.02000, 121.
23.03000, 105.
23.04000, 127.
23.05000, 125.
23.06000, 112.
23.07000, 112.
23.08000, 116.
23.09000, 104.
23.10000, 120.
23.11000, 109.
23.12000, 128.
23.13000, 86.
23.14000, 107.
23.15000, 91.
23.16000, 104.
23.17000, 90.
23.18000, 115.
23.19000, 115.
23.20000, 84.
23.21000, 100.
23.22000, 89.
23.23000, 99.
23.24000, 76.
23.25000, 92.
23.26000, 103.
23.27000, 110.
23.28000, 111.
23.29000, 91.
23.30000, 89.
23.31000, 101.
23.32000, 75.
23.33000, 76.
23.34000, 66.
23.35000, 94.
23.36000, 80.
23.37000, 77.
23.38000, 88.
23.39000, 90.
23.40000, 92.
23.41000, 70.
23.42000, 85.
23.43000, 98.
23.44000, 86.
23.45000, 72.
23.46000, 94.
23.47000, 86.
23.48000, 85.
23.49000, 95.
23.50000, 78.
23.51000, 75.
23.52000, 82.
23.53000, 70.
23.54000, 82.
23.55000, 81.
23.56000, 63.
23.57000, 66.
23.58000, 100.
23.59000, 101.
23.60000, 65.
23.61000, 80.
23.62000, 71.
23.63000, 86.
23.64000, 84.
23.65000, 94.
23.66000, 103.
23.67000, 77.
23.68000, 91.
23.69000, 74.
23.70000, 78.
23.71000, 86.
23.72000, 86.
23.73000, 89.
23.74000, 98.
23.75000, 74.
23.76000, 78.
23.77000, 88.
23.78000, 90.
23.79000, 101.
23.80000, 91.
23.81000, 96.
23.82000, 76.
23.83000, 86.
23.84000, 77.
23.85000, 83.
23.86000, 104.
23.87000, 89.
23.88000, 74.
23.89000, 84.
23.90000, 96.
23.91000, 87.
23.92000, 80.
23.93000, 94.
23.94000, 87.
23.95000, 92.
23.96000, 72.
23.97000, 78.
23.98000, 84.
23.99000, 85.
24.00000, 72.
24.01000, 72.
24.02000, 64.
24.03000, 65.
24.04000, 95.
24.05000, 74.
24.06000, 82.
24.07000, 70.
24.08000, 93.
24.09000, 67.
24.10000, 85.
24.11000, 70.
24.12000, 83.
24.13000, 79.
24.14000, 89.
24.15000, 78.
24.16000, 81.
24.17000, 77.
24.18000, 86.
24.19000, 78.
24.20000, 77.
24.21000, 89.
24.22000, 84.
24.23000, 94.
24.24000, 89.
24.25000, 86.
24.26000, 71.
24.27000, 83.
24.28000, 79.
24.29000, 85.
24.30000, 87.
24.31000, 77.
24.32000, 92.
24.33000, 97.
24.34000, 59.
24.35000, 69.
24.36000, 68.
24.37000, 76.
24.38000, 68.
24.39000, 80.
24.40000, 82.
24.41000, 60.
24.42000, 83.
24.43000, 88.
24.44000, 89.
24.45000, 73.
24.46000, 83.
24.47000, 75.
24.48000, 89.
24.49000, 79.
24.50000, 67.
24.51000, 62.
24.52000, 80.
24.53000, 74.
24.54000, 64.
24.55000, 92.
24.56000, 82.
24.57000, 95.
24.58000, 74.
24.59000, 81.
24.60000, 61.
24.61000, 74.
24.62000, 83.
24.63000, 104.
24.64000, 71.
24.65000, 66.
24.66000, 85.
24.67000, 66.
24.68000, 75.
24.69000, 69.
24.70000, 83.
24.71000, 88.
24.72000, 74.
24.73000, 66.
24.74000, 73.
24.75000, 77.
24.76000, 92.
24.77000, 91.
24.78000, 61.
24.79000, 77.
24.80000, 76.
24.81000, 63.
24.82000, 78.
24.83000, 84.
24.84000, 72.
24.85000, 82.
24.86000, 81.
24.87000, 78.
24.88000, 75.
24.89000, 82.
24.90000, 77.
24.91000, 71.
24.92000, 80.
24.93000, 89.
24.94000, 90.
24.95000, 81.
24.96000, 68.
24.97000, 86.
24.98000, 85.
24.99000, 83.
25.00000, 86.
25.01000, 82.
25.02000, 84.
25.03000, 79.
25.04000, 80.
25.05000, 88.
25.06000, 74.
25.07000, 78.
25.08000, 68.
25.09000, 89.
25.10000, 83.
25.11000, 80.
25.12000, 70.
25.13000, 73.
25.14000, 79.
25.15000, 78.
25.16000, 83.
25.17000, 81.
25.18000, 81.
25.19000, 86.
25.20000, 96.
25.21000, 77.
25.22000, 89.
25.23000, 81.
25.24000, 88.
25.25000, 65.
25.26000, 88.
25.27000, 87.
25.28000, 85.
25.29000, 85.
25.30000, 92.
25.31000, 87.
25.32000, 72.
25.33000, 73.
25.34000, 90.
25.35000, 80.
25.36000, 84.
25.37000, 82.
25.38000, 71.
25.39000, 79.
25.40000, 66.
25.41000, 77.
25.42000, 71.
25.43000, 65.
25.44000, 88.
25.45000, 76.
25.46000, 75.
25.47000, 76.
25.48000, 75.
25.49000, 64.
25.50000, 79.
25.51000, 72.
25.52000, 86.
25.53000, 64.
25.54000, 73.
25.55000, 67.
25.56000, 73.
25.57000, 61.
25.58000, 54.
25.59000, 92.
25.60000, 60.
25.61000, 84.
25.62000, 61.
25.63000, 83.
25.64000, 67.
25.65000, 69.
25.66000, 66.
25.67000, 71.
25.68000, 69.
25.69000, 68.
25.70000, 73.
25.71000, 81.
25.72000, 80.
25.73000, 70.
25.74000, 72.
25.75000, 77.
25.76000, 52.
25.77000, 59.
25.78000, 64.
25.79000, 76.
25.80000, 60.
25.81000, 61.
25.82000, 70.
25.83000, 65.
25.84000, 65.
25.85000, 62.
25.86000, 60.
25.87000, 64.
25.88000, 60.
25.89000, 83.
25.90000, 74.
25.91000, 61.
25.92000, 68.
25.93000, 82.
25.94000, 74.
25.95000, 62.
25.96000, 59.
25.97000, 64.
25.98000, 87.
25.99000, 63.
26.00000, 71.
26.01000, 67.
26.02000, 67.
26.03000, 74.
26.04000, 63.
26.05000, 80.
26.06000, 73.
26.07000, 62.
26.08000, 68.
26.09000, 56.
26.10000, 64.
26.11000, 70.
26.12000, 60.
26.13000, 56.
26.14000, 64.
26.15000, 75.
26.16000, 79.
26.17000, 65.
26.18000, 60.
26.19000, 52.
26.20000, 77.
26.21000, 68.
26.22000, 83.
26.23000, 73.
26.24000, 60.
26.25000, 73.
26.26000, 78.
26.27000, 75.
26.28000, 67.
26.29000, 56.
26.30000, 55.
26.31000, 64.
26.32000, 62.
26.33000, 56.
26.34000, 63.
26.35000, 70.
26.36000, 78.
26.37000, 72.
26.38000, 54.
26.39000, 46.
26.40000, 90.
26.41000, 77.
26.42000, 59.
26.43000, 77.
26.44000, 59.
26.45000, 61.
26.46000, 57.
26.47000, 82.
26.48000, 63.
26.49000, 63.
26.50000, 64.
26.51000, 70.
26.52000, 65.
26.53000, 61.
26.54000, 67.
26.55000, 65.
26.56000, 65.
26.57000, 63.
26.58000, 63.
26.59000, 63.
26.60000, 67.
26.61000, 60.
26.62000, 80.
26.63000, 58.
26.64000, 62.
26.65000, 51.
26.66000, 64.
26.67000, 67.
26.68000, 63.
26.69000, 50.
26.70000, 59.
26.71000, 72.
26.72000, 62.
26.73000, 55.
26.74000, 64.
26.75000, 61.
26.76000, 63.
26.77000, 67.
26.78000, 53.
26.79000, 76.
26.80000, 68.
26.81000, 59.
26.82000, 50.
26.83000, 71.
26.84000, 57.
26.85000, 59.
26.86000, 53.
26.87000, 61.
26.88000, 66.
26.89000, 61.
26.90000, 70.
26.91000, 61.
26.92000, 62.
26.93000, 61.
26.94000, 73.
26.95000, 58.
26.96000, 53.
26.97000, 60.
26.98000, 58.
26.99000, 59.
27.00000, 53.
27.01000, 64.
27.02000, 74.
27.03000, 61.
27.04000, 55.
27.05000, 59.
27.06000, 68.
27.07000, 64.
27.08000, 61.
27.09000, 60.
27.10000, 51.
27.11000, 62.
27.12000, 57.
27.13000, 67.
27.14000, 64.
27.15000, 60.
27.16000, 65.
27.17000, 58.
27.18000, 57.
27.19000, 55.
27.20000, 66.
27.21000, 56.
27.22000, 47.
27.23000, 55.
27.24000, 61.
27.25000, 47.
27.26000, 58.
27.27000, 72.
27.28000, 58.
27.29000, 66.
27.30000, 49.
27.31000, 62.
27.32000, 59.
27.33000, 52.
27.34000, 57.
27.35000, 50.
27.36000, 68.
27.37000, 70.
27.38000, 69.
27.39000, 56.
27.40000, 47.
27.41000, 54.
27.42000, 74.
27.43000, 62.
27.44000, 53.
27.45000, 59.
27.46000, 83.
27.47000, 54.
27.48000, 66.
27.49000, 63.
27.50000, 69.
27.51000, 56.
27.52000, 58.
27.53000, 51.
27.54000, 56.
27.55000, 63.
27.56000, 56.
27.57000, 67.
27.58000, 55.
27.59000, 56.
27.60000, 72.
27.61000, 40.
27.62000, 71.
27.63000, 58.
27.64000, 48.
27.65000, 50.
27.66000, 68.
27.67000, 68.
27.68000, 60.
27.69000, 47.
27.70000, 53.
27.71000, 47.
27.72000, 52.
27.73000, 61.
27.74000, 60.
27.75000, 51.
27.76000, 52.
27.77000, 58.
27.78000, 60.
27.79000, 40.
27.80000, 68.
27.81000, 56.
27.82000, 60.
27.83000, 57.
27.84000, 49.
27.85000, 76.
27.86000, 77.
27.87000, 57.
27.88000, 47.
27.89000, 50.
27.90000, 44.
27.91000, 58.
27.92000, 55.
27.93000, 62.
27.94000, 48.
27.95000, 58.
27.96000, 58.
27.97000, 56.
27.98000, 46.
27.99000, 48.
28.00000, 48.
28.01000, 52.
28.02000, 72.
28.03000, 59.
28.04000, 56.
28.05000, 58.
28.06000, 57.
28.07000, 45.
28.08000, 61.
28.09000, 48.
28.10000, 59.
28.11000, 58.
28.12000, 55.
28.13000, 54.
28.14000, 52.
28.15000, 51.
28.16000, 49.
28.17000, 57.
28.18000, 54.
28.19000, 60.
28.20000, 69.
28.21000, 57.
28.22000, 66.
28.23000, 38.
28.24000, 49.
28.25000, 63.
28.26000, 56.
28.27000, 45.
28.28000, 59.
28.29000, 67.
28.30000, 55.
28.31000, 47.
28.32000, 51.
28.33000, 59.
28.34000, 47.
28.35000, 55.
28.36000, 58.
28.37000, 56.
28.38000, 57.
28.39000, 55.
28.40000, 49.
28.41000, 52.
28.42000, 61.
28.43000, 62.
28.44000, 58.
28.45000, 49.
28.46000, 76.
28.47000, 52.
28.48000, 61.
28.49000, 60.
28.50000, 59.
28.51000, 61.
28.52000, 56.
28.53000, 64.
28.54000, 47.
28.55000, 55.
28.56000, 49.
28.57000, 48.
28.58000, 57.
28.59000, 53.
28.60000, 57.
28.61000, 46.
28.62000, 53.
28.63000, 50.
28.64000, 38.
28.65000, 45.
28.66000, 45.
28.67000, 50.
28.68000, 56.
28.69000, 53.
28.70000, 49.
28.71000, 49.
28.72000, 49.
28.73000, 53.
28.74000, 57.
28.75000, 76.
28.76000, 63.
28.77000, 50.
28.78000, 53.
28.79000, 53.
28.80000, 51.
28.81000, 61.
28.82000, 66.
28.83000, 70.
28.84000, 57.
28.85000, 46.
28.86000, 64.
28.87000, 60.
28.88000, 47.
28.89000, 59.
28.90000, 56.
28.91000, 45.
28.92000, 63.
28.93000, 55.
28.94000, 57.
28.95000, 46.
28.96000, 54.
28.97000, 38.
28.98000, 53.
28.99000, 53.
29.00000, 57.
29.01000, 47.
29.02000, 44.
29.03000, 57.
29.04000, 58.
29.05000, 47.
29.06000, 55.
29.07000, 56.
29.08000, 62.
29.09000, 59.
29.10000, 45.
29.11000, 51.
29.12000, 57.
29.13000, 62.
29.14000, 53.
29.15000, 52.
29.16000, 56.
29.17000, 59.
29.18000, 56.
29.19000, 56.
29.20000, 46.
29.21000, 57.
29.22000, 47.
29.23000, 39.
29.24000, 50.
29.25000, 46.
29.26000, 56.
29.27000, 48.
29.28000, 38.
29.29000, 54.
29.30000, 58.
29.31000, 48.
29.32000, 53.
29.33000, 44.
29.34000, 46.
29.35000, 49.
29.36000, 39.
29.37000, 54.
29.38000, 42.
29.39000, 45.
29.40000, 53.
29.41000, 59.
29.42000, 44.
29.43000, 54.
29.44000, 41.
29.45000, 57.
29.46000, 49.
29.47000, 53.
29.48000, 43.
29.49000, 51.
29.50000, 52.
29.51000, 55.
29.52000, 47.
29.53000, 48.
29.54000, 42.
29.55000, 31.
29.56000, 49.
29.57000, 36.
29.58000, 39.
29.59000, 46.
29.60000, 55.
29.61000, 44.
29.62000, 47.
29.63000, 52.
29.64000, 39.
29.65000, 43.
29.66000, 59.
29.67000, 55.
29.68000, 44.
29.69000, 48.
29.70000, 54.
29.71000, 41.
29.72000, 47.
29.73000, 40.
29.74000, 66.
29.75000, 36.
29.76000, 47.
29.77000, 41.
29.78000, 52.
29.79000, 46.
29.80000, 39.
29.81000, 49.
29.82000, 53.
29.83000, 38.
29.84000, 50.
29.85000, 49.
29.86000, 40.
29.87000, 50.
29.88000, 48.
29.89000, 50.
29.90000, 50.
29.91000, 48.
29.92000, 40.
29.93000, 40.
29.94000, 28.
29.95000, 42.
29.96000, 39.
29.97000, 44.
29.98000, 43.
29.99000, 41.
30.00000, 46.
30.01000, 46.
30.02000, 42.
30.03000, 63.
30.04000, 65.
30.05000, 45.
30.06000, 55.
30.07000, 56.
30.08000, 43.
30.09000, 41.
30.10000, 38.
30.11000, 52.
30.12000, 44.
30.13000, 39.
30.14000, 56.
30.15000, 44.
30.16000, 48.
30.17000, 52.
30.18000, 42.
30.19000, 54.
30.20000, 46.
30.21000, 44.
30.22000, 30.
30.23000, 40.
30.24000, 42.
30.25000, 51.
30.26000, 51.
30.27000, 44.
30.28000, 40.
30.29000, 44.
30.30000, 40.
30.31000, 49.
30.32000, 33.
30.33000, 42.
30.34000, 37.
30.35000, 44.
30.36000, 44.
30.37000, 41.
30.38000, 48.
30.39000, 53.
30.40000, 40.
30.41000, 40.
30.42000, 38.
30.43000, 47.
30.44000, 46.
30.45000, 51.
30.46000, 34.
30.47000, 48.
30.48000, 41.
30.49000, 36.
30.50000, 43.
30.51000, 42.
30.52000, 46.
30.53000, 42.
30.54000, 36.
30.55000, 30.
30.56000, 34.
30.57000, 48.
30.58000, 36.
30.59000, 44.
30.60000, 48.
30.61000, 40.
30.62000, 53.
30.63000, 49.
30.64000, 40.
30.65000, 45.
30.66000, 50.
30.67000, 31.
30.68000, 38.
30.69000, 52.
30.70000, 49.
30.71000, 38.
30.72000, 40.
30.73000, 48.
30.74000, 43.
30.75000, 41.
30.76000, 49.
30.77000, 38.
30.78000, 48.
30.79000, 51.
30.80000, 45.
30.81000, 42.
30.82000, 40.
30.83000, 48.
30.84000, 45.
30.85000, 35.
30.86000, 40.
30.87000, 35.
30.88000, 48.
30.89000, 43.
30.90000, 44.
30.91000, 44.
30.92000, 40.
30.93000, 37.
30.94000, 35.
30.95000, 45.
30.96000, 46.
30.97000, 53.
30.98000, 39.
30.99000, 35.
31.00000, 40.
31.01000, 33.
31.02000, 30.
31.03000, 40.
31.04000, 42.
31.05000, 31.
31.06000, 39.
31.07000, 33.
31.08000, 43.
31.09000, 42.
31.10000, 34.
31.11000, 36.
31.12000, 39.
31.13000, 34.
31.14000, 38.
31.15000, 39.
31.16000, 39.
31.17000, 39.
31.18000, 42.
31.19000, 46.
31.20000, 46.
31.21000, 56.
31.22000, 49.
31.23000, 43.
31.24000, 55.
31.25000, 39.
31.26000, 55.
31.27000, 44.
31.28000, 41.
31.29000, 41.
31.30000, 39.
31.31000, 42.
31.32000, 52.
31.33000, 45.
31.34000, 43.
31.35000, 44.
31.36000, 56.
31.37000, 29.
31.38000, 39.
31.39000, 50.
31.40000, 45.
31.41000, 40.
31.42000, 43.
31.43000, 43.
31.44000, 46.
31.45000, 62.
31.46000, 37.
31.47000, 48.
31.48000, 55.
31.49000, 43.
31.50000, 44.
31.51000, 52.
31.52000, 60.
31.53000, 39.
31.54000, 53.
31.55000, 50.
31.56000, 75.
31.57000, 58.
31.58000, 70.
31.59000, 69.
31.60000, 66.
31.61000, 80.
31.62000, 92.
31.63000, 77.
31.64000, 98.
31.65000, 85.
31.66000, 94.
31.67000, 108.
31.68000, 125.
31.69000, 107.
31.70000, 92.
31.71000, 101.
31.72000, 93.
31.73000, 111.
31.74000, 133.
31.75000, 137.
31.76000, 104.
31.77000, 110.
31.78000, 112.
31.79000, 105.
31.80000, 128.
31.81000, 117.
31.82000, 106.
31.83000, 101.
31.84000, 118.
31.85000, 100.
31.86000, 105.
31.87000, 109.
31.88000, 83.
31.89000, 93.
31.90000, 102.
31.91000, 103.
31.92000, 97.
31.93000, 94.
31.94000, 85.
31.95000, 122.
31.96000, 110.
31.97000, 102.
31.98000, 108.
31.99000, 121.
32.00000, 133.
32.01000, 134.
32.02000, 124.
32.03000, 135.
32.04000, 122.
32.05000, 139.
32.06000, 137.
32.07000, 171.
32.08000, 155.
32.09000, 157.
32.10000, 158.
32.11000, 163.
32.12000, 169.
32.13000, 177.
32.14000, 189.
32.15000, 179.
32.16000, 165.
32.17000, 166.
32.18000, 157.
32.19000, 145.
32.20000, 164.
32.21000, 150.
32.22000, 138.
32.23000, 129.
32.24000, 126.
32.25000, 115.
32.26000, 102.
32.27000, 100.
32.28000, 98.
32.29000, 84.
32.30000, 94.
32.31000, 90.
32.32000, 79.
32.33000, 74.
32.34000, 78.
32.35000, 66.
32.36000, 56.
32.37000, 56.
32.38000, 51.
32.39000, 42.
32.40000, 48.
32.41000, 47.
32.42000, 42.
32.43000, 41.
32.44000, 36.
32.45000, 46.
32.46000, 32.
32.47000, 39.
32.48000, 36.
32.49000, 34.
32.50000, 39.
32.51000, 33.
32.52000, 35.
32.53000, 32.
32.54000, 36.
32.55000, 38.
32.56000, 33.
32.57000, 35.
32.58000, 31.
32.59000, 30.
32.60000, 32.
32.61000, 35.
32.62000, 33.
32.63000, 28.
32.64000, 29.
32.65000, 44.
32.66000, 28.
32.67000, 32.
32.68000, 37.
32.69000, 42.
32.70000, 33.
32.71000, 33.
32.72000, 37.
32.73000, 36.
32.74000, 26.
32.75000, 41.
32.76000, 44.
32.77000, 29.
32.78000, 36.
32.79000, 37.
32.80000, 41.
32.81000, 32.
32.82000, 37.
32.83000, 44.
32.84000, 26.
32.85000, 39.
32.86000, 31.
32.87000, 35.
32.88000, 43.
32.89000, 35.
32.90000, 30.
32.91000, 45.
32.92000, 41.
32.93000, 33.
32.94000, 38.
32.95000, 41.
32.96000, 40.
32.97000, 45.
32.98000, 38.
32.99000, 35.
33.00000, 38.
33.01000, 41.
33.02000, 44.
33.03000, 40.
33.04000, 38.
33.05000, 44.
33.06000, 37.
33.07000, 37.
33.08000, 30.
33.09000, 39.
33.10000, 33.
33.11000, 34.
33.12000, 35.
33.13000, 32.
33.14000, 31.
33.15000, 22.
33.16000, 45.
33.17000, 30.
33.18000, 41.
33.19000, 22.
33.20000, 35.
33.21000, 38.
33.22000, 51.
33.23000, 39.
33.24000, 35.
33.25000, 29.
33.26000, 47.
33.27000, 35.
33.28000, 50.
33.29000, 39.
33.30000, 52.
33.31000, 54.
33.32000, 47.
33.33000, 45.
33.34000, 41.
33.35000, 26.
33.36000, 41.
33.37000, 40.
33.38000, 47.
33.39000, 50.
33.40000, 30.
33.41000, 42.
33.42000, 52.
33.43000, 32.
33.44000, 43.
33.45000, 26.
33.46000, 40.
33.47000, 35.
33.48000, 35.
33.49000, 54.
33.50000, 37.
33.51000, 33.
33.52000, 27.
33.53000, 32.
33.54000, 36.
33.55000, 39.
33.56000, 29.
33.57000, 35.
33.58000, 32.
33.59000, 25.
33.60000, 25.
33.61000, 30.
33.62000, 37.
33.63000, 29.
33.64000, 34.
33.65000, 28.
33.66000, 22.
33.67000, 36.
33.68000, 25.
33.69000, 29.
33.70000, 25.
33.71000, 22.
33.72000, 33.
33.73000, 30.
33.74000, 29.
33.75000, 30.
33.76000, 21.
33.77000, 24.
33.78000, 33.
33.79000, 20.
33.80000, 21.
33.81000, 16.
33.82000, 35.
33.83000, 32.
33.84000, 29.
33.85000, 22.
33.86000, 26.
33.87000, 28.
33.88000, 25.
33.89000, 23.
33.90000, 25.
33.91000, 28.
33.92000, 23.
33.93000, 34.
33.94000, 33.
33.95000, 24.
33.96000, 24.
33.97000, 26.
33.98000, 32.
33.99000, 27.
34.00000, 30.
34.01000, 24.
34.02000, 26.
34.03000, 30.
34.04000, 22.
34.05000, 32.
34.06000, 35.
34.07000, 19.
34.08000, 25.
34.09000, 22.
34.10000, 29.
34.11000, 35.
34.12000, 33.
34.13000, 28.
34.14000, 33.
34.15000, 33.
34.16000, 33.
34.17000, 39.
34.18000, 39.
34.19000, 30.
34.20000, 35.
34.21000, 47.
34.22000, 25.
34.23000, 30.
34.24000, 33.
34.25000, 24.
34.26000, 27.
34.27000, 34.
34.28000, 33.
34.29000, 23.
34.30000, 39.
34.31000, 31.
34.32000, 33.
34.33000, 26.
34.34000, 30.
34.35000, 36.
34.36000, 35.
34.37000, 28.
34.38000, 27.
34.39000, 29.
34.40000, 25.
34.41000, 32.
34.42000, 26.
34.43000, 25.
34.44000, 20.
34.45000, 34.
34.46000, 34.
34.47000, 22.
34.48000, 33.
34.49000, 35.
34.50000, 26.
34.51000, 27.
34.52000, 35.
34.53000, 32.
34.54000, 28.
34.55000, 25.
34.56000, 35.
34.57000, 31.
34.58000, 37.
34.59000, 37.
34.60000, 32.
34.61000, 37.
34.62000, 26.
34.63000, 38.
34.64000, 36.
34.65000, 29.
34.66000, 29.
34.67000, 33.
34.68000, 48.
34.69000, 38.
34.70000, 36.
34.71000, 38.
34.72000, 27.
34.73000, 47.
34.74000, 21.
34.75000, 31.
34.76000, 42.
34.77000, 38.
34.78000, 29.
34.79000, 31.
34.80000, 29.
34.81000, 38.
34.82000, 21.
34.83000, 26.
34.84000, 26.
34.85000, 27.
34.86000, 33.
34.87000, 18.
34.88000, 29.
34.89000, 30.
34.90000, 37.
34.91000, 23.
34.92000, 23.
34.93000, 26.
34.94000, 15.
34.95000, 36.
34.96000, 24.
34.97000, 21.
34.98000, 23.
34.99000, 24.
35.00000, 14.
35.01000, 27.
35.02000, 22.
35.03000, 26.
35.04000, 22.
35.05000, 22.
35.06000, 21.
35.07000, 22.
35.08000, 15.
35.09000, 29.
35.10000, 20.
35.11000, 15.
35.12000, 24.
35.13000, 24.
35.14000, 23.
35.15000, 13.
35.16000, 20.
35.17000, 19.
35.18000, 20.
35.19000, 20.
35.20000, 19.
35.21000, 18.
35.22000, 27.
35.23000, 18.
35.24000, 21.
35.25000, 28.
35.26000, 21.
35.27000, 20.
35.28000, 17.
35.29000, 24.
35.30000, 19.
35.31000, 20.
35.32000, 21.
35.33000, 21.
35.34000, 20.
35.35000, 32.
35.36000, 21.
35.37000, 21.
35.38000, 22.
35.39000, 17.
35.40000, 23.
35.41000, 15.
35.42000, 23.
35.43000, 18.
35.44000, 27.
35.45000, 19.
35.46000, 24.
35.47000, 14.
35.48000, 18.
35.49000, 19.
35.50000, 16.
35.51000, 16.
35.52000, 19.
35.53000, 25.
35.54000, 24.
35.55000, 16.
35.56000, 18.
35.57000, 24.
35.58000, 22.
35.59000, 19.
35.60000, 21.
35.61000, 15.
35.62000, 24.
35.63000, 22.
35.64000, 17.
35.65000, 20.
35.66000, 19.
35.67000, 26.
35.68000, 18.
35.69000, 18.
35.70000, 28.
35.71000, 18.
35.72000, 11.
35.73000, 28.
35.74000, 16.
35.75000, 20.
35.76000, 21.
35.77000, 18.
35.78000, 18.
35.79000, 24.
35.80000, 18.
35.81000, 17.
35.82000, 21.
35.83000, 26.
35.84000, 13.
35.85000, 25.
35.86000, 29.
35.87000, 18.
35.88000, 19.
35.89000, 33.
35.90000, 20.
35.91000, 22.
35.92000, 19.
35.93000, 17.
35.94000, 17.
35.95000, 28.
35.96000, 16.
35.97000, 18.
35.98000, 17.
35.99000, 18.
36.00000, 21.
36.01000, 34.
36.02000, 20.
36.03000, 25.
36.04000, 32.
36.05000, 27.
36.06000, 29.
36.07000, 29.
36.08000, 33.
36.09000, 29.
36.10000, 40.
36.11000, 47.
36.12000, 25.
36.13000, 44.
36.14000, 43.
36.15000, 32.
36.16000, 27.
36.17000, 38.
36.18000, 48.
36.19000, 40.
36.20000, 34.
36.21000, 37.
36.22000, 53.
36.23000, 48.
36.24000, 46.
36.25000, 49.
36.26000, 58.
36.27000, 48.
36.28000, 51.
36.29000, 43.
36.30000, 47.
36.31000, 49.
36.32000, 52.
36.33000, 36.
36.34000, 50.
36.35000, 46.
36.36000, 36.
36.37000, 35.
36.38000, 35.
36.39000, 47.
36.40000, 38.
36.41000, 33.
36.42000, 27.
36.43000, 42.
36.44000, 35.
36.45000, 35.
36.46000, 36.
36.47000, 31.
36.48000, 21.
36.49000, 22.
36.50000, 29.
36.51000, 19.
36.52000, 25.
36.53000, 28.
36.54000, 25.
36.55000, 15.
36.56000, 18.
36.57000, 12.
36.58000, 23.
36.59000, 13.
36.60000, 26.
36.61000, 16.
36.62000, 17.
36.63000, 20.
36.64000, 18.
36.65000, 15.
36.66000, 16.
36.67000, 17.
36.68000, 11.
36.69000, 17.
36.70000, 16.
36.71000, 14.
36.72000, 15.
36.73000, 14.
36.74000, 12.
36.75000, 10.
36.76000, 13.
36.77000, 17.
36.78000, 21.
36.79000, 18.
36.80000, 20.
36.81000, 16.
36.82000, 15.
36.83000, 17.
36.84000, 11.
36.85000, 25.
36.86000, 18.
36.87000, 12.
36.88000, 20.
36.89000, 15.
36.90000, 9.
36.91000, 15.
36.92000, 17.
36.93000, 20.
36.94000, 16.
36.95000, 16.
36.96000, 14.
36.97000, 19.
36.98000, 23.
36.99000, 20.
37.00000, 19.
37.01000, 18.
37.02000, 10.
37.03000, 19.
37.04000, 21.
37.05000, 16.
37.06000, 28.
37.07000, 10.
37.08000, 20.
37.09000, 22.
37.10000, 20.
37.11000, 26.
37.12000, 9.
37.13000, 17.
37.14000, 21.
37.15000, 19.
37.16000, 25.
37.17000, 20.
37.18000, 18.
37.19000, 13.
37.20000, 24.
37.21000, 22.
37.22000, 15.
37.23000, 21.
37.24000, 23.
37.25000, 24.
37.26000, 18.
37.27000, 20.
37.28000, 23.
37.29000, 15.
37.30000, 19.
37.31000, 22.
37.32000, 21.
37.33000, 18.
37.34000, 16.
37.35000, 8.
37.36000, 18.
37.37000, 20.
37.38000, 16.
37.39000, 20.
37.40000, 19.
37.41000, 13.
37.42000, 15.
37.43000, 18.
37.44000, 14.
37.45000, 12.
37.46000, 21.
37.47000, 13.
37.48000, 13.
37.49000, 15.
37.50000, 17.
37.51000, 19.
37.52000, 17.
37.53000, 23.
37.54000, 8.
37.55000, 20.
37.56000, 15.
37.57000, 16.
37.58000, 19.
37.59000, 13.
37.60000, 17.
37.61000, 10.
37.62000, 16.
37.63000, 16.
37.64000, 15.
37.65000, 13.
37.66000, 13.
37.67000, 17.
37.68000, 10.
37.69000, 22.
37.70000, 11.
37.71000, 13.
37.72000, 13.
37.73000, 19.
37.74000, 8.
37.75000, 20.
37.76000, 20.
37.77000, 16.
37.78000, 15.
37.79000, 18.
37.80000, 18.
37.81000, 19.
37.82000, 10.
37.83000, 19.
37.84000, 19.
37.85000, 10.
37.86000, 13.
37.87000, 10.
37.88000, 10.
37.89000, 17.
37.90000, 21.
37.91000, 13.
37.92000, 13.
37.93000, 17.
37.94000, 9.
37.95000, 14.
37.96000, 9.
37.97000, 10.
37.98000, 14.
37.99000, 14.
38.00000, 11.
38.01000, 10.
38.02000, 10.
38.03000, 12.
38.04000, 6.
38.05000, 10.
38.06000, 10.
38.07000, 18.
38.08000, 13.
38.09000, 15.
38.10000, 12.
38.11000, 15.
38.12000, 10.
38.13000, 15.
38.14000, 12.
38.15000, 11.
38.16000, 8.
38.17000, 14.
38.18000, 12.
38.19000, 10.
38.20000, 15.
38.21000, 5.
38.22000, 13.
38.23000, 11.
38.24000, 9.
38.25000, 14.
38.26000, 7.
38.27000, 11.
38.28000, 8.
38.29000, 9.
38.30000, 13.
38.31000, 5.
38.32000, 7.
38.33000, 8.
38.34000, 12.
38.35000, 12.
38.36000, 13.
38.37000, 12.
38.38000, 10.
38.39000, 18.
38.40000, 8.
38.41000, 11.
38.42000, 15.
38.43000, 10.
38.44000, 11.
38.45000, 8.
38.46000, 14.
38.47000, 14.
38.48000, 11.
38.49000, 11.
38.50000, 9.
38.51000, 11.
38.52000, 8.
38.53000, 11.
38.54000, 11.
38.55000, 10.
38.56000, 10.
38.57000, 14.
38.58000, 10.
38.59000, 17.
38.60000, 11.
38.61000, 9.
38.62000, 11.
38.63000, 8.
38.64000, 12.
38.65000, 11.
38.66000, 9.
38.67000, 5.
38.68000, 9.
38.69000, 10.
38.70000, 6.
38.71000, 14.
38.72000, 12.
38.73000, 11.
38.74000, 10.
38.75000, 13.
38.76000, 6.
38.77000, 11.
38.78000, 10.
38.79000, 7.
38.80000, 6.
38.81000, 12.
38.82000, 7.
38.83000, 10.
38.84000, 7.
38.85000, 17.
38.86000, 6.
38.87000, 16.
38.88000, 10.
38.89000, 10.
38.90000, 12.
38.91000, 13.
38.92000, 12.
38.93000, 9.
38.94000, 9.
38.95000, 13.
38.96000, 12.
38.97000, 5.
38.98000, 14.
38.99000, 7.
39.00000, 10.
39.01000, 12.
39.02000, 13.
39.03000, 8.
39.04000, 11.
39.05000, 15.
39.06000, 14.
39.07000, 17.
39.08000, 14.
39.09000, 10.
39.10000, 13.
39.11000, 11.
39.12000, 7.
39.13000, 6.
39.14000, 8.
39.15000, 6.
39.16000, 13.
39.17000, 9.
39.18000, 12.
39.19000, 2.
39.20000, 7.
39.21000, 10.
39.22000, 11.
39.23000, 11.
39.24000, 14.
39.25000, 11.
39.26000, 7.
39.27000, 13.
39.28000, 8.
39.29000, 7.
39.30000, 12.
39.31000, 9.
39.32000, 11.
39.33000, 11.
39.34000, 7.
39.35000, 6.
39.36000, 5.
39.37000, 10.
39.38000, 10.
39.39000, 9.
39.40000, 8.
39.41000, 15.
39.42000, 7.
39.43000, 7.
39.44000, 8.
39.45000, 6.
39.46000, 6.
39.47000, 13.
39.48000, 10.
39.49000, 9.
39.50000, 8.
39.51000, 8.
39.52000, 10.
39.53000, 9.
39.54000, 8.
39.55000, 10.
39.56000, 7.
39.57000, 4.
39.58000, 7.
39.59000, 13.
39.60000, 11.
39.61000, 8.
39.62000, 11.
39.63000, 9.
39.64000, 7.
39.65000, 10.
39.66000, 10.
39.67000, 4.
39.68000, 10.
39.69000, 6.
39.70000, 6.
39.71000, 8.
39.72000, 5.
39.73000, 6.
39.74000, 8.
39.75000, 6.
39.76000, 5.
39.77000, 10.
39.78000, 7.
39.79000, 8.
39.80000, 8.
39.81000, 5.
39.82000, 7.
39.83000, 6.
39.84000, 11.
39.85000, 8.
39.86000, 7.
39.87000, 5.
39.88000, 4.
39.89000, 6.
39.90000, 7.
39.91000, 7.
39.92000, 5.
39.93000, 6.
39.94000, 6.
39.95000, 8.
39.96000, 8.
39.97000, 6.
39.98000, 14.
39.99000, 3.
40.00000, 5.
40.01000, 6.
40.02000, 11.
40.03000, 4.
40.04000, 1.
40.05000, 5.
40.06000, 9.
40.07000, 9.
40.08000, 7.
40.09000, 6.
40.10000, 7.
40.11000, 7.
40.12000, 6.
40.13000, 4.
40.14000, 9.
40.15000, 12.
40.16000, 8.
40.17000, 3.
40.18000, 3.
40.19000, 7.
40.20000, 7.
40.21000, 7.
40.22000, 8.
40.23000, 6.
40.24000, 11.
40.25000, 9.
40.26000, 6.
40.27000, 6.
40.28000, 9.
40.29000, 6.
40.30000, 6.
40.31000, 11.
40.32000, 0.
40.33000, 6.
40.34000, 5.
40.35000, 9.
40.36000, 9.
40.37000, 6.
40.38000, 4.
40.39000, 6.
40.40000, 4.
40.41000, 3.
40.42000, 3.
40.43000, 7.
40.44000, 6.
40.45000, 8.
40.46000, 3.
40.47000, 8.
40.48000, 7.
40.49000, 6.
40.50000, 4.
40.51000, 5.
40.52000, 8.
40.53000, 5.
40.54000, 8.
40.55000, 0.
#ENDOFDATA   : 
