#FORMAT      : EMSA/MAS Spectral Data File
#VERSION     : 1.0
#TITLE       : lo 1
#DATE        : 24-JUL-2026
#TIME        : 11:34
#OWNER       : XGT7200
#NPOINTS     : 4096.
#NCOLUMNS    : 1.
#XUNITS      : keV
#YUNITS      : counts
#DATATYPE    : XY
#XPERCHAN    : 0.0100000
#OFFSET      : -0.400000
#SIGNALTYPE  : EDS
#CHOFFSET    : 40.0000
#LIVETIME    : 60.000000
#REALTIME    : 79.733383
#BEAMKV      : 50.0000
#PROBECUR    : 556000.
#MAGCAM      : 100.000
#XTILTSTGE   : 0.0
#AZIMANGLE   : 0.0
#ELEVANGLE   : 45.0
#XPOSITION mm: 0.0000
#YPOSITION mm: 0.0000
#ZPOSITION mm: 0.0000
##OXINSTPT   : 4
##OXINSTSTROB: 71.93
##OXINSTELEMS: 12,14,16,20,25,26,38,39,45,56,58,70
##OXINSTLABEL: 56, 32.194, Ba
##OXINSTLABEL: 56, 31.818, Ba
##OXINSTLABEL: 56, 36.379, Ba
##OXINSTLABEL: 56, 37.258, Ba
##OXINSTLABEL: 56, 4.466, Ba
##OXINSTLABEL: 56, 4.828, Ba
##OXINSTLABEL: 56, 5.157, Ba
##OXINSTLABEL: 56, 4.331, Ba
##OXINSTLABEL: 56, 5.531, Ba
##OXINSTLABEL: 56, 5.797, Ba
##OXINSTLABEL: 56, 3.954, Ba
##OXINSTLABEL: 38, 14.165, Sr
##OXINSTLABEL: 38, 15.836, Sr
##OXINSTLABEL: 38, 16.085, Sr
##OXINSTLABEL: 38, 1.807, Sr
##OXINSTLABEL: 38, 1.649, Sr
##OXINSTLABEL: 38, 1.582, Sr
##OXINSTLABEL: 20, 3.692, Ca
##OXINSTLABEL: 20, 4.013, Ca
##OXINSTLABEL: 20, 0.341, Ca
##OXINSTLABEL: 20, 0.306, Ca
##OXINSTLABEL: 16, 2.308, S
##OXINSTLABEL: 16, 2.464, S
##OXINSTLABEL: 26, 6.404, Fe
##OXINSTLABEL: 26, 7.058, Fe
##OXINSTLABEL: 26, 0.705, Fe
##OXINSTLABEL: 26, 0.628, Fe
##OXINSTLABEL: 45, 20.216, Rh
##OXINSTLABEL: 45, 22.724, Rh
##OXINSTLABEL: 45, 23.173, Rh
##OXINSTLABEL: 45, 2.697, Rh
##OXINSTLABEL: 45, 2.834, Rh
##OXINSTLABEL: 45, 2.519, Rh
##OXINSTLABEL: 45, 3.364, Rh
##OXINSTLABEL: 45, 2.377, Rh
##OXINSTLABEL: 14, 1.740, Si
##OXINSTLABEL: 12, 1.254, Mg
##OXINSTLABEL: 25, 5.899, Mn
##OXINSTLABEL: 25, 6.491, Mn
##OXINSTLABEL: 25, 0.636, Mn
##OXINSTLABEL: 25, 0.567, Mn
##OXINSTLABEL: 39, 14.959, Y
##OXINSTLABEL: 39, 16.738, Y
##OXINSTLABEL: 39, 17.016, Y
##OXINSTLABEL: 39, 1.923, Y
##OXINSTLABEL: 39, 1.761, Y
##OXINSTLABEL: 39, 1.685, Y
##OXINSTLABEL: 58, 34.720, Ce
##OXINSTLABEL: 58, 34.279, Ce
##OXINSTLABEL: 58, 39.258, Ce
##OXINSTLABEL: 58, 4.840, Ce
##OXINSTLABEL: 58, 5.262, Ce
##OXINSTLABEL: 58, 5.613, Ce
##OXINSTLABEL: 58, 4.732, Ce
##OXINSTLABEL: 58, 6.052, Ce
##OXINSTLABEL: 58, 6.325, Ce
##OXINSTLABEL: 58, 4.288, Ce
##OXINSTLABEL: 58, 0.883, Ce
##OXINSTLABEL: 58, 1.075, Ce
##OXINSTLABEL: 58, 0.676, Ce
##OXINSTLABEL: 70, 7.416, Yb
##OXINSTLABEL: 70, 8.402, Yb
##OXINSTLABEL: 70, 8.759, Yb
##OXINSTLABEL: 70, 7.580, Yb
##OXINSTLABEL: 70, 9.780, Yb
##OXINSTLABEL: 70, 10.090, Yb
##OXINSTLABEL: 70, 6.546, Yb
##OXINSTLABEL: 70, 1.521, Yb
##OXINSTLABEL: 70, 1.765, Yb
##OXINSTLABEL: 70, 1.183, Yb
#SPECTRUM    : Spectral Data Starts Here
-0.40000, 0.
-0.39000, 0.
-0.38000, 0.
-0.37000, 0.
-0.36000, 0.
-0.35000, 0.
-0.34000, 0.
-0.33000, 0.
-0.32000, 0.
-0.31000, 0.
-0.30000, 0.
-0.29000, 0.
-0.28000, 0.
-0.27000, 0.
-0.26000, 0.
-0.25000, 0.
-0.24000, 0.
-0.23000, 0.
-0.22000, 0.
-0.21000, 0.
-0.20000, 0.
-0.19000, 0.
-0.18000, 0.
-0.17000, 0.
-0.16000, 0.
-0.15000, 0.
-0.14000, 0.
-0.13000, 0.
-0.12000, 0.
-0.11000, 0.
-0.10000, 0.
-0.09000, 0.
-0.08000, 0.
-0.07000, 0.
-0.06000, 0.
-0.05000, 0.
-0.04000, 0.
-0.03000, 0.
-0.02000, 0.
-0.01000, 0.
0.00000, 0.
0.01000, 0.
0.02000, 0.
0.03000, 0.
0.04000, 0.
0.05000, 0.
0.06000, 0.
0.07000, 0.
0.08000, 0.
0.09000, 0.
0.10000, 0.
0.11000, 0.
0.12000, 0.
0.13000, 0.
0.14000, 0.
0.15000, 0.
0.16000, 0.
0.17000, 0.
0.18000, 0.
0.19000, 0.
0.20000, 0.
0.21000, 0.
0.22000, 0.
0.23000, 0.
0.24000, 0.
0.25000, 0.
0.26000, 0.
0.27000, 0.
0.28000, 0.
0.29000, 0.
0.30000, 0.
0.31000, 0.
0.32000, 0.
0.33000, 0.
0.34000, 3.
0.35000, 1.
0.36000, 8.
0.37000, 10.
0.38000, 21.
0.39000, 20.
0.40000, 28.
0.41000, 34.
0.42000, 55.
0.43000, 58.
0.44000, 54.
0.45000, 75.
0.46000, 57.
0.47000, 69.
0.48000, 78.
0.49000, 71.
0.50000, 73.
0.51000, 69.
0.52000, 73.
0.53000, 71.
0.54000, 85.
0.55000, 72.
0.56000, 62.
0.57000, 59.
0.58000, 70.
0.59000, 61.
0.60000, 70.
0.61000, 51.
0.62000, 66.
0.63000, 68.
0.64000, 62.
0.65000, 65.
0.66000, 42.
0.67000, 67.
0.68000, 54.
0.69000, 74.
0.70000, 61.
0.71000, 63.
0.72000, 58.
0.73000, 58.
0.74000, 65.
0.75000, 62.
0.76000, 60.
0.77000, 51.
0.78000, 57.
0.79000, 59.
0.80000, 46.
0.81000, 64.
0.82000, 56.
0.83000, 61.
0.84000, 56.
0.85000, 53.
0.86000, 58.
0.87000, 58.
0.88000, 63.
0.89000, 55.
0.90000, 66.
0.91000, 56.
0.92000, 59.
0.93000, 60.
0.94000, 61.
0.95000, 64.
0.96000, 62.
0.97000, 77.
0.98000, 79.
0.99000, 74.
1.00000, 54.
1.01000, 65.
1.02000, 55.
1.03000, 67.
1.04000, 68.
1.05000, 48.
1.06000, 67.
1.07000, 66.
1.08000, 60.
1.09000, 62.
1.10000, 78.
1.11000, 67.
1.12000, 72.
1.13000, 76.
1.14000, 66.
1.15000, 71.
1.16000, 59.
1.17000, 67.
1.18000, 67.
1.19000, 76.
1.20000, 90.
1.21000, 96.
1.22000, 124.
1.23000, 123.
1.24000, 120.
1.25000, 98.
1.26000, 129.
1.27000, 126.
1.28000, 109.
1.29000, 111.
1.30000, 75.
1.31000, 65.
1.32000, 53.
1.33000, 62.
1.34000, 53.
1.35000, 50.
1.36000, 58.
1.37000, 46.
1.38000, 41.
1.39000, 50.
1.40000, 52.
1.41000, 50.
1.42000, 59.
1.43000, 64.
1.44000, 68.
1.45000, 63.
1.46000, 81.
1.47000, 94.
1.48000, 88.
1.49000, 79.
1.50000, 76.
1.51000, 91.
1.52000, 84.
1.53000, 63.
1.54000, 65.
1.55000, 64.
1.56000, 65.
1.57000, 48.
1.58000, 49.
1.59000, 64.
1.60000, 39.
1.61000, 38.
1.62000, 61.
1.63000, 51.
1.64000, 47.
1.65000, 58.
1.66000, 85.
1.67000, 119.
1.68000, 146.
1.69000, 156.
1.70000, 206.
1.71000, 277.
1.72000, 326.
1.73000, 363.
1.74000, 347.
1.75000, 425.
1.76000, 379.
1.77000, 325.
1.78000, 339.
1.79000, 274.
1.80000, 290.
1.81000, 242.
1.82000, 217.
1.83000, 205.
1.84000, 217.
1.85000, 211.
1.86000, 202.
1.87000, 277.
1.88000, 383.
1.89000, 404.
1.90000, 547.
1.91000, 633.
1.92000, 747.
1.93000, 832.
1.94000, 909.
1.95000, 876.
1.96000, 899.
1.97000, 896.
1.98000, 788.
1.99000, 600.
2.00000, 555.
2.01000, 402.
2.02000, 317.
2.03000, 232.
2.04000, 195.
2.05000, 193.
2.06000, 140.
2.07000, 90.
2.08000, 96.
2.09000, 100.
2.10000, 110.
2.11000, 85.
2.12000, 107.
2.13000, 119.
2.14000, 117.
2.15000, 132.
2.16000, 121.
2.17000, 136.
2.18000, 125.
2.19000, 148.
2.20000, 170.
2.21000, 196.
2.22000, 208.
2.23000, 223.
2.24000, 274.
2.25000, 315.
2.26000, 381.
2.27000, 407.
2.28000, 474.
2.29000, 449.
2.30000, 459.
2.31000, 479.
2.32000, 466.
2.33000, 436.
2.34000, 398.
2.35000, 341.
2.36000, 302.
2.37000, 268.
2.38000, 213.
2.39000, 161.
2.40000, 152.
2.41000, 130.
2.42000, 127.
2.43000, 108.
2.44000, 117.
2.45000, 114.
2.46000, 89.
2.47000, 115.
2.48000, 85.
2.49000, 95.
2.50000, 107.
2.51000, 106.
2.52000, 87.
2.53000, 98.
2.54000, 85.
2.55000, 116.
2.56000, 121.
2.57000, 154.
2.58000, 165.
2.59000, 193.
2.60000, 248.
2.61000, 325.
2.62000, 405.
2.63000, 516.
2.64000, 624.
2.65000, 836.
2.66000, 849.
2.67000, 1035.
2.68000, 1174.
2.69000, 1212.
2.70000, 1218.
2.71000, 1176.
2.72000, 1118.
2.73000, 1072.
2.74000, 959.
2.75000, 803.
2.76000, 853.
2.77000, 749.
2.78000, 723.
2.79000, 720.
2.80000, 829.
2.81000, 858.
2.82000, 913.
2.83000, 950.
2.84000, 951.
2.85000, 985.
2.86000, 934.
2.87000, 973.
2.88000, 882.
2.89000, 779.
2.90000, 703.
2.91000, 708.
2.92000, 666.
2.93000, 530.
2.94000, 517.
2.95000, 447.
2.96000, 455.
2.97000, 379.
2.98000, 383.
2.99000, 351.
3.00000, 308.
3.01000, 307.
3.02000, 236.
3.03000, 216.
3.04000, 201.
3.05000, 190.
3.06000, 181.
3.07000, 174.
3.08000, 147.
3.09000, 166.
3.10000, 149.
3.11000, 137.
3.12000, 168.
3.13000, 163.
3.14000, 177.
3.15000, 165.
3.16000, 157.
3.17000, 173.
3.18000, 165.
3.19000, 172.
3.20000, 163.
3.21000, 177.
3.22000, 160.
3.23000, 162.
3.24000, 144.
3.25000, 146.
3.26000, 144.
3.27000, 147.
3.28000, 167.
3.29000, 146.
3.30000, 138.
3.31000, 146.
3.32000, 150.
3.33000, 165.
3.34000, 156.
3.35000, 157.
3.36000, 134.
3.37000, 139.
3.38000, 139.
3.39000, 157.
3.40000, 146.
3.41000, 141.
3.42000, 164.
3.43000, 146.
3.44000, 166.
3.45000, 196.
3.46000, 215.
3.47000, 251.
3.48000, 319.
3.49000, 327.
3.50000, 422.
3.51000, 536.
3.52000, 726.
3.53000, 1007.
3.54000, 1424.
3.55000, 2054.
3.56000, 2971.
3.57000, 4422.
3.58000, 6424.
3.59000, 9477.
3.60000, 13809.
3.61000, 18956.
3.62000, 25911.
3.63000, 33523.
3.64000, 42093.
3.65000, 51089.
3.66000, 59519.
3.67000, 66727.
3.68000, 72812.
3.69000, 74965.
3.70000, 75609.
3.71000, 72238.
3.72000, 66832.
3.73000, 59870.
3.74000, 51287.
3.75000, 42474.
3.76000, 33290.
3.77000, 25385.
3.78000, 18913.
3.79000, 13448.
3.80000, 9204.
3.81000, 6112.
3.82000, 3999.
3.83000, 2661.
3.84000, 1705.
3.85000, 1210.
3.86000, 996.
3.87000, 924.
3.88000, 919.
3.89000, 1093.
3.90000, 1392.
3.91000, 1843.
3.92000, 2382.
3.93000, 3174.
3.94000, 3985.
3.95000, 5011.
3.96000, 6216.
3.97000, 7350.
3.98000, 8455.
3.99000, 9245.
4.00000, 10073.
4.01000, 10800.
4.02000, 10317.
4.03000, 10476.
4.04000, 9613.
4.05000, 8636.
4.06000, 7711.
4.07000, 6440.
4.08000, 5299.
4.09000, 4160.
4.10000, 3112.
4.11000, 2264.
4.12000, 1618.
4.13000, 1091.
4.14000, 740.
4.15000, 521.
4.16000, 317.
4.17000, 212.
4.18000, 104.
4.19000, 91.
4.20000, 55.
4.21000, 64.
4.22000, 50.
4.23000, 46.
4.24000, 36.
4.25000, 46.
4.26000, 50.
4.27000, 39.
4.28000, 51.
4.29000, 39.
4.30000, 44.
4.31000, 45.
4.32000, 52.
4.33000, 69.
4.34000, 71.
4.35000, 77.
4.36000, 86.
4.37000, 108.
4.38000, 141.
4.39000, 155.
4.40000, 199.
4.41000, 229.
4.42000, 259.
4.43000, 327.
4.44000, 337.
4.45000, 360.
4.46000, 373.
4.47000, 347.
4.48000, 368.
4.49000, 325.
4.50000, 326.
4.51000, 317.
4.52000, 271.
4.53000, 217.
4.54000, 208.
4.55000, 177.
4.56000, 155.
4.57000, 142.
4.58000, 112.
4.59000, 105.
4.60000, 80.
4.61000, 69.
4.62000, 105.
4.63000, 84.
4.64000, 95.
4.65000, 95.
4.66000, 102.
4.67000, 98.
4.68000, 89.
4.69000, 95.
4.70000, 86.
4.71000, 91.
4.72000, 92.
4.73000, 87.
4.74000, 108.
4.75000, 158.
4.76000, 184.
4.77000, 196.
4.78000, 224.
4.79000, 226.
4.80000, 281.
4.81000, 316.
4.82000, 327.
4.83000, 326.
4.84000, 323.
4.85000, 325.
4.86000, 282.
4.87000, 324.
4.88000, 282.
4.89000, 255.
4.90000, 217.
4.91000, 191.
4.92000, 192.
4.93000, 158.
4.94000, 156.
4.95000, 129.
4.96000, 132.
4.97000, 102.
4.98000, 121.
4.99000, 97.
5.00000, 124.
5.01000, 102.
5.02000, 91.
5.03000, 109.
5.04000, 81.
5.05000, 84.
5.06000, 87.
5.07000, 83.
5.08000, 93.
5.09000, 107.
5.10000, 94.
5.11000, 112.
5.12000, 119.
5.13000, 134.
5.14000, 120.
5.15000, 143.
5.16000, 134.
5.17000, 148.
5.18000, 142.
5.19000, 172.
5.20000, 139.
5.21000, 132.
5.22000, 148.
5.23000, 120.
5.24000, 128.
5.25000, 122.
5.26000, 125.
5.27000, 95.
5.28000, 119.
5.29000, 117.
5.30000, 94.
5.31000, 90.
5.32000, 85.
5.33000, 76.
5.34000, 85.
5.35000, 73.
5.36000, 69.
5.37000, 76.
5.38000, 78.
5.39000, 69.
5.40000, 67.
5.41000, 69.
5.42000, 79.
5.43000, 80.
5.44000, 83.
5.45000, 88.
5.46000, 77.
5.47000, 73.
5.48000, 78.
5.49000, 90.
5.50000, 81.
5.51000, 89.
5.52000, 99.
5.53000, 82.
5.54000, 78.
5.55000, 91.
5.56000, 92.
5.57000, 83.
5.58000, 99.
5.59000, 102.
5.60000, 87.
5.61000, 94.
5.62000, 97.
5.63000, 82.
5.64000, 85.
5.65000, 80.
5.66000, 81.
5.67000, 83.
5.68000, 95.
5.69000, 95.
5.70000, 93.
5.71000, 89.
5.72000, 89.
5.73000, 93.
5.74000, 96.
5.75000, 107.
5.76000, 106.
5.77000, 85.
5.78000, 121.
5.79000, 122.
5.80000, 115.
5.81000, 119.
5.82000, 142.
5.83000, 131.
5.84000, 145.
5.85000, 137.
5.86000, 146.
5.87000, 151.
5.88000, 192.
5.89000, 145.
5.90000, 148.
5.91000, 176.
5.92000, 137.
5.93000, 146.
5.94000, 127.
5.95000, 121.
5.96000, 114.
5.97000, 91.
5.98000, 96.
5.99000, 99.
6.00000, 82.
6.01000, 79.
6.02000, 75.
6.03000, 62.
6.04000, 63.
6.05000, 77.
6.06000, 50.
6.07000, 62.
6.08000, 45.
6.09000, 56.
6.10000, 51.
6.11000, 57.
6.12000, 41.
6.13000, 67.
6.14000, 63.
6.15000, 74.
6.16000, 72.
6.17000, 67.
6.18000, 86.
6.19000, 83.
6.20000, 82.
6.21000, 80.
6.22000, 87.
6.23000, 91.
6.24000, 105.
6.25000, 134.
6.26000, 134.
6.27000, 169.
6.28000, 234.
6.29000, 276.
6.30000, 329.
6.31000, 382.
6.32000, 471.
6.33000, 523.
6.34000, 610.
6.35000, 636.
6.36000, 809.
6.37000, 870.
6.38000, 894.
6.39000, 922.
6.40000, 950.
6.41000, 936.
6.42000, 862.
6.43000, 860.
6.44000, 749.
6.45000, 760.
6.46000, 652.
6.47000, 557.
6.48000, 501.
6.49000, 387.
6.50000, 328.
6.51000, 280.
6.52000, 246.
6.53000, 218.
6.54000, 178.
6.55000, 142.
6.56000, 121.
6.57000, 131.
6.58000, 124.
6.59000, 104.
6.60000, 109.
6.61000, 93.
6.62000, 114.
6.63000, 94.
6.64000, 85.
6.65000, 103.
6.66000, 106.
6.67000, 100.
6.68000, 95.
6.69000, 99.
6.70000, 86.
6.71000, 113.
6.72000, 104.
6.73000, 90.
6.74000, 99.
6.75000, 91.
6.76000, 107.
6.77000, 113.
6.78000, 96.
6.79000, 119.
6.80000, 104.
6.81000, 101.
6.82000, 101.
6.83000, 86.
6.84000, 100.
6.85000, 76.
6.86000, 88.
6.87000, 123.
6.88000, 91.
6.89000, 104.
6.90000, 93.
6.91000, 126.
6.92000, 112.
6.93000, 107.
6.94000, 135.
6.95000, 110.
6.96000, 116.
6.97000, 160.
6.98000, 155.
6.99000, 160.
7.00000, 171.
7.01000, 208.
7.02000, 207.
7.03000, 242.
7.04000, 217.
7.05000, 189.
7.06000, 215.
7.07000, 216.
7.08000, 185.
7.09000, 193.
7.10000, 198.
7.11000, 171.
7.12000, 174.
7.13000, 156.
7.14000, 139.
7.15000, 129.
7.16000, 94.
7.17000, 123.
7.18000, 83.
7.19000, 100.
7.20000, 96.
7.21000, 104.
7.22000, 107.
7.23000, 112.
7.24000, 113.
7.25000, 125.
7.26000, 121.
7.27000, 143.
7.28000, 165.
7.29000, 156.
7.30000, 230.
7.31000, 222.
7.32000, 255.
7.33000, 275.
7.34000, 308.
7.35000, 330.
7.36000, 357.
7.37000, 391.
7.38000, 350.
7.39000, 418.
7.40000, 401.
7.41000, 387.
7.42000, 384.
7.43000, 315.
7.44000, 345.
7.45000, 306.
7.46000, 278.
7.47000, 196.
7.48000, 196.
7.49000, 150.
7.50000, 164.
7.51000, 120.
7.52000, 131.
7.53000, 117.
7.54000, 121.
7.55000, 102.
7.56000, 113.
7.57000, 92.
7.58000, 102.
7.59000, 106.
7.60000, 117.
7.61000, 108.
7.62000, 127.
7.63000, 123.
7.64000, 143.
7.65000, 163.
7.66000, 161.
7.67000, 147.
7.68000, 167.
7.69000, 173.
7.70000, 179.
7.71000, 173.
7.72000, 169.
7.73000, 156.
7.74000, 168.
7.75000, 182.
7.76000, 150.
7.77000, 131.
7.78000, 145.
7.79000, 142.
7.80000, 121.
7.81000, 132.
7.82000, 99.
7.83000, 106.
7.84000, 131.
7.85000, 104.
7.86000, 85.
7.87000, 92.
7.88000, 95.
7.89000, 90.
7.90000, 113.
7.91000, 99.
7.92000, 90.
7.93000, 103.
7.94000, 111.
7.95000, 84.
7.96000, 98.
7.97000, 96.
7.98000, 106.
7.99000, 116.
8.00000, 108.
8.01000, 104.
8.02000, 100.
8.03000, 111.
8.04000, 99.
8.05000, 125.
8.06000, 113.
8.07000, 112.
8.08000, 110.
8.09000, 120.
8.10000, 121.
8.11000, 126.
8.12000, 102.
8.13000, 124.
8.14000, 105.
8.15000, 102.
8.16000, 109.
8.17000, 112.
8.18000, 112.
8.19000, 113.
8.20000, 124.
8.21000, 125.
8.22000, 117.
8.23000, 131.
8.24000, 121.
8.25000, 148.
8.26000, 122.
8.27000, 125.
8.28000, 122.
8.29000, 134.
8.30000, 119.
8.31000, 144.
8.32000, 123.
8.33000, 145.
8.34000, 142.
8.35000, 148.
8.36000, 114.
8.37000, 139.
8.38000, 135.
8.39000, 138.
8.40000, 140.
8.41000, 157.
8.42000, 155.
8.43000, 120.
8.44000, 157.
8.45000, 155.
8.46000, 148.
8.47000, 130.
8.48000, 143.
8.49000, 144.
8.50000, 156.
8.51000, 120.
8.52000, 140.
8.53000, 153.
8.54000, 154.
8.55000, 140.
8.56000, 149.
8.57000, 151.
8.58000, 137.
8.59000, 155.
8.60000, 149.
8.61000, 149.
8.62000, 137.
8.63000, 149.
8.64000, 171.
8.65000, 131.
8.66000, 150.
8.67000, 140.
8.68000, 146.
8.69000, 172.
8.70000, 131.
8.71000, 163.
8.72000, 139.
8.73000, 144.
8.74000, 134.
8.75000, 136.
8.76000, 143.
8.77000, 122.
8.78000, 151.
8.79000, 134.
8.80000, 141.
8.81000, 159.
8.82000, 126.
8.83000, 140.
8.84000, 139.
8.85000, 128.
8.86000, 140.
8.87000, 165.
8.88000, 147.
8.89000, 155.
8.90000, 123.
8.91000, 126.
8.92000, 117.
8.93000, 133.
8.94000, 131.
8.95000, 148.
8.96000, 125.
8.97000, 131.
8.98000, 125.
8.99000, 112.
9.00000, 132.
9.01000, 145.
9.02000, 159.
9.03000, 121.
9.04000, 136.
9.05000, 144.
9.06000, 109.
9.07000, 151.
9.08000, 128.
9.09000, 133.
9.10000, 129.
9.11000, 119.
9.12000, 143.
9.13000, 127.
9.14000, 142.
9.15000, 115.
9.16000, 143.
9.17000, 135.
9.18000, 136.
9.19000, 134.
9.20000, 155.
9.21000, 150.
9.22000, 155.
9.23000, 131.
9.24000, 143.
9.25000, 143.
9.26000, 168.
9.27000, 144.
9.28000, 134.
9.29000, 154.
9.30000, 145.
9.31000, 154.
9.32000, 148.
9.33000, 155.
9.34000, 137.
9.35000, 160.
9.36000, 166.
9.37000, 145.
9.38000, 146.
9.39000, 140.
9.40000, 160.
9.41000, 166.
9.42000, 176.
9.43000, 167.
9.44000, 154.
9.45000, 155.
9.46000, 144.
9.47000, 153.
9.48000, 189.
9.49000, 149.
9.50000, 136.
9.51000, 166.
9.52000, 149.
9.53000, 146.
9.54000, 156.
9.55000, 150.
9.56000, 165.
9.57000, 140.
9.58000, 153.
9.59000, 166.
9.60000, 162.
9.61000, 166.
9.62000, 180.
9.63000, 173.
9.64000, 164.
9.65000, 169.
9.66000, 168.
9.67000, 153.
9.68000, 148.
9.69000, 173.
9.70000, 164.
9.71000, 154.
9.72000, 166.
9.73000, 187.
9.74000, 152.
9.75000, 167.
9.76000, 178.
9.77000, 182.
9.78000, 150.
9.79000, 162.
9.80000, 164.
9.81000, 144.
9.82000, 163.
9.83000, 173.
9.84000, 146.
9.85000, 147.
9.86000, 139.
9.87000, 167.
9.88000, 160.
9.89000, 179.
9.90000, 176.
9.91000, 150.
9.92000, 154.
9.93000, 174.
9.94000, 155.
9.95000, 166.
9.96000, 169.
9.97000, 135.
9.98000, 148.
9.99000, 175.
10.00000, 169.
10.01000, 191.
10.02000, 152.
10.03000, 166.
10.04000, 184.
10.05000, 181.
10.06000, 161.
10.07000, 163.
10.08000, 169.
10.09000, 177.
10.10000, 167.
10.11000, 151.
10.12000, 166.
10.13000, 172.
10.14000, 167.
10.15000, 166.
10.16000, 170.
10.17000, 180.
10.18000, 191.
10.19000, 144.
10.20000, 149.
10.21000, 164.
10.22000, 168.
10.23000, 150.
10.24000, 168.
10.25000, 162.
10.26000, 162.
10.27000, 161.
10.28000, 154.
10.29000, 171.
10.30000, 182.
10.31000, 187.
10.32000, 160.
10.33000, 168.
10.34000, 172.
10.35000, 185.
10.36000, 177.
10.37000, 179.
10.38000, 176.
10.39000, 172.
10.40000, 199.
10.41000, 176.
10.42000, 197.
10.43000, 182.
10.44000, 193.
10.45000, 180.
10.46000, 200.
10.47000, 229.
10.48000, 230.
10.49000, 232.
10.50000, 278.
10.51000, 233.
10.52000, 237.
10.53000, 214.
10.54000, 300.
10.55000, 236.
10.56000, 234.
10.57000, 236.
10.58000, 255.
10.59000, 213.
10.60000, 225.
10.61000, 230.
10.62000, 227.
10.63000, 221.
10.64000, 205.
10.65000, 211.
10.66000, 195.
10.67000, 204.
10.68000, 187.
10.69000, 197.
10.70000, 194.
10.71000, 182.
10.72000, 173.
10.73000, 221.
10.74000, 196.
10.75000, 181.
10.76000, 177.
10.77000, 155.
10.78000, 185.
10.79000, 181.
10.80000, 183.
10.81000, 182.
10.82000, 180.
10.83000, 152.
10.84000, 176.
10.85000, 169.
10.86000, 162.
10.87000, 153.
10.88000, 180.
10.89000, 174.
10.90000, 200.
10.91000, 198.
10.92000, 194.
10.93000, 160.
10.94000, 181.
10.95000, 160.
10.96000, 177.
10.97000, 175.
10.98000, 181.
10.99000, 200.
11.00000, 174.
11.01000, 169.
11.02000, 172.
11.03000, 189.
11.04000, 174.
11.05000, 208.
11.06000, 197.
11.07000, 155.
11.08000, 195.
11.09000, 192.
11.10000, 200.
11.11000, 186.
11.12000, 198.
11.13000, 191.
11.14000, 197.
11.15000, 171.
11.16000, 184.
11.17000, 197.
11.18000, 205.
11.19000, 209.
11.20000, 161.
11.21000, 186.
11.22000, 167.
11.23000, 186.
11.24000, 172.
11.25000, 192.
11.26000, 180.
11.27000, 177.
11.28000, 173.
11.29000, 193.
11.30000, 193.
11.31000, 176.
11.32000, 172.
11.33000, 192.
11.34000, 210.
11.35000, 208.
11.36000, 202.
11.37000, 191.
11.38000, 184.
11.39000, 204.
11.40000, 193.
11.41000, 207.
11.42000, 210.
11.43000, 205.
11.44000, 198.
11.45000, 194.
11.46000, 208.
11.47000, 186.
11.48000, 190.
11.49000, 179.
11.50000, 214.
11.51000, 182.
11.52000, 207.
11.53000, 203.
11.54000, 192.
11.55000, 218.
11.56000, 208.
11.57000, 188.
11.58000, 186.
11.59000, 186.
11.60000, 187.
11.61000, 193.
11.62000, 182.
11.63000, 207.
11.64000, 203.
11.65000, 179.
11.66000, 196.
11.67000, 200.
11.68000, 194.
11.69000, 191.
11.70000, 209.
11.71000, 200.
11.72000, 206.
11.73000, 189.
11.74000, 206.
11.75000, 194.
11.76000, 196.
11.77000, 178.
11.78000, 181.
11.79000, 199.
11.80000, 190.
11.81000, 203.
11.82000, 208.
11.83000, 209.
11.84000, 187.
11.85000, 190.
11.86000, 174.
11.87000, 189.
11.88000, 212.
11.89000, 190.
11.90000, 180.
11.91000, 182.
11.92000, 181.
11.93000, 202.
11.94000, 186.
11.95000, 183.
11.96000, 188.
11.97000, 195.
11.98000, 201.
11.99000, 204.
12.00000, 236.
12.01000, 189.
12.02000, 202.
12.03000, 190.
12.04000, 184.
12.05000, 169.
12.06000, 176.
12.07000, 193.
12.08000, 201.
12.09000, 180.
12.10000, 194.
12.11000, 201.
12.12000, 192.
12.13000, 210.
12.14000, 207.
12.15000, 198.
12.16000, 198.
12.17000, 194.
12.18000, 182.
12.19000, 195.
12.20000, 197.
12.21000, 204.
12.22000, 180.
12.23000, 200.
12.24000, 217.
12.25000, 214.
12.26000, 182.
12.27000, 216.
12.28000, 209.
12.29000, 183.
12.30000, 214.
12.31000, 193.
12.32000, 216.
12.33000, 202.
12.34000, 205.
12.35000, 215.
12.36000, 196.
12.37000, 214.
12.38000, 192.
12.39000, 211.
12.40000, 208.
12.41000, 204.
12.42000, 226.
12.43000, 197.
12.44000, 209.
12.45000, 218.
12.46000, 223.
12.47000, 199.
12.48000, 240.
12.49000, 247.
12.50000, 242.
12.51000, 244.
12.52000, 248.
12.53000, 244.
12.54000, 225.
12.55000, 281.
12.56000, 264.
12.57000, 277.
12.58000, 256.
12.59000, 256.
12.60000, 252.
12.61000, 252.
12.62000, 256.
12.63000, 307.
12.64000, 282.
12.65000, 278.
12.66000, 256.
12.67000, 241.
12.68000, 248.
12.69000, 247.
12.70000, 232.
12.71000, 240.
12.72000, 222.
12.73000, 218.
12.74000, 230.
12.75000, 224.
12.76000, 220.
12.77000, 223.
12.78000, 201.
12.79000, 240.
12.80000, 220.
12.81000, 235.
12.82000, 204.
12.83000, 179.
12.84000, 182.
12.85000, 217.
12.86000, 203.
12.87000, 204.
12.88000, 206.
12.89000, 199.
12.90000, 214.
12.91000, 210.
12.92000, 222.
12.93000, 194.
12.94000, 206.
12.95000, 204.
12.96000, 205.
12.97000, 189.
12.98000, 202.
12.99000, 201.
13.00000, 202.
13.01000, 191.
13.02000, 199.
13.03000, 198.
13.04000, 209.
13.05000, 217.
13.06000, 212.
13.07000, 172.
13.08000, 232.
13.09000, 197.
13.10000, 201.
13.11000, 186.
13.12000, 182.
13.13000, 203.
13.14000, 166.
13.15000, 182.
13.16000, 188.
13.17000, 211.
13.18000, 208.
13.19000, 211.
13.20000, 198.
13.21000, 225.
13.22000, 186.
13.23000, 178.
13.24000, 193.
13.25000, 181.
13.26000, 176.
13.27000, 202.
13.28000, 220.
13.29000, 204.
13.30000, 227.
13.31000, 215.
13.32000, 228.
13.33000, 204.
13.34000, 199.
13.35000, 216.
13.36000, 209.
13.37000, 202.
13.38000, 200.
13.39000, 210.
13.40000, 196.
13.41000, 205.
13.42000, 197.
13.43000, 191.
13.44000, 215.
13.45000, 204.
13.46000, 202.
13.47000, 219.
13.48000, 203.
13.49000, 219.
13.50000, 210.
13.51000, 180.
13.52000, 222.
13.53000, 223.
13.54000, 164.
13.55000, 196.
13.56000, 213.
13.57000, 199.
13.58000, 215.
13.59000, 220.
13.60000, 184.
13.61000, 207.
13.62000, 226.
13.63000, 205.
13.64000, 210.
13.65000, 207.
13.66000, 175.
13.67000, 209.
13.68000, 204.
13.69000, 186.
13.70000, 224.
13.71000, 190.
13.72000, 222.
13.73000, 209.
13.74000, 212.
13.75000, 205.
13.76000, 220.
13.77000, 218.
13.78000, 200.
13.79000, 211.
13.80000, 246.
13.81000, 192.
13.82000, 231.
13.83000, 240.
13.84000, 224.
13.85000, 223.
13.86000, 235.
13.87000, 227.
13.88000, 283.
13.89000, 280.
13.90000, 325.
13.91000, 321.
13.92000, 364.
13.93000, 424.
13.94000, 519.
13.95000, 538.
13.96000, 658.
13.97000, 756.
13.98000, 873.
13.99000, 983.
14.00000, 1072.
14.01000, 1214.
14.02000, 1471.
14.03000, 1491.
14.04000, 1740.
14.05000, 1850.
14.06000, 1964.
14.07000, 2089.
14.08000, 2292.
14.09000, 2397.
14.10000, 2409.
14.11000, 2629.
14.12000, 2591.
14.13000, 2626.
14.14000, 2464.
14.15000, 2496.
14.16000, 2294.
14.17000, 2306.
14.18000, 2213.
14.19000, 2146.
14.20000, 1908.
14.21000, 1696.
14.22000, 1581.
14.23000, 1388.
14.24000, 1279.
14.25000, 1138.
14.26000, 1004.
14.27000, 848.
14.28000, 717.
14.29000, 662.
14.30000, 551.
14.31000, 535.
14.32000, 394.
14.33000, 383.
14.34000, 368.
14.35000, 317.
14.36000, 254.
14.37000, 269.
14.38000, 237.
14.39000, 235.
14.40000, 202.
14.41000, 205.
14.42000, 183.
14.43000, 235.
14.44000, 206.
14.45000, 200.
14.46000, 169.
14.47000, 197.
14.48000, 196.
14.49000, 212.
14.50000, 188.
14.51000, 190.
14.52000, 204.
14.53000, 215.
14.54000, 204.
14.55000, 196.
14.56000, 196.
14.57000, 180.
14.58000, 169.
14.59000, 220.
14.60000, 191.
14.61000, 213.
14.62000, 194.
14.63000, 193.
14.64000, 229.
14.65000, 206.
14.66000, 214.
14.67000, 196.
14.68000, 187.
14.69000, 228.
14.70000, 211.
14.71000, 225.
14.72000, 195.
14.73000, 214.
14.74000, 215.
14.75000, 209.
14.76000, 210.
14.77000, 210.
14.78000, 227.
14.79000, 231.
14.80000, 204.
14.81000, 236.
14.82000, 197.
14.83000, 208.
14.84000, 188.
14.85000, 208.
14.86000, 189.
14.87000, 198.
14.88000, 211.
14.89000, 230.
14.90000, 194.
14.91000, 194.
14.92000, 216.
14.93000, 192.
14.94000, 222.
14.95000, 215.
14.96000, 210.
14.97000, 208.
14.98000, 233.
14.99000, 200.
15.00000, 200.
15.01000, 197.
15.02000, 164.
15.03000, 213.
15.04000, 200.
15.05000, 213.
15.06000, 236.
15.07000, 211.
15.08000, 174.
15.09000, 199.
15.10000, 210.
15.11000, 197.
15.12000, 183.
15.13000, 213.
15.14000, 190.
15.15000, 199.
15.16000, 212.
15.17000, 198.
15.18000, 212.
15.19000, 186.
15.20000, 189.
15.21000, 210.
15.22000, 203.
15.23000, 191.
15.24000, 186.
15.25000, 183.
15.26000, 186.
15.27000, 200.
15.28000, 208.
15.29000, 188.
15.30000, 223.
15.31000, 206.
15.32000, 196.
15.33000, 172.
15.34000, 191.
15.35000, 226.
15.36000, 198.
15.37000, 222.
15.38000, 209.
15.39000, 190.
15.40000, 201.
15.41000, 189.
15.42000, 193.
15.43000, 172.
15.44000, 194.
15.45000, 212.
15.46000, 235.
15.47000, 182.
15.48000, 185.
15.49000, 201.
15.50000, 218.
15.51000, 187.
15.52000, 230.
15.53000, 234.
15.54000, 214.
15.55000, 158.
15.56000, 206.
15.57000, 193.
15.58000, 223.
15.59000, 217.
15.60000, 203.
15.61000, 202.
15.62000, 245.
15.63000, 251.
15.64000, 242.
15.65000, 298.
15.66000, 327.
15.67000, 314.
15.68000, 312.
15.69000, 319.
15.70000, 346.
15.71000, 375.
15.72000, 432.
15.73000, 415.
15.74000, 479.
15.75000, 497.
15.76000, 513.
15.77000, 577.
15.78000, 536.
15.79000, 584.
15.80000, 572.
15.81000, 647.
15.82000, 558.
15.83000, 570.
15.84000, 596.
15.85000, 575.
15.86000, 523.
15.87000, 498.
15.88000, 526.
15.89000, 462.
15.90000, 444.
15.91000, 388.
15.92000, 369.
15.93000, 347.
15.94000, 329.
15.95000, 316.
15.96000, 306.
15.97000, 290.
15.98000, 290.
15.99000, 283.
16.00000, 260.
16.01000, 264.
16.02000, 278.
16.03000, 243.
16.04000, 229.
16.05000, 258.
16.06000, 213.
16.07000, 227.
16.08000, 257.
16.09000, 219.
16.10000, 242.
16.11000, 229.
16.12000, 232.
16.13000, 226.
16.14000, 221.
16.15000, 207.
16.16000, 212.
16.17000, 211.
16.18000, 196.
16.19000, 204.
16.20000, 198.
16.21000, 185.
16.22000, 189.
16.23000, 191.
16.24000, 170.
16.25000, 177.
16.26000, 185.
16.27000, 228.
16.28000, 162.
16.29000, 167.
16.30000, 170.
16.31000, 202.
16.32000, 183.
16.33000, 178.
16.34000, 170.
16.35000, 196.
16.36000, 162.
16.37000, 184.
16.38000, 170.
16.39000, 172.
16.40000, 175.
16.41000, 186.
16.42000, 157.
16.43000, 172.
16.44000, 181.
16.45000, 157.
16.46000, 174.
16.47000, 183.
16.48000, 184.
16.49000, 195.
16.50000, 181.
16.51000, 184.
16.52000, 177.
16.53000, 182.
16.54000, 210.
16.55000, 173.
16.56000, 183.
16.57000, 160.
16.58000, 189.
16.59000, 181.
16.60000, 179.
16.61000, 178.
16.62000, 175.
16.63000, 202.
16.64000, 191.
16.65000, 171.
16.66000, 163.
16.67000, 173.
16.68000, 182.
16.69000, 185.
16.70000, 169.
16.71000, 182.
16.72000, 169.
16.73000, 184.
16.74000, 198.
16.75000, 198.
16.76000, 182.
16.77000, 192.
16.78000, 171.
16.79000, 184.
16.80000, 180.
16.81000, 188.
16.82000, 158.
16.83000, 186.
16.84000, 180.
16.85000, 165.
16.86000, 156.
16.87000, 176.
16.88000, 176.
16.89000, 185.
16.90000, 172.
16.91000, 185.
16.92000, 188.
16.93000, 178.
16.94000, 194.
16.95000, 195.
16.96000, 187.
16.97000, 182.
16.98000, 165.
16.99000, 185.
17.00000, 180.
17.01000, 216.
17.02000, 173.
17.03000, 174.
17.04000, 193.
17.05000, 160.
17.06000, 197.
17.07000, 164.
17.08000, 169.
17.09000, 161.
17.10000, 215.
17.11000, 196.
17.12000, 170.
17.13000, 193.
17.14000, 218.
17.15000, 183.
17.16000, 199.
17.17000, 169.
17.18000, 164.
17.19000, 193.
17.20000, 166.
17.21000, 173.
17.22000, 163.
17.23000, 215.
17.24000, 191.
17.25000, 181.
17.26000, 170.
17.27000, 167.
17.28000, 197.
17.29000, 185.
17.30000, 196.
17.31000, 186.
17.32000, 177.
17.33000, 190.
17.34000, 177.
17.35000, 197.
17.36000, 180.
17.37000, 210.
17.38000, 163.
17.39000, 203.
17.40000, 193.
17.41000, 167.
17.42000, 201.
17.43000, 189.
17.44000, 186.
17.45000, 211.
17.46000, 188.
17.47000, 217.
17.48000, 192.
17.49000, 157.
17.50000, 185.
17.51000, 202.
17.52000, 212.
17.53000, 186.
17.54000, 192.
17.55000, 198.
17.56000, 195.
17.57000, 244.
17.58000, 196.
17.59000, 200.
17.60000, 210.
17.61000, 194.
17.62000, 187.
17.63000, 196.
17.64000, 194.
17.65000, 195.
17.66000, 209.
17.67000, 220.
17.68000, 215.
17.69000, 214.
17.70000, 219.
17.71000, 199.
17.72000, 233.
17.73000, 215.
17.74000, 219.
17.75000, 243.
17.76000, 248.
17.77000, 257.
17.78000, 238.
17.79000, 183.
17.80000, 244.
17.81000, 238.
17.82000, 244.
17.83000, 257.
17.84000, 250.
17.85000, 255.
17.86000, 239.
17.87000, 236.
17.88000, 258.
17.89000, 253.
17.90000, 241.
17.91000, 230.
17.92000, 286.
17.93000, 251.
17.94000, 214.
17.95000, 224.
17.96000, 261.
17.97000, 246.
17.98000, 249.
17.99000, 249.
18.00000, 247.
18.01000, 264.
18.02000, 267.
18.03000, 252.
18.04000, 282.
18.05000, 261.
18.06000, 241.
18.07000, 256.
18.08000, 252.
18.09000, 276.
18.10000, 281.
18.11000, 277.
18.12000, 270.
18.13000, 278.
18.14000, 269.
18.15000, 298.
18.16000, 289.
18.17000, 288.
18.18000, 276.
18.19000, 296.
18.20000, 297.
18.21000, 284.
18.22000, 299.
18.23000, 318.
18.24000, 284.
18.25000, 312.
18.26000, 306.
18.27000, 335.
18.28000, 349.
18.29000, 357.
18.30000, 359.
18.31000, 361.
18.32000, 339.
18.33000, 363.
18.34000, 348.
18.35000, 414.
18.36000, 382.
18.37000, 368.
18.38000, 383.
18.39000, 437.
18.40000, 427.
18.41000, 458.
18.42000, 466.
18.43000, 486.
18.44000, 489.
18.45000, 481.
18.46000, 494.
18.47000, 492.
18.48000, 565.
18.49000, 535.
18.50000, 560.
18.51000, 613.
18.52000, 609.
18.53000, 646.
18.54000, 637.
18.55000, 640.
18.56000, 682.
18.57000, 675.
18.58000, 677.
18.59000, 744.
18.60000, 753.
18.61000, 753.
18.62000, 768.
18.63000, 827.
18.64000, 772.
18.65000, 844.
18.66000, 860.
18.67000, 929.
18.68000, 916.
18.69000, 868.
18.70000, 870.
18.71000, 917.
18.72000, 945.
18.73000, 997.
18.74000, 941.
18.75000, 996.
18.76000, 991.
18.77000, 950.
18.78000, 951.
18.79000, 1006.
18.80000, 940.
18.81000, 940.
18.82000, 1010.
18.83000, 959.
18.84000, 981.
18.85000, 1014.
18.86000, 925.
18.87000, 983.
18.88000, 1022.
18.89000, 959.
18.90000, 934.
18.91000, 947.
18.92000, 910.
18.93000, 949.
18.94000, 919.
18.95000, 946.
18.96000, 920.
18.97000, 849.
18.98000, 894.
18.99000, 848.
19.00000, 870.
19.01000, 827.
19.02000, 824.
19.03000, 785.
19.04000, 811.
19.05000, 788.
19.06000, 707.
19.07000, 716.
19.08000, 710.
19.09000, 682.
19.10000, 660.
19.11000, 709.
19.12000, 595.
19.13000, 592.
19.14000, 629.
19.15000, 592.
19.16000, 567.
19.17000, 559.
19.18000, 589.
19.19000, 532.
19.20000, 492.
19.21000, 510.
19.22000, 502.
19.23000, 534.
19.24000, 458.
19.25000, 461.
19.26000, 477.
19.27000, 415.
19.28000, 425.
19.29000, 392.
19.30000, 379.
19.31000, 364.
19.32000, 380.
19.33000, 372.
19.34000, 370.
19.35000, 361.
19.36000, 317.
19.37000, 403.
19.38000, 365.
19.39000, 330.
19.40000, 350.
19.41000, 329.
19.42000, 307.
19.43000, 318.
19.44000, 286.
19.45000, 278.
19.46000, 319.
19.47000, 306.
19.48000, 275.
19.49000, 253.
19.50000, 272.
19.51000, 280.
19.52000, 257.
19.53000, 269.
19.54000, 273.
19.55000, 263.
19.56000, 253.
19.57000, 257.
19.58000, 271.
19.59000, 254.
19.60000, 253.
19.61000, 249.
19.62000, 251.
19.63000, 235.
19.64000, 240.
19.65000, 216.
19.66000, 215.
19.67000, 243.
19.68000, 205.
19.69000, 184.
19.70000, 240.
19.71000, 222.
19.72000, 179.
19.73000, 220.
19.74000, 191.
19.75000, 205.
19.76000, 204.
19.77000, 207.
19.78000, 218.
19.79000, 211.
19.80000, 198.
19.81000, 200.
19.82000, 198.
19.83000, 216.
19.84000, 250.
19.85000, 242.
19.86000, 225.
19.87000, 260.
19.88000, 261.
19.89000, 273.
19.90000, 302.
19.91000, 320.
19.92000, 346.
19.93000, 341.
19.94000, 404.
19.95000, 447.
19.96000, 436.
19.97000, 457.
19.98000, 488.
19.99000, 516.
20.00000, 525.
20.01000, 591.
20.02000, 623.
20.03000, 715.
20.04000, 706.
20.05000, 725.
20.06000, 758.
20.07000, 818.
20.08000, 805.
20.09000, 880.
20.10000, 827.
20.11000, 860.
20.12000, 934.
20.13000, 946.
20.14000, 921.
20.15000, 972.
20.16000, 904.
20.17000, 916.
20.18000, 903.
20.19000, 861.
20.20000, 845.
20.21000, 829.
20.22000, 817.
20.23000, 776.
20.24000, 710.
20.25000, 678.
20.26000, 662.
20.27000, 623.
20.28000, 562.
20.29000, 489.
20.30000, 471.
20.31000, 440.
20.32000, 391.
20.33000, 367.
20.34000, 341.
20.35000, 325.
20.36000, 297.
20.37000, 258.
20.38000, 272.
20.39000, 248.
20.40000, 221.
20.41000, 220.
20.42000, 205.
20.43000, 180.
20.44000, 178.
20.45000, 169.
20.46000, 169.
20.47000, 196.
20.48000, 156.
20.49000, 189.
20.50000, 201.
20.51000, 150.
20.52000, 166.
20.53000, 184.
20.54000, 198.
20.55000, 205.
20.56000, 177.
20.57000, 181.
20.58000, 182.
20.59000, 173.
20.60000, 178.
20.61000, 170.
20.62000, 167.
20.63000, 198.
20.64000, 191.
20.65000, 214.
20.66000, 182.
20.67000, 186.
20.68000, 210.
20.69000, 228.
20.70000, 215.
20.71000, 213.
20.72000, 212.
20.73000, 231.
20.74000, 220.
20.75000, 250.
20.76000, 214.
20.77000, 224.
20.78000, 227.
20.79000, 208.
20.80000, 211.
20.81000, 238.
20.82000, 260.
20.83000, 247.
20.84000, 249.
20.85000, 236.
20.86000, 244.
20.87000, 225.
20.88000, 261.
20.89000, 267.
20.90000, 246.
20.91000, 278.
20.92000, 268.
20.93000, 266.
20.94000, 273.
20.95000, 296.
20.96000, 261.
20.97000, 258.
20.98000, 285.
20.99000, 286.
21.00000, 268.
21.01000, 253.
21.02000, 262.
21.03000, 273.
21.04000, 275.
21.05000, 289.
21.06000, 256.
21.07000, 292.
21.08000, 255.
21.09000, 263.
21.10000, 296.
21.11000, 273.
21.12000, 261.
21.13000, 285.
21.14000, 251.
21.15000, 292.
21.16000, 260.
21.17000, 281.
21.18000, 268.
21.19000, 239.
21.20000, 253.
21.21000, 290.
21.22000, 251.
21.23000, 249.
21.24000, 249.
21.25000, 212.
21.26000, 240.
21.27000, 238.
21.28000, 230.
21.29000, 235.
21.30000, 214.
21.31000, 199.
21.32000, 216.
21.33000, 211.
21.34000, 211.
21.35000, 218.
21.36000, 238.
21.37000, 209.
21.38000, 203.
21.39000, 209.
21.40000, 205.
21.41000, 210.
21.42000, 210.
21.43000, 192.
21.44000, 197.
21.45000, 170.
21.46000, 184.
21.47000, 173.
21.48000, 194.
21.49000, 163.
21.50000, 165.
21.51000, 193.
21.52000, 163.
21.53000, 146.
21.54000, 155.
21.55000, 171.
21.56000, 172.
21.57000, 168.
21.58000, 154.
21.59000, 163.
21.60000, 174.
21.61000, 157.
21.62000, 147.
21.63000, 140.
21.64000, 136.
21.65000, 142.
21.66000, 160.
21.67000, 154.
21.68000, 150.
21.69000, 140.
21.70000, 162.
21.71000, 133.
21.72000, 137.
21.73000, 153.
21.74000, 135.
21.75000, 134.
21.76000, 137.
21.77000, 131.
21.78000, 139.
21.79000, 138.
21.80000, 148.
21.81000, 142.
21.82000, 120.
21.83000, 113.
21.84000, 133.
21.85000, 120.
21.86000, 126.
21.87000, 134.
21.88000, 132.
21.89000, 136.
21.90000, 119.
21.91000, 122.
21.92000, 126.
21.93000, 120.
21.94000, 110.
21.95000, 117.
21.96000, 124.
21.97000, 121.
21.98000, 119.
21.99000, 114.
22.00000, 119.
22.01000, 117.
22.02000, 121.
22.03000, 126.
22.04000, 117.
22.05000, 114.
22.06000, 112.
22.07000, 116.
22.08000, 94.
22.09000, 125.
22.10000, 102.
22.11000, 127.
22.12000, 104.
22.13000, 121.
22.14000, 125.
22.15000, 92.
22.16000, 108.
22.17000, 100.
22.18000, 121.
22.19000, 112.
22.20000, 108.
22.21000, 103.
22.22000, 118.
22.23000, 100.
22.24000, 105.
22.25000, 111.
22.26000, 126.
22.27000, 114.
22.28000, 105.
22.29000, 101.
22.30000, 117.
22.31000, 119.
22.32000, 111.
22.33000, 111.
22.34000, 112.
22.35000, 107.
22.36000, 100.
22.37000, 102.
22.38000, 93.
22.39000, 98.
22.40000, 111.
22.41000, 126.
22.42000, 116.
22.43000, 119.
22.44000, 103.
22.45000, 118.
22.46000, 124.
22.47000, 109.
22.48000, 112.
22.49000, 120.
22.50000, 148.
22.51000, 149.
22.52000, 133.
22.53000, 149.
22.54000, 137.
22.55000, 161.
22.56000, 164.
22.57000, 176.
22.58000, 163.
22.59000, 159.
22.60000, 195.
22.61000, 182.
22.62000, 187.
22.63000, 208.
22.64000, 244.
22.65000, 224.
22.66000, 187.
22.67000, 209.
22.68000, 215.
22.69000, 211.
22.70000, 223.
22.71000, 215.
22.72000, 190.
22.73000, 204.
22.74000, 167.
22.75000, 228.
22.76000, 160.
22.77000, 169.
22.78000, 173.
22.79000, 173.
22.80000, 164.
22.81000, 164.
22.82000, 150.
22.83000, 131.
22.84000, 132.
22.85000, 123.
22.86000, 130.
22.87000, 111.
22.88000, 109.
22.89000, 98.
22.90000, 100.
22.91000, 83.
22.92000, 111.
22.93000, 113.
22.94000, 118.
22.95000, 100.
22.96000, 92.
22.97000, 86.
22.98000, 98.
22.99000, 103.
23.00000, 84.
23.01000, 96.
23.02000, 104.
23.03000, 98.
23.04000, 91.
23.05000, 125.
23.06000, 87.
23.07000, 115.
23.08000, 106.
23.09000, 113.
23.10000, 107.
23.11000, 106.
23.12000, 101.
23.13000, 102.
23.14000, 107.
23.15000, 97.
23.16000, 110.
23.17000, 91.
23.18000, 102.
23.19000, 110.
23.20000, 106.
23.21000, 100.
23.22000, 105.
23.23000, 98.
23.24000, 97.
23.25000, 88.
23.26000, 84.
23.27000, 111.
23.28000, 98.
23.29000, 80.
23.30000, 89.
23.31000, 71.
23.32000, 86.
23.33000, 79.
23.34000, 77.
23.35000, 100.
23.36000, 86.
23.37000, 89.
23.38000, 96.
23.39000, 95.
23.40000, 97.
23.41000, 94.
23.42000, 71.
23.43000, 79.
23.44000, 92.
23.45000, 80.
23.46000, 81.
23.47000, 79.
23.48000, 72.
23.49000, 98.
23.50000, 80.
23.51000, 87.
23.52000, 62.
23.53000, 75.
23.54000, 78.
23.55000, 76.
23.56000, 72.
23.57000, 88.
23.58000, 75.
23.59000, 60.
23.60000, 66.
23.61000, 85.
23.62000, 72.
23.63000, 92.
23.64000, 86.
23.65000, 77.
23.66000, 80.
23.67000, 93.
23.68000, 94.
23.69000, 84.
23.70000, 84.
23.71000, 84.
23.72000, 92.
23.73000, 85.
23.74000, 75.
23.75000, 96.
23.76000, 98.
23.77000, 80.
23.78000, 62.
23.79000, 76.
23.80000, 97.
23.81000, 89.
23.82000, 87.
23.83000, 72.
23.84000, 86.
23.85000, 86.
23.86000, 103.
23.87000, 89.
23.88000, 78.
23.89000, 79.
23.90000, 78.
23.91000, 89.
23.92000, 83.
23.93000, 86.
23.94000, 88.
23.95000, 78.
23.96000, 97.
23.97000, 75.
23.98000, 84.
23.99000, 72.
24.00000, 83.
24.01000, 86.
24.02000, 81.
24.03000, 81.
24.04000, 97.
24.05000, 92.
24.06000, 76.
24.07000, 83.
24.08000, 87.
24.09000, 71.
24.10000, 74.
24.11000, 75.
24.12000, 75.
24.13000, 63.
24.14000, 87.
24.15000, 79.
24.16000, 91.
24.17000, 65.
24.18000, 86.
24.19000, 75.
24.20000, 82.
24.21000, 71.
24.22000, 87.
24.23000, 72.
24.24000, 81.
24.25000, 76.
24.26000, 78.
24.27000, 80.
24.28000, 53.
24.29000, 82.
24.30000, 68.
24.31000, 68.
24.32000, 81.
24.33000, 75.
24.34000, 59.
24.35000, 55.
24.36000, 66.
24.37000, 92.
24.38000, 68.
24.39000, 80.
24.40000, 87.
24.41000, 76.
24.42000, 80.
24.43000, 78.
24.44000, 76.
24.45000, 67.
24.46000, 75.
24.47000, 66.
24.48000, 80.
24.49000, 79.
24.50000, 91.
24.51000, 66.
24.52000, 69.
24.53000, 77.
24.54000, 70.
24.55000, 65.
24.56000, 82.
24.57000, 68.
24.58000, 75.
24.59000, 67.
24.60000, 76.
24.61000, 85.
24.62000, 71.
24.63000, 62.
24.64000, 62.
24.65000, 84.
24.66000, 75.
24.67000, 65.
24.68000, 85.
24.69000, 63.
24.70000, 58.
24.71000, 81.
24.72000, 77.
24.73000, 73.
24.74000, 69.
24.75000, 80.
24.76000, 75.
24.77000, 81.
24.78000, 84.
24.79000, 69.
24.80000, 69.
24.81000, 77.
24.82000, 64.
24.83000, 76.
24.84000, 77.
24.85000, 75.
24.86000, 76.
24.87000, 63.
24.88000, 82.
24.89000, 92.
24.90000, 93.
24.91000, 60.
24.92000, 65.
24.93000, 80.
24.94000, 90.
24.95000, 96.
24.96000, 76.
24.97000, 77.
24.98000, 70.
24.99000, 80.
25.00000, 84.
25.01000, 73.
25.02000, 75.
25.03000, 83.
25.04000, 90.
25.05000, 77.
25.06000, 81.
25.07000, 90.
25.08000, 91.
25.09000, 75.
25.10000, 88.
25.11000, 90.
25.12000, 76.
25.13000, 82.
25.14000, 73.
25.15000, 94.
25.16000, 82.
25.17000, 71.
25.18000, 80.
25.19000, 79.
25.20000, 80.
25.21000, 78.
25.22000, 74.
25.23000, 64.
25.24000, 73.
25.25000, 75.
25.26000, 70.
25.27000, 79.
25.28000, 82.
25.29000, 89.
25.30000, 86.
25.31000, 90.
25.32000, 84.
25.33000, 81.
25.34000, 76.
25.35000, 65.
25.36000, 74.
25.37000, 65.
25.38000, 75.
25.39000, 59.
25.40000, 64.
25.41000, 76.
25.42000, 59.
25.43000, 75.
25.44000, 56.
25.45000, 78.
25.46000, 80.
25.47000, 68.
25.48000, 65.
25.49000, 67.
25.50000, 89.
25.51000, 69.
25.52000, 74.
25.53000, 57.
25.54000, 71.
25.55000, 75.
25.56000, 70.
25.57000, 68.
25.58000, 66.
25.59000, 69.
25.60000, 76.
25.61000, 88.
25.62000, 75.
25.63000, 59.
25.64000, 59.
25.65000, 70.
25.66000, 79.
25.67000, 74.
25.68000, 70.
25.69000, 67.
25.70000, 71.
25.71000, 68.
25.72000, 73.
25.73000, 78.
25.74000, 55.
25.75000, 64.
25.76000, 80.
25.77000, 58.
25.78000, 72.
25.79000, 62.
25.80000, 73.
25.81000, 67.
25.82000, 69.
25.83000, 80.
25.84000, 73.
25.85000, 80.
25.86000, 62.
25.87000, 54.
25.88000, 72.
25.89000, 64.
25.90000, 67.
25.91000, 59.
25.92000, 58.
25.93000, 60.
25.94000, 67.
25.95000, 64.
25.96000, 77.
25.97000, 75.
25.98000, 77.
25.99000, 63.
26.00000, 67.
26.01000, 65.
26.02000, 56.
26.03000, 65.
26.04000, 60.
26.05000, 62.
26.06000, 74.
26.07000, 72.
26.08000, 75.
26.09000, 68.
26.10000, 66.
26.11000, 54.
26.12000, 70.
26.13000, 55.
26.14000, 67.
26.15000, 63.
26.16000, 52.
26.17000, 60.
26.18000, 57.
26.19000, 73.
26.20000, 60.
26.21000, 71.
26.22000, 67.
26.23000, 86.
26.24000, 70.
26.25000, 72.
26.26000, 60.
26.27000, 52.
26.28000, 59.
26.29000, 70.
26.30000, 69.
26.31000, 71.
26.32000, 65.
26.33000, 66.
26.34000, 52.
26.35000, 59.
26.36000, 64.
26.37000, 68.
26.38000, 67.
26.39000, 55.
26.40000, 71.
26.41000, 76.
26.42000, 49.
26.43000, 61.
26.44000, 66.
26.45000, 71.
26.46000, 74.
26.47000, 64.
26.48000, 64.
26.49000, 58.
26.50000, 63.
26.51000, 62.
26.52000, 58.
26.53000, 62.
26.54000, 57.
26.55000, 57.
26.56000, 64.
26.57000, 66.
26.58000, 47.
26.59000, 58.
26.60000, 48.
26.61000, 68.
26.62000, 71.
26.63000, 77.
26.64000, 55.
26.65000, 59.
26.66000, 58.
26.67000, 63.
26.68000, 77.
26.69000, 53.
26.70000, 67.
26.71000, 63.
26.72000, 77.
26.73000, 55.
26.74000, 56.
26.75000, 54.
26.76000, 52.
26.77000, 61.
26.78000, 81.
26.79000, 65.
26.80000, 61.
26.81000, 59.
26.82000, 67.
26.83000, 64.
26.84000, 68.
26.85000, 70.
26.86000, 62.
26.87000, 51.
26.88000, 51.
26.89000, 53.
26.90000, 48.
26.91000, 52.
26.92000, 74.
26.93000, 70.
26.94000, 58.
26.95000, 49.
26.96000, 66.
26.97000, 61.
26.98000, 65.
26.99000, 51.
27.00000, 61.
27.01000, 56.
27.02000, 61.
27.03000, 56.
27.04000, 66.
27.05000, 63.
27.06000, 63.
27.07000, 52.
27.08000, 62.
27.09000, 62.
27.10000, 64.
27.11000, 46.
27.12000, 60.
27.13000, 68.
27.14000, 57.
27.15000, 59.
27.16000, 40.
27.17000, 60.
27.18000, 63.
27.19000, 52.
27.20000, 69.
27.21000, 55.
27.22000, 70.
27.23000, 65.
27.24000, 68.
27.25000, 56.
27.26000, 53.
27.27000, 61.
27.28000, 53.
27.29000, 55.
27.30000, 63.
27.31000, 53.
27.32000, 60.
27.33000, 49.
27.34000, 61.
27.35000, 59.
27.36000, 58.
27.37000, 66.
27.38000, 62.
27.39000, 63.
27.40000, 54.
27.41000, 58.
27.42000, 68.
27.43000, 73.
27.44000, 71.
27.45000, 46.
27.46000, 57.
27.47000, 60.
27.48000, 51.
27.49000, 47.
27.50000, 61.
27.51000, 69.
27.52000, 47.
27.53000, 56.
27.54000, 50.
27.55000, 70.
27.56000, 69.
27.57000, 58.
27.58000, 45.
27.59000, 45.
27.60000, 58.
27.61000, 60.
27.62000, 60.
27.63000, 57.
27.64000, 56.
27.65000, 50.
27.66000, 56.
27.67000, 64.
27.68000, 46.
27.69000, 47.
27.70000, 46.
27.71000, 60.
27.72000, 65.
27.73000, 54.
27.74000, 53.
27.75000, 61.
27.76000, 53.
27.77000, 44.
27.78000, 70.
27.79000, 58.
27.80000, 48.
27.81000, 57.
27.82000, 75.
27.83000, 48.
27.84000, 64.
27.85000, 50.
27.86000, 55.
27.87000, 45.
27.88000, 48.
27.89000, 59.
27.90000, 40.
27.91000, 62.
27.92000, 66.
27.93000, 46.
27.94000, 42.
27.95000, 63.
27.96000, 56.
27.97000, 46.
27.98000, 43.
27.99000, 71.
28.00000, 46.
28.01000, 56.
28.02000, 55.
28.03000, 60.
28.04000, 62.
28.05000, 54.
28.06000, 70.
28.07000, 56.
28.08000, 63.
28.09000, 45.
28.10000, 58.
28.11000, 59.
28.12000, 51.
28.13000, 57.
28.14000, 48.
28.15000, 75.
28.16000, 52.
28.17000, 48.
28.18000, 44.
28.19000, 58.
28.20000, 51.
28.21000, 46.
28.22000, 58.
28.23000, 46.
28.24000, 60.
28.25000, 45.
28.26000, 46.
28.27000, 55.
28.28000, 63.
28.29000, 58.
28.30000, 55.
28.31000, 44.
28.32000, 54.
28.33000, 60.
28.34000, 49.
28.35000, 53.
28.36000, 62.
28.37000, 48.
28.38000, 63.
28.39000, 59.
28.40000, 59.
28.41000, 47.
28.42000, 59.
28.43000, 68.
28.44000, 45.
28.45000, 55.
28.46000, 65.
28.47000, 63.
28.48000, 50.
28.49000, 60.
28.50000, 53.
28.51000, 62.
28.52000, 48.
28.53000, 56.
28.54000, 61.
28.55000, 50.
28.56000, 48.
28.57000, 50.
28.58000, 46.
28.59000, 55.
28.60000, 51.
28.61000, 58.
28.62000, 55.
28.63000, 50.
28.64000, 62.
28.65000, 56.
28.66000, 44.
28.67000, 45.
28.68000, 50.
28.69000, 46.
28.70000, 54.
28.71000, 52.
28.72000, 47.
28.73000, 55.
28.74000, 55.
28.75000, 57.
28.76000, 60.
28.77000, 44.
28.78000, 35.
28.79000, 41.
28.80000, 58.
28.81000, 44.
28.82000, 56.
28.83000, 37.
28.84000, 56.
28.85000, 48.
28.86000, 46.
28.87000, 51.
28.88000, 39.
28.89000, 61.
28.90000, 65.
28.91000, 44.
28.92000, 42.
28.93000, 47.
28.94000, 51.
28.95000, 58.
28.96000, 55.
28.97000, 48.
28.98000, 48.
28.99000, 58.
29.00000, 49.
29.01000, 38.
29.02000, 55.
29.03000, 42.
29.04000, 49.
29.05000, 58.
29.06000, 47.
29.07000, 51.
29.08000, 46.
29.09000, 45.
29.10000, 51.
29.11000, 42.
29.12000, 54.
29.13000, 49.
29.14000, 41.
29.15000, 55.
29.16000, 51.
29.17000, 47.
29.18000, 48.
29.19000, 63.
29.20000, 45.
29.21000, 42.
29.22000, 54.
29.23000, 63.
29.24000, 46.
29.25000, 48.
29.26000, 51.
29.27000, 59.
29.28000, 45.
29.29000, 41.
29.30000, 54.
29.31000, 56.
29.32000, 49.
29.33000, 49.
29.34000, 48.
29.35000, 53.
29.36000, 45.
29.37000, 46.
29.38000, 44.
29.39000, 45.
29.40000, 41.
29.41000, 42.
29.42000, 44.
29.43000, 44.
29.44000, 34.
29.45000, 53.
29.46000, 39.
29.47000, 42.
29.48000, 52.
29.49000, 41.
29.50000, 42.
29.51000, 45.
29.52000, 42.
29.53000, 52.
29.54000, 57.
29.55000, 56.
29.56000, 54.
29.57000, 31.
29.58000, 48.
29.59000, 46.
29.60000, 48.
29.61000, 51.
29.62000, 40.
29.63000, 54.
29.64000, 46.
29.65000, 42.
29.66000, 44.
29.67000, 53.
29.68000, 44.
29.69000, 46.
29.70000, 40.
29.71000, 59.
29.72000, 42.
29.73000, 45.
29.74000, 36.
29.75000, 58.
29.76000, 46.
29.77000, 45.
29.78000, 34.
29.79000, 45.
29.80000, 54.
29.81000, 36.
29.82000, 53.
29.83000, 34.
29.84000, 49.
29.85000, 55.
29.86000, 50.
29.87000, 44.
29.88000, 53.
29.89000, 42.
29.90000, 38.
29.91000, 45.
29.92000, 38.
29.93000, 42.
29.94000, 39.
29.95000, 36.
29.96000, 42.
29.97000, 41.
29.98000, 56.
29.99000, 47.
30.00000, 50.
30.01000, 48.
30.02000, 43.
30.03000, 43.
30.04000, 52.
30.05000, 38.
30.06000, 36.
30.07000, 31.
30.08000, 49.
30.09000, 49.
30.10000, 35.
30.11000, 33.
30.12000, 40.
30.13000, 41.
30.14000, 49.
30.15000, 52.
30.16000, 61.
30.17000, 53.
30.18000, 61.
30.19000, 45.
30.20000, 32.
30.21000, 48.
30.22000, 46.
30.23000, 43.
30.24000, 42.
30.25000, 50.
30.26000, 43.
30.27000, 51.
30.28000, 37.
30.29000, 30.
30.30000, 37.
30.31000, 47.
30.32000, 47.
30.33000, 45.
30.34000, 52.
30.35000, 40.
30.36000, 39.
30.37000, 38.
30.38000, 35.
30.39000, 38.
30.40000, 44.
30.41000, 39.
30.42000, 43.
30.43000, 46.
30.44000, 41.
30.45000, 34.
30.46000, 42.
30.47000, 36.
30.48000, 44.
30.49000, 43.
30.50000, 38.
30.51000, 38.
30.52000, 35.
30.53000, 47.
30.54000, 42.
30.55000, 27.
30.56000, 41.
30.57000, 47.
30.58000, 44.
30.59000, 49.
30.60000, 43.
30.61000, 34.
30.62000, 32.
30.63000, 35.
30.64000, 46.
30.65000, 44.
30.66000, 39.
30.67000, 37.
30.68000, 41.
30.69000, 40.
30.70000, 51.
30.71000, 45.
30.72000, 41.
30.73000, 41.
30.74000, 42.
30.75000, 43.
30.76000, 44.
30.77000, 38.
30.78000, 48.
30.79000, 43.
30.80000, 39.
30.81000, 37.
30.82000, 31.
30.83000, 36.
30.84000, 57.
30.85000, 45.
30.86000, 38.
30.87000, 35.
30.88000, 38.
30.89000, 39.
30.90000, 43.
30.91000, 42.
30.92000, 41.
30.93000, 29.
30.94000, 41.
30.95000, 44.
30.96000, 29.
30.97000, 46.
30.98000, 45.
30.99000, 49.
31.00000, 37.
31.01000, 33.
31.02000, 42.
31.03000, 33.
31.04000, 43.
31.05000, 43.
31.06000, 36.
31.07000, 42.
31.08000, 35.
31.09000, 37.
31.10000, 39.
31.11000, 36.
31.12000, 40.
31.13000, 37.
31.14000, 45.
31.15000, 29.
31.16000, 37.
31.17000, 36.
31.18000, 46.
31.19000, 37.
31.20000, 37.
31.21000, 36.
31.22000, 40.
31.23000, 40.
31.24000, 42.
31.25000, 43.
31.26000, 41.
31.27000, 32.
31.28000, 53.
31.29000, 37.
31.30000, 32.
31.31000, 36.
31.32000, 36.
31.33000, 40.
31.34000, 41.
31.35000, 42.
31.36000, 42.
31.37000, 44.
31.38000, 50.
31.39000, 42.
31.40000, 47.
31.41000, 47.
31.42000, 45.
31.43000, 47.
31.44000, 41.
31.45000, 34.
31.46000, 40.
31.47000, 46.
31.48000, 39.
31.49000, 50.
31.50000, 56.
31.51000, 47.
31.52000, 45.
31.53000, 47.
31.54000, 63.
31.55000, 54.
31.56000, 60.
31.57000, 58.
31.58000, 73.
31.59000, 75.
31.60000, 67.
31.61000, 61.
31.62000, 86.
31.63000, 93.
31.64000, 76.
31.65000, 80.
31.66000, 103.
31.67000, 84.
31.68000, 89.
31.69000, 111.
31.70000, 111.
31.71000, 110.
31.72000, 92.
31.73000, 116.
31.74000, 115.
31.75000, 104.
31.76000, 112.
31.77000, 113.
31.78000, 98.
31.79000, 122.
31.80000, 116.
31.81000, 109.
31.82000, 115.
31.83000, 95.
31.84000, 129.
31.85000, 100.
31.86000, 107.
31.87000, 92.
31.88000, 98.
31.89000, 98.
31.90000, 115.
31.91000, 99.
31.92000, 104.
31.93000, 107.
31.94000, 102.
31.95000, 112.
31.96000, 120.
31.97000, 101.
31.98000, 129.
31.99000, 141.
32.00000, 119.
32.01000, 126.
32.02000, 136.
32.03000, 131.
32.04000, 120.
32.05000, 150.
32.06000, 143.
32.07000, 179.
32.08000, 155.
32.09000, 176.
32.10000, 160.
32.11000, 160.
32.12000, 168.
32.13000, 161.
32.14000, 156.
32.15000, 163.
32.16000, 160.
32.17000, 164.
32.18000, 170.
32.19000, 159.
32.20000, 155.
32.21000, 154.
32.22000, 124.
32.23000, 135.
32.24000, 134.
32.25000, 109.
32.26000, 101.
32.27000, 106.
32.28000, 79.
32.29000, 77.
32.30000, 80.
32.31000, 79.
32.32000, 56.
32.33000, 59.
32.34000, 68.
32.35000, 60.
32.36000, 52.
32.37000, 54.
32.38000, 50.
32.39000, 47.
32.40000, 46.
32.41000, 47.
32.42000, 43.
32.43000, 40.
32.44000, 45.
32.45000, 42.
32.46000, 24.
32.47000, 31.
32.48000, 32.
32.49000, 39.
32.50000, 36.
32.51000, 37.
32.52000, 37.
32.53000, 28.
32.54000, 34.
32.55000, 30.
32.56000, 21.
32.57000, 30.
32.58000, 26.
32.59000, 34.
32.60000, 31.
32.61000, 43.
32.62000, 29.
32.63000, 39.
32.64000, 27.
32.65000, 36.
32.66000, 41.
32.67000, 32.
32.68000, 27.
32.69000, 39.
32.70000, 29.
32.71000, 29.
32.72000, 26.
32.73000, 32.
32.74000, 37.
32.75000, 43.
32.76000, 26.
32.77000, 29.
32.78000, 36.
32.79000, 36.
32.80000, 40.
32.81000, 26.
32.82000, 31.
32.83000, 48.
32.84000, 25.
32.85000, 35.
32.86000, 30.
32.87000, 36.
32.88000, 41.
32.89000, 43.
32.90000, 38.
32.91000, 37.
32.92000, 35.
32.93000, 35.
32.94000, 31.
32.95000, 29.
32.96000, 42.
32.97000, 40.
32.98000, 30.
32.99000, 34.
33.00000, 38.
33.01000, 37.
33.02000, 32.
33.03000, 32.
33.04000, 29.
33.05000, 33.
33.06000, 31.
33.07000, 45.
33.08000, 32.
33.09000, 38.
33.10000, 35.
33.11000, 34.
33.12000, 29.
33.13000, 33.
33.14000, 31.
33.15000, 30.
33.16000, 26.
33.17000, 26.
33.18000, 29.
33.19000, 28.
33.20000, 31.
33.21000, 36.
33.22000, 38.
33.23000, 29.
33.24000, 40.
33.25000, 31.
33.26000, 33.
33.27000, 38.
33.28000, 43.
33.29000, 35.
33.30000, 39.
33.31000, 29.
33.32000, 26.
33.33000, 31.
33.34000, 52.
33.35000, 44.
33.36000, 50.
33.37000, 37.
33.38000, 49.
33.39000, 42.
33.40000, 37.
33.41000, 38.
33.42000, 48.
33.43000, 43.
33.44000, 38.
33.45000, 47.
33.46000, 40.
33.47000, 33.
33.48000, 35.
33.49000, 38.
33.50000, 49.
33.51000, 34.
33.52000, 33.
33.53000, 28.
33.54000, 36.
33.55000, 29.
33.56000, 31.
33.57000, 35.
33.58000, 33.
33.59000, 29.
33.60000, 29.
33.61000, 31.
33.62000, 33.
33.63000, 34.
33.64000, 29.
33.65000, 19.
33.66000, 27.
33.67000, 23.
33.68000, 33.
33.69000, 27.
33.70000, 27.
33.71000, 35.
33.72000, 22.
33.73000, 20.
33.74000, 23.
33.75000, 39.
33.76000, 21.
33.77000, 39.
33.78000, 19.
33.79000, 26.
33.80000, 29.
33.81000, 23.
33.82000, 30.
33.83000, 18.
33.84000, 21.
33.85000, 26.
33.86000, 15.
33.87000, 30.
33.88000, 18.
33.89000, 27.
33.90000, 25.
33.91000, 26.
33.92000, 17.
33.93000, 18.
33.94000, 24.
33.95000, 26.
33.96000, 22.
33.97000, 17.
33.98000, 22.
33.99000, 26.
34.00000, 29.
34.01000, 28.
34.02000, 34.
34.03000, 26.
34.04000, 29.
34.05000, 32.
34.06000, 28.
34.07000, 20.
34.08000, 31.
34.09000, 21.
34.10000, 25.
34.11000, 35.
34.12000, 27.
34.13000, 32.
34.14000, 25.
34.15000, 29.
34.16000, 24.
34.17000, 35.
34.18000, 36.
34.19000, 28.
34.20000, 31.
34.21000, 34.
34.22000, 41.
34.23000, 39.
34.24000, 30.
34.25000, 37.
34.26000, 28.
34.27000, 37.
34.28000, 24.
34.29000, 29.
34.30000, 25.
34.31000, 26.
34.32000, 21.
34.33000, 43.
34.34000, 30.
34.35000, 25.
34.36000, 32.
34.37000, 33.
34.38000, 32.
34.39000, 25.
34.40000, 20.
34.41000, 23.
34.42000, 19.
34.43000, 25.
34.44000, 35.
34.45000, 43.
34.46000, 29.
34.47000, 29.
34.48000, 25.
34.49000, 30.
34.50000, 33.
34.51000, 28.
34.52000, 34.
34.53000, 31.
34.54000, 27.
34.55000, 23.
34.56000, 31.
34.57000, 39.
34.58000, 32.
34.59000, 37.
34.60000, 34.
34.61000, 42.
34.62000, 29.
34.63000, 31.
34.64000, 32.
34.65000, 35.
34.66000, 44.
34.67000, 33.
34.68000, 31.
34.69000, 32.
34.70000, 23.
34.71000, 28.
34.72000, 32.
34.73000, 32.
34.74000, 36.
34.75000, 26.
34.76000, 20.
34.77000, 38.
34.78000, 24.
34.79000, 24.
34.80000, 29.
34.81000, 27.
34.82000, 26.
34.83000, 19.
34.84000, 28.
34.85000, 21.
34.86000, 19.
34.87000, 21.
34.88000, 28.
34.89000, 25.
34.90000, 24.
34.91000, 21.
34.92000, 26.
34.93000, 20.
34.94000, 12.
34.95000, 20.
34.96000, 28.
34.97000, 14.
34.98000, 29.
34.99000, 15.
35.00000, 17.
35.01000, 23.
35.02000, 16.
35.03000, 20.
35.04000, 14.
35.05000, 22.
35.06000, 21.
35.07000, 17.
35.08000, 30.
35.09000, 30.
35.10000, 23.
35.11000, 12.
35.12000, 16.
35.13000, 27.
35.14000, 26.
35.15000, 24.
35.16000, 27.
35.17000, 19.
35.18000, 17.
35.19000, 15.
35.20000, 15.
35.21000, 25.
35.22000, 23.
35.23000, 22.
35.24000, 19.
35.25000, 13.
35.26000, 19.
35.27000, 17.
35.28000, 27.
35.29000, 28.
35.30000, 21.
35.31000, 18.
35.32000, 19.
35.33000, 12.
35.34000, 30.
35.35000, 11.
35.36000, 18.
35.37000, 22.
35.38000, 21.
35.39000, 24.
35.40000, 18.
35.41000, 25.
35.42000, 17.
35.43000, 17.
35.44000, 25.
35.45000, 12.
35.46000, 32.
35.47000, 17.
35.48000, 9.
35.49000, 12.
35.50000, 28.
35.51000, 20.
35.52000, 36.
35.53000, 31.
35.54000, 16.
35.55000, 11.
35.56000, 22.
35.57000, 17.
35.58000, 15.
35.59000, 15.
35.60000, 23.
35.61000, 23.
35.62000, 13.
35.63000, 20.
35.64000, 14.
35.65000, 19.
35.66000, 15.
35.67000, 16.
35.68000, 18.
35.69000, 28.
35.70000, 16.
35.71000, 26.
35.72000, 24.
35.73000, 11.
35.74000, 27.
35.75000, 21.
35.76000, 14.
35.77000, 24.
35.78000, 26.
35.79000, 23.
35.80000, 22.
35.81000, 18.
35.82000, 17.
35.83000, 18.
35.84000, 23.
35.85000, 25.
35.86000, 23.
35.87000, 23.
35.88000, 20.
35.89000, 23.
35.90000, 23.
35.91000, 22.
35.92000, 15.
35.93000, 19.
35.94000, 25.
35.95000, 27.
35.96000, 18.
35.97000, 31.
35.98000, 30.
35.99000, 21.
36.00000, 21.
36.01000, 19.
36.02000, 19.
36.03000, 33.
36.04000, 23.
36.05000, 31.
36.06000, 26.
36.07000, 29.
36.08000, 37.
36.09000, 26.
36.10000, 35.
36.11000, 26.
36.12000, 36.
36.13000, 38.
36.14000, 27.
36.15000, 35.
36.16000, 30.
36.17000, 52.
36.18000, 36.
36.19000, 37.
36.20000, 37.
36.21000, 49.
36.22000, 31.
36.23000, 31.
36.24000, 37.
36.25000, 50.
36.26000, 36.
36.27000, 56.
36.28000, 39.
36.29000, 30.
36.30000, 41.
36.31000, 50.
36.32000, 43.
36.33000, 45.
36.34000, 36.
36.35000, 38.
36.36000, 41.
36.37000, 35.
36.38000, 40.
36.39000, 29.
36.40000, 33.
36.41000, 31.
36.42000, 23.
36.43000, 23.
36.44000, 29.
36.45000, 33.
36.46000, 32.
36.47000, 31.
36.48000, 16.
36.49000, 17.
36.50000, 18.
36.51000, 17.
36.52000, 23.
36.53000, 26.
36.54000, 26.
36.55000, 24.
36.56000, 20.
36.57000, 16.
36.58000, 16.
36.59000, 18.
36.60000, 16.
36.61000, 27.
36.62000, 18.
36.63000, 13.
36.64000, 15.
36.65000, 20.
36.66000, 18.
36.67000, 14.
36.68000, 16.
36.69000, 13.
36.70000, 21.
36.71000, 17.
36.72000, 29.
36.73000, 14.
36.74000, 17.
36.75000, 20.
36.76000, 19.
36.77000, 14.
36.78000, 18.
36.79000, 20.
36.80000, 12.
36.81000, 15.
36.82000, 20.
36.83000, 19.
36.84000, 20.
36.85000, 14.
36.86000, 20.
36.87000, 18.
36.88000, 12.
36.89000, 20.
36.90000, 11.
36.91000, 22.
36.92000, 15.
36.93000, 15.
36.94000, 21.
36.95000, 20.
36.96000, 19.
36.97000, 20.
36.98000, 15.
36.99000, 14.
37.00000, 16.
37.01000, 14.
37.02000, 11.
37.03000, 14.
37.04000, 13.
37.05000, 24.
37.06000, 23.
37.07000, 22.
37.08000, 14.
37.09000, 19.
37.10000, 23.
37.11000, 17.
37.12000, 25.
37.13000, 16.
37.14000, 19.
37.15000, 16.
37.16000, 21.
37.17000, 23.
37.18000, 24.
37.19000, 16.
37.20000, 16.
37.21000, 17.
37.22000, 19.
37.23000, 14.
37.24000, 27.
37.25000, 22.
37.26000, 18.
37.27000, 18.
37.28000, 19.
37.29000, 14.
37.30000, 15.
37.31000, 23.
37.32000, 23.
37.33000, 13.
37.34000, 19.
37.35000, 22.
37.36000, 16.
37.37000, 23.
37.38000, 17.
37.39000, 15.
37.40000, 16.
37.41000, 18.
37.42000, 19.
37.43000, 27.
37.44000, 14.
37.45000, 9.
37.46000, 14.
37.47000, 9.
37.48000, 12.
37.49000, 16.
37.50000, 13.
37.51000, 10.
37.52000, 14.
37.53000, 13.
37.54000, 20.
37.55000, 14.
37.56000, 18.
37.57000, 19.
37.58000, 16.
37.59000, 9.
37.60000, 20.
37.61000, 10.
37.62000, 15.
37.63000, 17.
37.64000, 13.
37.65000, 14.
37.66000, 12.
37.67000, 10.
37.68000, 16.
37.69000, 17.
37.70000, 15.
37.71000, 7.
37.72000, 14.
37.73000, 10.
37.74000, 15.
37.75000, 10.
37.76000, 23.
37.77000, 11.
37.78000, 8.
37.79000, 18.
37.80000, 20.
37.81000, 14.
37.82000, 8.
37.83000, 13.
37.84000, 5.
37.85000, 15.
37.86000, 9.
37.87000, 9.
37.88000, 16.
37.89000, 17.
37.90000, 14.
37.91000, 10.
37.92000, 8.
37.93000, 20.
37.94000, 18.
37.95000, 18.
37.96000, 16.
37.97000, 11.
37.98000, 8.
37.99000, 9.
38.00000, 10.
38.01000, 13.
38.02000, 10.
38.03000, 10.
38.04000, 13.
38.05000, 6.
38.06000, 13.
38.07000, 8.
38.08000, 11.
38.09000, 9.
38.10000, 15.
38.11000, 9.
38.12000, 11.
38.13000, 15.
38.14000, 13.
38.15000, 9.
38.16000, 11.
38.17000, 11.
38.18000, 4.
38.19000, 13.
38.20000, 7.
38.21000, 11.
38.22000, 5.
38.23000, 8.
38.24000, 13.
38.25000, 5.
38.26000, 9.
38.27000, 5.
38.28000, 7.
38.29000, 8.
38.30000, 9.
38.31000, 8.
38.32000, 8.
38.33000, 13.
38.34000, 13.
38.35000, 9.
38.36000, 9.
38.37000, 11.
38.38000, 5.
38.39000, 16.
38.40000, 6.
38.41000, 7.
38.42000, 7.
38.43000, 9.
38.44000, 9.
38.45000, 7.
38.46000, 12.
38.47000, 4.
38.48000, 10.
38.49000, 10.
38.50000, 10.
38.51000, 12.
38.52000, 9.
38.53000, 12.
38.54000, 11.
38.55000, 7.
38.56000, 16.
38.57000, 10.
38.58000, 15.
38.59000, 11.
38.60000, 14.
38.61000, 5.
38.62000, 11.
38.63000, 14.
38.64000, 4.
38.65000, 5.
38.66000, 17.
38.67000, 13.
38.68000, 10.
38.69000, 13.
38.70000, 9.
38.71000, 7.
38.72000, 10.
38.73000, 13.
38.74000, 8.
38.75000, 9.
38.76000, 14.
38.77000, 4.
38.78000, 7.
38.79000, 8.
38.80000, 8.
38.81000, 14.
38.82000, 7.
38.83000, 10.
38.84000, 7.
38.85000, 8.
38.86000, 6.
38.87000, 8.
38.88000, 15.
38.89000, 13.
38.90000, 16.
38.91000, 8.
38.92000, 6.
38.93000, 8.
38.94000, 8.
38.95000, 9.
38.96000, 7.
38.97000, 12.
38.98000, 8.
38.99000, 12.
39.00000, 16.
39.01000, 12.
39.02000, 7.
39.03000, 9.
39.04000, 11.
39.05000, 10.
39.06000, 10.
39.07000, 9.
39.08000, 8.
39.09000, 6.
39.10000, 9.
39.11000, 16.
39.12000, 6.
39.13000, 12.
39.14000, 17.
39.15000, 9.
39.16000, 8.
39.17000, 8.
39.18000, 10.
39.19000, 11.
39.20000, 6.
39.21000, 15.
39.22000, 11.
39.23000, 10.
39.24000, 10.
39.25000, 6.
39.26000, 8.
39.27000, 7.
39.28000, 11.
39.29000, 6.
39.30000, 12.
39.31000, 9.
39.32000, 6.
39.33000, 10.
39.34000, 8.
39.35000, 11.
39.36000, 9.
39.37000, 6.
39.38000, 11.
39.39000, 10.
39.40000, 12.
39.41000, 9.
39.42000, 12.
39.43000, 7.
39.44000, 13.
39.45000, 9.
39.46000, 6.
39.47000, 4.
39.48000, 5.
39.49000, 13.
39.50000, 7.
39.51000, 14.
39.52000, 13.
39.53000, 7.
39.54000, 7.
39.55000, 11.
39.56000, 6.
39.57000, 6.
39.58000, 8.
39.59000, 9.
39.60000, 3.
39.61000, 6.
39.62000, 5.
39.63000, 7.
39.64000, 5.
39.65000, 6.
39.66000, 7.
39.67000, 11.
39.68000, 9.
39.69000, 5.
39.70000, 4.
39.71000, 2.
39.72000, 7.
39.73000, 10.
39.74000, 7.
39.75000, 15.
39.76000, 19.
39.77000, 8.
39.78000, 6.
39.79000, 5.
39.80000, 6.
39.81000, 7.
39.82000, 8.
39.83000, 9.
39.84000, 7.
39.85000, 6.
39.86000, 3.
39.87000, 2.
39.88000, 5.
39.89000, 5.
39.90000, 11.
39.91000, 11.
39.92000, 5.
39.93000, 12.
39.94000, 6.
39.95000, 7.
39.96000, 6.
39.97000, 11.
39.98000, 7.
39.99000, 13.
40.00000, 4.
40.01000, 5.
40.02000, 5.
40.03000, 8.
40.04000, 8.
40.05000, 13.
40.06000, 11.
40.07000, 5.
40.08000, 8.
40.09000, 6.
40.10000, 11.
40.11000, 11.
40.12000, 6.
40.13000, 5.
40.14000, 9.
40.15000, 7.
40.16000, 8.
40.17000, 14.
40.18000, 5.
40.19000, 6.
40.20000, 5.
40.21000, 10.
40.22000, 6.
40.23000, 2.
40.24000, 9.
40.25000, 5.
40.26000, 5.
40.27000, 7.
40.28000, 8.
40.29000, 5.
40.30000, 3.
40.31000, 3.
40.32000, 3.
40.33000, 8.
40.34000, 6.
40.35000, 5.
40.36000, 3.
40.37000, 5.
40.38000, 11.
40.39000, 8.
40.40000, 4.
40.41000, 2.
40.42000, 8.
40.43000, 8.
40.44000, 7.
40.45000, 2.
40.46000, 8.
40.47000, 6.
40.48000, 6.
40.49000, 5.
40.50000, 4.
40.51000, 5.
40.52000, 7.
40.53000, 5.
40.54000, 8.
40.55000, 0.
#ENDOFDATA   : 
