#FORMAT      : EMSA/MAS Spectral Data File
#VERSION     : 1.0
#TITLE       : lo 3
#DATE        : 24-JUL-2026
#TIME        : 11:38
#OWNER       : XGT7200
#NPOINTS     : 4096.
#NCOLUMNS    : 1.
#XUNITS      : keV
#YUNITS      : counts
#DATATYPE    : XY
#XPERCHAN    : 0.0100000
#OFFSET      : -0.400000
#SIGNALTYPE  : EDS
#CHOFFSET    : 40.0000
#LIVETIME    : 60.000000
#REALTIME    : 79.426787
#BEAMKV      : 50.0000
#PROBECUR    : 560000.
#MAGCAM      : 100.000
#XTILTSTGE   : 0.0
#AZIMANGLE   : 0.0
#ELEVANGLE   : 45.0
#XPOSITION mm: 0.0000
#YPOSITION mm: 0.0000
#ZPOSITION mm: 0.0000
##OXINSTPT   : 4
##OXINSTSTROB: 71.97
##OXINSTELEMS: 12,13,14,16,20,25,26,38,39,45,56,70
##OXINSTLABEL: 38, 14.165, Sr
##OXINSTLABEL: 38, 15.836, Sr
##OXINSTLABEL: 38, 16.085, Sr
##OXINSTLABEL: 38, 1.807, Sr
##OXINSTLABEL: 38, 1.649, Sr
##OXINSTLABEL: 38, 1.582, Sr
##OXINSTLABEL: 20, 3.692, Ca
##OXINSTLABEL: 20, 4.013, Ca
##OXINSTLABEL: 20, 0.341, Ca
##OXINSTLABEL: 20, 0.306, Ca
##OXINSTLABEL: 16, 2.308, S
##OXINSTLABEL: 16, 2.464, S
##OXINSTLABEL: 26, 6.404, Fe
##OXINSTLABEL: 26, 7.058, Fe
##OXINSTLABEL: 26, 0.705, Fe
##OXINSTLABEL: 26, 0.628, Fe
##OXINSTLABEL: 45, 20.216, Rh
##OXINSTLABEL: 45, 22.724, Rh
##OXINSTLABEL: 45, 23.173, Rh
##OXINSTLABEL: 45, 2.697, Rh
##OXINSTLABEL: 45, 2.834, Rh
##OXINSTLABEL: 45, 2.519, Rh
##OXINSTLABEL: 45, 3.364, Rh
##OXINSTLABEL: 45, 2.377, Rh
##OXINSTLABEL: 12, 1.254, Mg
##OXINSTLABEL: 14, 1.740, Si
##OXINSTLABEL: 13, 1.487, Al
##OXINSTLABEL: 56, 32.194, Ba
##OXINSTLABEL: 56, 31.818, Ba
##OXINSTLABEL: 56, 36.379, Ba
##OXINSTLABEL: 56, 37.258, Ba
##OXINSTLABEL: 56, 4.466, Ba
##OXINSTLABEL: 56, 4.828, Ba
##OXINSTLABEL: 56, 5.157, Ba
##OXINSTLABEL: 56, 4.331, Ba
##OXINSTLABEL: 56, 5.531, Ba
##OXINSTLABEL: 56, 5.797, Ba
##OXINSTLABEL: 56, 3.954, Ba
##OXINSTLABEL: 25, 5.899, Mn
##OXINSTLABEL: 25, 6.491, Mn
##OXINSTLABEL: 25, 0.636, Mn
##OXINSTLABEL: 25, 0.567, Mn
##OXINSTLABEL: 39, 14.959, Y
##OXINSTLABEL: 39, 16.738, Y
##OXINSTLABEL: 39, 17.016, Y
##OXINSTLABEL: 39, 1.923, Y
##OXINSTLABEL: 39, 1.761, Y
##OXINSTLABEL: 39, 1.685, Y
##OXINSTLABEL: 70, 7.416, Yb
##OXINSTLABEL: 70, 8.402, Yb
##OXINSTLABEL: 70, 8.759, Yb
##OXINSTLABEL: 70, 7.580, Yb
##OXINSTLABEL: 70, 9.780, Yb
##OXINSTLABEL: 70, 10.090, Yb
##OXINSTLABEL: 70, 6.546, Yb
##OXINSTLABEL: 70, 1.521, Yb
##OXINSTLABEL: 70, 1.765, Yb
##OXINSTLABEL: 70, 1.183, Yb
#SPECTRUM    : Spectral Data Starts Here
-0.40000, 0.
-0.39000, 0.
-0.38000, 0.
-0.37000, 0.
-0.36000, 0.
-0.35000, 0.
-0.34000, 0.
-0.33000, 0.
-0.32000, 0.
-0.31000, 0.
-0.30000, 0.
-0.29000, 0.
-0.28000, 0.
-0.27000, 0.
-0.26000, 0.
-0.25000, 0.
-0.24000, 0.
-0.23000, 0.
-0.22000, 0.
-0.21000, 0.
-0.20000, 0.
-0.19000, 0.
-0.18000, 0.
-0.17000, 0.
-0.16000, 0.
-0.15000, 0.
-0.14000, 0.
-0.13000, 0.
-0.12000, 0.
-0.11000, 0.
-0.10000, 0.
-0.09000, 0.
-0.08000, 0.
-0.07000, 0.
-0.06000, 0.
-0.05000, 0.
-0.04000, 0.
-0.03000, 0.
-0.02000, 0.
-0.01000, 0.
0.00000, 0.
0.01000, 0.
0.02000, 0.
0.03000, 0.
0.04000, 0.
0.05000, 0.
0.06000, 0.
0.07000, 0.
0.08000, 0.
0.09000, 0.
0.10000, 0.
0.11000, 0.
0.12000, 0.
0.13000, 0.
0.14000, 0.
0.15000, 0.
0.16000, 0.
0.17000, 0.
0.18000, 0.
0.19000, 0.
0.20000, 0.
0.21000, 0.
0.22000, 0.
0.23000, 0.
0.24000, 0.
0.25000, 0.
0.26000, 0.
0.27000, 0.
0.28000, 0.
0.29000, 0.
0.30000, 0.
0.31000, 0.
0.32000, 1.
0.33000, 2.
0.34000, 2.
0.35000, 3.
0.36000, 6.
0.37000, 7.
0.38000, 22.
0.39000, 16.
0.40000, 29.
0.41000, 34.
0.42000, 37.
0.43000, 51.
0.44000, 62.
0.45000, 53.
0.46000, 70.
0.47000, 65.
0.48000, 63.
0.49000, 80.
0.50000, 76.
0.51000, 68.
0.52000, 63.
0.53000, 75.
0.54000, 75.
0.55000, 71.
0.56000, 78.
0.57000, 61.
0.58000, 66.
0.59000, 56.
0.60000, 59.
0.61000, 55.
0.62000, 70.
0.63000, 53.
0.64000, 61.
0.65000, 53.
0.66000, 64.
0.67000, 74.
0.68000, 64.
0.69000, 75.
0.70000, 57.
0.71000, 73.
0.72000, 58.
0.73000, 71.
0.74000, 61.
0.75000, 52.
0.76000, 65.
0.77000, 58.
0.78000, 57.
0.79000, 64.
0.80000, 59.
0.81000, 56.
0.82000, 67.
0.83000, 66.
0.84000, 62.
0.85000, 62.
0.86000, 52.
0.87000, 53.
0.88000, 67.
0.89000, 69.
0.90000, 58.
0.91000, 55.
0.92000, 66.
0.93000, 65.
0.94000, 54.
0.95000, 82.
0.96000, 73.
0.97000, 62.
0.98000, 79.
0.99000, 56.
1.00000, 68.
1.01000, 73.
1.02000, 62.
1.03000, 53.
1.04000, 59.
1.05000, 64.
1.06000, 65.
1.07000, 62.
1.08000, 65.
1.09000, 71.
1.10000, 61.
1.11000, 58.
1.12000, 67.
1.13000, 73.
1.14000, 55.
1.15000, 49.
1.16000, 73.
1.17000, 63.
1.18000, 84.
1.19000, 75.
1.20000, 80.
1.21000, 82.
1.22000, 92.
1.23000, 106.
1.24000, 129.
1.25000, 114.
1.26000, 119.
1.27000, 129.
1.28000, 112.
1.29000, 88.
1.30000, 92.
1.31000, 66.
1.32000, 72.
1.33000, 44.
1.34000, 50.
1.35000, 40.
1.36000, 48.
1.37000, 43.
1.38000, 54.
1.39000, 49.
1.40000, 35.
1.41000, 45.
1.42000, 50.
1.43000, 59.
1.44000, 61.
1.45000, 62.
1.46000, 75.
1.47000, 75.
1.48000, 86.
1.49000, 99.
1.50000, 82.
1.51000, 63.
1.52000, 78.
1.53000, 69.
1.54000, 59.
1.55000, 58.
1.56000, 50.
1.57000, 52.
1.58000, 53.
1.59000, 55.
1.60000, 41.
1.61000, 48.
1.62000, 48.
1.63000, 46.
1.64000, 54.
1.65000, 53.
1.66000, 77.
1.67000, 82.
1.68000, 150.
1.69000, 163.
1.70000, 227.
1.71000, 258.
1.72000, 302.
1.73000, 295.
1.74000, 367.
1.75000, 364.
1.76000, 351.
1.77000, 307.
1.78000, 306.
1.79000, 284.
1.80000, 256.
1.81000, 227.
1.82000, 223.
1.83000, 219.
1.84000, 198.
1.85000, 196.
1.86000, 234.
1.87000, 274.
1.88000, 311.
1.89000, 439.
1.90000, 530.
1.91000, 625.
1.92000, 671.
1.93000, 827.
1.94000, 878.
1.95000, 910.
1.96000, 904.
1.97000, 795.
1.98000, 705.
1.99000, 619.
2.00000, 494.
2.01000, 437.
2.02000, 314.
2.03000, 244.
2.04000, 196.
2.05000, 155.
2.06000, 106.
2.07000, 117.
2.08000, 87.
2.09000, 90.
2.10000, 86.
2.11000, 89.
2.12000, 93.
2.13000, 93.
2.14000, 121.
2.15000, 100.
2.16000, 122.
2.17000, 126.
2.18000, 130.
2.19000, 134.
2.20000, 140.
2.21000, 175.
2.22000, 215.
2.23000, 231.
2.24000, 255.
2.25000, 294.
2.26000, 364.
2.27000, 356.
2.28000, 423.
2.29000, 462.
2.30000, 483.
2.31000, 459.
2.32000, 394.
2.33000, 390.
2.34000, 386.
2.35000, 335.
2.36000, 256.
2.37000, 251.
2.38000, 204.
2.39000, 165.
2.40000, 161.
2.41000, 120.
2.42000, 127.
2.43000, 113.
2.44000, 107.
2.45000, 127.
2.46000, 113.
2.47000, 101.
2.48000, 93.
2.49000, 97.
2.50000, 97.
2.51000, 111.
2.52000, 97.
2.53000, 104.
2.54000, 119.
2.55000, 107.
2.56000, 121.
2.57000, 143.
2.58000, 156.
2.59000, 181.
2.60000, 256.
2.61000, 288.
2.62000, 377.
2.63000, 522.
2.64000, 602.
2.65000, 726.
2.66000, 901.
2.67000, 899.
2.68000, 1058.
2.69000, 1068.
2.70000, 1121.
2.71000, 1123.
2.72000, 1104.
2.73000, 971.
2.74000, 905.
2.75000, 861.
2.76000, 766.
2.77000, 721.
2.78000, 739.
2.79000, 733.
2.80000, 798.
2.81000, 864.
2.82000, 890.
2.83000, 874.
2.84000, 1021.
2.85000, 989.
2.86000, 976.
2.87000, 925.
2.88000, 857.
2.89000, 800.
2.90000, 748.
2.91000, 693.
2.92000, 631.
2.93000, 596.
2.94000, 534.
2.95000, 431.
2.96000, 416.
2.97000, 449.
2.98000, 364.
2.99000, 327.
3.00000, 292.
3.01000, 304.
3.02000, 285.
3.03000, 250.
3.04000, 211.
3.05000, 209.
3.06000, 182.
3.07000, 183.
3.08000, 163.
3.09000, 161.
3.10000, 159.
3.11000, 139.
3.12000, 172.
3.13000, 157.
3.14000, 145.
3.15000, 142.
3.16000, 153.
3.17000, 159.
3.18000, 143.
3.19000, 133.
3.20000, 161.
3.21000, 149.
3.22000, 172.
3.23000, 155.
3.24000, 145.
3.25000, 140.
3.26000, 148.
3.27000, 171.
3.28000, 172.
3.29000, 163.
3.30000, 171.
3.31000, 184.
3.32000, 179.
3.33000, 172.
3.34000, 147.
3.35000, 156.
3.36000, 145.
3.37000, 136.
3.38000, 144.
3.39000, 134.
3.40000, 135.
3.41000, 152.
3.42000, 139.
3.43000, 149.
3.44000, 175.
3.45000, 207.
3.46000, 204.
3.47000, 226.
3.48000, 295.
3.49000, 336.
3.50000, 443.
3.51000, 535.
3.52000, 734.
3.53000, 887.
3.54000, 1321.
3.55000, 1887.
3.56000, 2852.
3.57000, 4343.
3.58000, 6484.
3.59000, 9605.
3.60000, 13715.
3.61000, 18647.
3.62000, 25191.
3.63000, 32941.
3.64000, 41344.
3.65000, 49355.
3.66000, 57788.
3.67000, 65002.
3.68000, 70427.
3.69000, 73364.
3.70000, 73376.
3.71000, 70587.
3.72000, 65382.
3.73000, 58065.
3.74000, 50259.
3.75000, 41448.
3.76000, 32627.
3.77000, 24997.
3.78000, 18420.
3.79000, 13331.
3.80000, 8976.
3.81000, 5966.
3.82000, 3923.
3.83000, 2570.
3.84000, 1726.
3.85000, 1199.
3.86000, 948.
3.87000, 783.
3.88000, 965.
3.89000, 1132.
3.90000, 1368.
3.91000, 1735.
3.92000, 2373.
3.93000, 3163.
3.94000, 3986.
3.95000, 5111.
3.96000, 6041.
3.97000, 7086.
3.98000, 8355.
3.99000, 9275.
4.00000, 10057.
4.01000, 10330.
4.02000, 10481.
4.03000, 10184.
4.04000, 9494.
4.05000, 8591.
4.06000, 7474.
4.07000, 6339.
4.08000, 5140.
4.09000, 3980.
4.10000, 3097.
4.11000, 2261.
4.12000, 1540.
4.13000, 1081.
4.14000, 696.
4.15000, 477.
4.16000, 289.
4.17000, 171.
4.18000, 121.
4.19000, 83.
4.20000, 70.
4.21000, 51.
4.22000, 52.
4.23000, 55.
4.24000, 49.
4.25000, 41.
4.26000, 50.
4.27000, 46.
4.28000, 61.
4.29000, 54.
4.30000, 52.
4.31000, 61.
4.32000, 58.
4.33000, 60.
4.34000, 67.
4.35000, 72.
4.36000, 85.
4.37000, 98.
4.38000, 150.
4.39000, 155.
4.40000, 183.
4.41000, 243.
4.42000, 246.
4.43000, 300.
4.44000, 329.
4.45000, 322.
4.46000, 366.
4.47000, 359.
4.48000, 374.
4.49000, 355.
4.50000, 347.
4.51000, 292.
4.52000, 271.
4.53000, 238.
4.54000, 191.
4.55000, 171.
4.56000, 136.
4.57000, 133.
4.58000, 125.
4.59000, 101.
4.60000, 88.
4.61000, 115.
4.62000, 84.
4.63000, 80.
4.64000, 102.
4.65000, 109.
4.66000, 84.
4.67000, 90.
4.68000, 93.
4.69000, 98.
4.70000, 112.
4.71000, 92.
4.72000, 89.
4.73000, 128.
4.74000, 117.
4.75000, 134.
4.76000, 164.
4.77000, 233.
4.78000, 222.
4.79000, 259.
4.80000, 293.
4.81000, 296.
4.82000, 318.
4.83000, 355.
4.84000, 320.
4.85000, 337.
4.86000, 345.
4.87000, 304.
4.88000, 285.
4.89000, 280.
4.90000, 236.
4.91000, 230.
4.92000, 176.
4.93000, 171.
4.94000, 141.
4.95000, 147.
4.96000, 130.
4.97000, 121.
4.98000, 106.
4.99000, 101.
5.00000, 106.
5.01000, 96.
5.02000, 118.
5.03000, 89.
5.04000, 112.
5.05000, 106.
5.06000, 113.
5.07000, 104.
5.08000, 111.
5.09000, 114.
5.10000, 110.
5.11000, 124.
5.12000, 108.
5.13000, 127.
5.14000, 120.
5.15000, 159.
5.16000, 125.
5.17000, 162.
5.18000, 145.
5.19000, 174.
5.20000, 146.
5.21000, 142.
5.22000, 144.
5.23000, 136.
5.24000, 134.
5.25000, 138.
5.26000, 145.
5.27000, 125.
5.28000, 119.
5.29000, 119.
5.30000, 133.
5.31000, 103.
5.32000, 101.
5.33000, 114.
5.34000, 113.
5.35000, 99.
5.36000, 88.
5.37000, 91.
5.38000, 70.
5.39000, 72.
5.40000, 76.
5.41000, 77.
5.42000, 71.
5.43000, 85.
5.44000, 81.
5.45000, 81.
5.46000, 75.
5.47000, 75.
5.48000, 86.
5.49000, 79.
5.50000, 77.
5.51000, 86.
5.52000, 92.
5.53000, 78.
5.54000, 122.
5.55000, 116.
5.56000, 95.
5.57000, 88.
5.58000, 108.
5.59000, 95.
5.60000, 84.
5.61000, 104.
5.62000, 88.
5.63000, 78.
5.64000, 100.
5.65000, 89.
5.66000, 87.
5.67000, 79.
5.68000, 90.
5.69000, 84.
5.70000, 101.
5.71000, 80.
5.72000, 87.
5.73000, 76.
5.74000, 81.
5.75000, 108.
5.76000, 115.
5.77000, 96.
5.78000, 101.
5.79000, 141.
5.80000, 143.
5.81000, 136.
5.82000, 133.
5.83000, 133.
5.84000, 146.
5.85000, 157.
5.86000, 151.
5.87000, 149.
5.88000, 166.
5.89000, 157.
5.90000, 167.
5.91000, 153.
5.92000, 147.
5.93000, 128.
5.94000, 142.
5.95000, 117.
5.96000, 103.
5.97000, 118.
5.98000, 100.
5.99000, 101.
6.00000, 87.
6.01000, 80.
6.02000, 70.
6.03000, 75.
6.04000, 77.
6.05000, 69.
6.06000, 70.
6.07000, 71.
6.08000, 67.
6.09000, 68.
6.10000, 65.
6.11000, 64.
6.12000, 69.
6.13000, 67.
6.14000, 62.
6.15000, 47.
6.16000, 56.
6.17000, 57.
6.18000, 69.
6.19000, 76.
6.20000, 62.
6.21000, 68.
6.22000, 73.
6.23000, 91.
6.24000, 100.
6.25000, 111.
6.26000, 158.
6.27000, 174.
6.28000, 211.
6.29000, 267.
6.30000, 310.
6.31000, 368.
6.32000, 456.
6.33000, 532.
6.34000, 558.
6.35000, 657.
6.36000, 743.
6.37000, 812.
6.38000, 807.
6.39000, 931.
6.40000, 875.
6.41000, 896.
6.42000, 845.
6.43000, 787.
6.44000, 746.
6.45000, 637.
6.46000, 583.
6.47000, 494.
6.48000, 415.
6.49000, 379.
6.50000, 311.
6.51000, 281.
6.52000, 225.
6.53000, 190.
6.54000, 189.
6.55000, 133.
6.56000, 135.
6.57000, 120.
6.58000, 115.
6.59000, 105.
6.60000, 125.
6.61000, 95.
6.62000, 91.
6.63000, 98.
6.64000, 97.
6.65000, 110.
6.66000, 106.
6.67000, 104.
6.68000, 101.
6.69000, 89.
6.70000, 83.
6.71000, 81.
6.72000, 96.
6.73000, 100.
6.74000, 114.
6.75000, 90.
6.76000, 101.
6.77000, 88.
6.78000, 91.
6.79000, 81.
6.80000, 76.
6.81000, 102.
6.82000, 114.
6.83000, 78.
6.84000, 93.
6.85000, 100.
6.86000, 97.
6.87000, 109.
6.88000, 97.
6.89000, 107.
6.90000, 113.
6.91000, 121.
6.92000, 95.
6.93000, 130.
6.94000, 116.
6.95000, 137.
6.96000, 150.
6.97000, 164.
6.98000, 135.
6.99000, 175.
7.00000, 190.
7.01000, 177.
7.02000, 193.
7.03000, 212.
7.04000, 199.
7.05000, 210.
7.06000, 213.
7.07000, 227.
7.08000, 196.
7.09000, 198.
7.10000, 172.
7.11000, 178.
7.12000, 161.
7.13000, 144.
7.14000, 136.
7.15000, 115.
7.16000, 117.
7.17000, 126.
7.18000, 87.
7.19000, 90.
7.20000, 113.
7.21000, 99.
7.22000, 94.
7.23000, 102.
7.24000, 101.
7.25000, 135.
7.26000, 130.
7.27000, 146.
7.28000, 179.
7.29000, 180.
7.30000, 190.
7.31000, 222.
7.32000, 220.
7.33000, 274.
7.34000, 303.
7.35000, 311.
7.36000, 337.
7.37000, 367.
7.38000, 403.
7.39000, 379.
7.40000, 386.
7.41000, 343.
7.42000, 339.
7.43000, 342.
7.44000, 295.
7.45000, 287.
7.46000, 215.
7.47000, 208.
7.48000, 191.
7.49000, 203.
7.50000, 160.
7.51000, 148.
7.52000, 129.
7.53000, 113.
7.54000, 96.
7.55000, 100.
7.56000, 109.
7.57000, 93.
7.58000, 104.
7.59000, 103.
7.60000, 121.
7.61000, 106.
7.62000, 115.
7.63000, 151.
7.64000, 123.
7.65000, 137.
7.66000, 152.
7.67000, 179.
7.68000, 158.
7.69000, 157.
7.70000, 177.
7.71000, 181.
7.72000, 169.
7.73000, 188.
7.74000, 199.
7.75000, 157.
7.76000, 173.
7.77000, 147.
7.78000, 141.
7.79000, 122.
7.80000, 95.
7.81000, 105.
7.82000, 106.
7.83000, 103.
7.84000, 95.
7.85000, 94.
7.86000, 114.
7.87000, 110.
7.88000, 94.
7.89000, 108.
7.90000, 89.
7.91000, 96.
7.92000, 75.
7.93000, 99.
7.94000, 82.
7.95000, 86.
7.96000, 88.
7.97000, 94.
7.98000, 108.
7.99000, 112.
8.00000, 87.
8.01000, 112.
8.02000, 121.
8.03000, 93.
8.04000, 94.
8.05000, 111.
8.06000, 97.
8.07000, 114.
8.08000, 98.
8.09000, 85.
8.10000, 115.
8.11000, 107.
8.12000, 110.
8.13000, 107.
8.14000, 115.
8.15000, 111.
8.16000, 102.
8.17000, 92.
8.18000, 106.
8.19000, 113.
8.20000, 118.
8.21000, 114.
8.22000, 119.
8.23000, 107.
8.24000, 113.
8.25000, 123.
8.26000, 125.
8.27000, 104.
8.28000, 117.
8.29000, 121.
8.30000, 127.
8.31000, 130.
8.32000, 121.
8.33000, 141.
8.34000, 141.
8.35000, 133.
8.36000, 125.
8.37000, 131.
8.38000, 118.
8.39000, 149.
8.40000, 117.
8.41000, 126.
8.42000, 131.
8.43000, 133.
8.44000, 131.
8.45000, 129.
8.46000, 140.
8.47000, 120.
8.48000, 143.
8.49000, 134.
8.50000, 134.
8.51000, 160.
8.52000, 140.
8.53000, 149.
8.54000, 133.
8.55000, 143.
8.56000, 146.
8.57000, 117.
8.58000, 146.
8.59000, 157.
8.60000, 145.
8.61000, 149.
8.62000, 152.
8.63000, 148.
8.64000, 150.
8.65000, 156.
8.66000, 153.
8.67000, 140.
8.68000, 150.
8.69000, 155.
8.70000, 160.
8.71000, 152.
8.72000, 147.
8.73000, 153.
8.74000, 144.
8.75000, 129.
8.76000, 150.
8.77000, 155.
8.78000, 147.
8.79000, 147.
8.80000, 146.
8.81000, 135.
8.82000, 136.
8.83000, 152.
8.84000, 139.
8.85000, 122.
8.86000, 157.
8.87000, 143.
8.88000, 155.
8.89000, 129.
8.90000, 135.
8.91000, 135.
8.92000, 147.
8.93000, 149.
8.94000, 132.
8.95000, 133.
8.96000, 126.
8.97000, 142.
8.98000, 159.
8.99000, 163.
9.00000, 131.
9.01000, 117.
9.02000, 126.
9.03000, 141.
9.04000, 167.
9.05000, 119.
9.06000, 138.
9.07000, 108.
9.08000, 141.
9.09000, 120.
9.10000, 137.
9.11000, 125.
9.12000, 130.
9.13000, 145.
9.14000, 126.
9.15000, 121.
9.16000, 144.
9.17000, 140.
9.18000, 133.
9.19000, 145.
9.20000, 160.
9.21000, 141.
9.22000, 154.
9.23000, 136.
9.24000, 153.
9.25000, 135.
9.26000, 166.
9.27000, 158.
9.28000, 135.
9.29000, 133.
9.30000, 148.
9.31000, 134.
9.32000, 133.
9.33000, 140.
9.34000, 120.
9.35000, 160.
9.36000, 158.
9.37000, 144.
9.38000, 116.
9.39000, 129.
9.40000, 146.
9.41000, 162.
9.42000, 151.
9.43000, 155.
9.44000, 166.
9.45000, 135.
9.46000, 157.
9.47000, 154.
9.48000, 139.
9.49000, 178.
9.50000, 163.
9.51000, 160.
9.52000, 165.
9.53000, 164.
9.54000, 170.
9.55000, 142.
9.56000, 147.
9.57000, 149.
9.58000, 158.
9.59000, 145.
9.60000, 145.
9.61000, 167.
9.62000, 171.
9.63000, 160.
9.64000, 138.
9.65000, 153.
9.66000, 193.
9.67000, 152.
9.68000, 149.
9.69000, 150.
9.70000, 175.
9.71000, 162.
9.72000, 179.
9.73000, 161.
9.74000, 161.
9.75000, 173.
9.76000, 190.
9.77000, 162.
9.78000, 159.
9.79000, 183.
9.80000, 148.
9.81000, 161.
9.82000, 147.
9.83000, 154.
9.84000, 166.
9.85000, 164.
9.86000, 166.
9.87000, 144.
9.88000, 160.
9.89000, 161.
9.90000, 171.
9.91000, 148.
9.92000, 161.
9.93000, 142.
9.94000, 172.
9.95000, 189.
9.96000, 160.
9.97000, 172.
9.98000, 144.
9.99000, 164.
10.00000, 172.
10.01000, 160.
10.02000, 179.
10.03000, 150.
10.04000, 168.
10.05000, 172.
10.06000, 153.
10.07000, 172.
10.08000, 175.
10.09000, 169.
10.10000, 165.
10.11000, 169.
10.12000, 173.
10.13000, 152.
10.14000, 155.
10.15000, 153.
10.16000, 171.
10.17000, 161.
10.18000, 158.
10.19000, 188.
10.20000, 172.
10.21000, 149.
10.22000, 174.
10.23000, 170.
10.24000, 158.
10.25000, 152.
10.26000, 153.
10.27000, 184.
10.28000, 177.
10.29000, 177.
10.30000, 171.
10.31000, 171.
10.32000, 164.
10.33000, 160.
10.34000, 186.
10.35000, 163.
10.36000, 181.
10.37000, 170.
10.38000, 157.
10.39000, 197.
10.40000, 164.
10.41000, 192.
10.42000, 184.
10.43000, 196.
10.44000, 207.
10.45000, 200.
10.46000, 226.
10.47000, 203.
10.48000, 228.
10.49000, 226.
10.50000, 248.
10.51000, 226.
10.52000, 265.
10.53000, 186.
10.54000, 246.
10.55000, 220.
10.56000, 226.
10.57000, 224.
10.58000, 228.
10.59000, 224.
10.60000, 246.
10.61000, 226.
10.62000, 195.
10.63000, 222.
10.64000, 217.
10.65000, 208.
10.66000, 187.
10.67000, 194.
10.68000, 203.
10.69000, 181.
10.70000, 171.
10.71000, 168.
10.72000, 182.
10.73000, 199.
10.74000, 178.
10.75000, 171.
10.76000, 174.
10.77000, 187.
10.78000, 175.
10.79000, 185.
10.80000, 171.
10.81000, 169.
10.82000, 165.
10.83000, 192.
10.84000, 171.
10.85000, 193.
10.86000, 181.
10.87000, 173.
10.88000, 165.
10.89000, 182.
10.90000, 159.
10.91000, 171.
10.92000, 180.
10.93000, 182.
10.94000, 191.
10.95000, 187.
10.96000, 166.
10.97000, 173.
10.98000, 176.
10.99000, 171.
11.00000, 179.
11.01000, 171.
11.02000, 179.
11.03000, 178.
11.04000, 182.
11.05000, 184.
11.06000, 165.
11.07000, 188.
11.08000, 164.
11.09000, 179.
11.10000, 184.
11.11000, 188.
11.12000, 195.
11.13000, 186.
11.14000, 184.
11.15000, 171.
11.16000, 188.
11.17000, 162.
11.18000, 180.
11.19000, 174.
11.20000, 187.
11.21000, 172.
11.22000, 174.
11.23000, 184.
11.24000, 184.
11.25000, 178.
11.26000, 201.
11.27000, 183.
11.28000, 185.
11.29000, 192.
11.30000, 186.
11.31000, 218.
11.32000, 182.
11.33000, 192.
11.34000, 195.
11.35000, 206.
11.36000, 182.
11.37000, 176.
11.38000, 230.
11.39000, 188.
11.40000, 173.
11.41000, 173.
11.42000, 212.
11.43000, 246.
11.44000, 212.
11.45000, 211.
11.46000, 175.
11.47000, 196.
11.48000, 191.
11.49000, 219.
11.50000, 180.
11.51000, 189.
11.52000, 197.
11.53000, 180.
11.54000, 173.
11.55000, 194.
11.56000, 195.
11.57000, 206.
11.58000, 182.
11.59000, 196.
11.60000, 188.
11.61000, 204.
11.62000, 201.
11.63000, 183.
11.64000, 192.
11.65000, 193.
11.66000, 192.
11.67000, 195.
11.68000, 185.
11.69000, 194.
11.70000, 198.
11.71000, 181.
11.72000, 192.
11.73000, 201.
11.74000, 203.
11.75000, 219.
11.76000, 188.
11.77000, 203.
11.78000, 177.
11.79000, 168.
11.80000, 185.
11.81000, 182.
11.82000, 203.
11.83000, 185.
11.84000, 194.
11.85000, 192.
11.86000, 197.
11.87000, 178.
11.88000, 185.
11.89000, 204.
11.90000, 184.
11.91000, 185.
11.92000, 208.
11.93000, 212.
11.94000, 198.
11.95000, 207.
11.96000, 190.
11.97000, 170.
11.98000, 183.
11.99000, 200.
12.00000, 161.
12.01000, 206.
12.02000, 172.
12.03000, 183.
12.04000, 187.
12.05000, 217.
12.06000, 204.
12.07000, 213.
12.08000, 187.
12.09000, 218.
12.10000, 192.
12.11000, 207.
12.12000, 190.
12.13000, 183.
12.14000, 207.
12.15000, 219.
12.16000, 191.
12.17000, 212.
12.18000, 204.
12.19000, 212.
12.20000, 196.
12.21000, 196.
12.22000, 205.
12.23000, 192.
12.24000, 190.
12.25000, 211.
12.26000, 209.
12.27000, 207.
12.28000, 222.
12.29000, 191.
12.30000, 196.
12.31000, 206.
12.32000, 195.
12.33000, 217.
12.34000, 211.
12.35000, 217.
12.36000, 215.
12.37000, 198.
12.38000, 207.
12.39000, 215.
12.40000, 216.
12.41000, 219.
12.42000, 230.
12.43000, 220.
12.44000, 196.
12.45000, 208.
12.46000, 210.
12.47000, 204.
12.48000, 207.
12.49000, 216.
12.50000, 220.
12.51000, 225.
12.52000, 250.
12.53000, 255.
12.54000, 250.
12.55000, 258.
12.56000, 248.
12.57000, 300.
12.58000, 253.
12.59000, 249.
12.60000, 277.
12.61000, 270.
12.62000, 265.
12.63000, 261.
12.64000, 265.
12.65000, 229.
12.66000, 227.
12.67000, 253.
12.68000, 249.
12.69000, 256.
12.70000, 216.
12.71000, 216.
12.72000, 242.
12.73000, 223.
12.74000, 216.
12.75000, 191.
12.76000, 206.
12.77000, 200.
12.78000, 204.
12.79000, 194.
12.80000, 195.
12.81000, 183.
12.82000, 200.
12.83000, 215.
12.84000, 226.
12.85000, 191.
12.86000, 219.
12.87000, 175.
12.88000, 214.
12.89000, 214.
12.90000, 220.
12.91000, 181.
12.92000, 198.
12.93000, 207.
12.94000, 205.
12.95000, 193.
12.96000, 197.
12.97000, 211.
12.98000, 197.
12.99000, 196.
13.00000, 176.
13.01000, 227.
13.02000, 193.
13.03000, 185.
13.04000, 218.
13.05000, 175.
13.06000, 225.
13.07000, 210.
13.08000, 182.
13.09000, 162.
13.10000, 228.
13.11000, 202.
13.12000, 211.
13.13000, 200.
13.14000, 222.
13.15000, 198.
13.16000, 206.
13.17000, 175.
13.18000, 173.
13.19000, 196.
13.20000, 194.
13.21000, 210.
13.22000, 205.
13.23000, 205.
13.24000, 189.
13.25000, 193.
13.26000, 194.
13.27000, 204.
13.28000, 192.
13.29000, 214.
13.30000, 211.
13.31000, 192.
13.32000, 208.
13.33000, 204.
13.34000, 216.
13.35000, 210.
13.36000, 221.
13.37000, 197.
13.38000, 194.
13.39000, 186.
13.40000, 208.
13.41000, 201.
13.42000, 203.
13.43000, 189.
13.44000, 192.
13.45000, 199.
13.46000, 215.
13.47000, 189.
13.48000, 217.
13.49000, 165.
13.50000, 215.
13.51000, 198.
13.52000, 173.
13.53000, 232.
13.54000, 216.
13.55000, 195.
13.56000, 231.
13.57000, 207.
13.58000, 190.
13.59000, 192.
13.60000, 209.
13.61000, 201.
13.62000, 198.
13.63000, 232.
13.64000, 201.
13.65000, 203.
13.66000, 182.
13.67000, 194.
13.68000, 186.
13.69000, 216.
13.70000, 213.
13.71000, 198.
13.72000, 186.
13.73000, 198.
13.74000, 173.
13.75000, 218.
13.76000, 194.
13.77000, 200.
13.78000, 226.
13.79000, 219.
13.80000, 229.
13.81000, 227.
13.82000, 191.
13.83000, 202.
13.84000, 237.
13.85000, 235.
13.86000, 239.
13.87000, 257.
13.88000, 325.
13.89000, 292.
13.90000, 309.
13.91000, 359.
13.92000, 386.
13.93000, 440.
13.94000, 515.
13.95000, 579.
13.96000, 663.
13.97000, 762.
13.98000, 836.
13.99000, 1018.
14.00000, 1173.
14.01000, 1295.
14.02000, 1436.
14.03000, 1634.
14.04000, 1668.
14.05000, 1943.
14.06000, 2096.
14.07000, 2216.
14.08000, 2321.
14.09000, 2424.
14.10000, 2557.
14.11000, 2596.
14.12000, 2556.
14.13000, 2638.
14.14000, 2602.
14.15000, 2510.
14.16000, 2445.
14.17000, 2364.
14.18000, 2278.
14.19000, 2027.
14.20000, 1984.
14.21000, 1731.
14.22000, 1592.
14.23000, 1531.
14.24000, 1293.
14.25000, 1178.
14.26000, 969.
14.27000, 853.
14.28000, 733.
14.29000, 668.
14.30000, 557.
14.31000, 491.
14.32000, 459.
14.33000, 402.
14.34000, 337.
14.35000, 310.
14.36000, 282.
14.37000, 228.
14.38000, 265.
14.39000, 228.
14.40000, 199.
14.41000, 213.
14.42000, 202.
14.43000, 202.
14.44000, 182.
14.45000, 168.
14.46000, 197.
14.47000, 168.
14.48000, 191.
14.49000, 194.
14.50000, 180.
14.51000, 194.
14.52000, 209.
14.53000, 188.
14.54000, 218.
14.55000, 208.
14.56000, 206.
14.57000, 214.
14.58000, 213.
14.59000, 204.
14.60000, 194.
14.61000, 188.
14.62000, 215.
14.63000, 178.
14.64000, 187.
14.65000, 179.
14.66000, 219.
14.67000, 204.
14.68000, 207.
14.69000, 200.
14.70000, 179.
14.71000, 206.
14.72000, 239.
14.73000, 204.
14.74000, 204.
14.75000, 221.
14.76000, 179.
14.77000, 202.
14.78000, 210.
14.79000, 214.
14.80000, 220.
14.81000, 192.
14.82000, 226.
14.83000, 224.
14.84000, 213.
14.85000, 189.
14.86000, 238.
14.87000, 211.
14.88000, 193.
14.89000, 226.
14.90000, 206.
14.91000, 209.
14.92000, 231.
14.93000, 224.
14.94000, 237.
14.95000, 198.
14.96000, 218.
14.97000, 187.
14.98000, 203.
14.99000, 198.
15.00000, 185.
15.01000, 210.
15.02000, 193.
15.03000, 212.
15.04000, 213.
15.05000, 203.
15.06000, 183.
15.07000, 183.
15.08000, 218.
15.09000, 193.
15.10000, 214.
15.11000, 181.
15.12000, 196.
15.13000, 180.
15.14000, 198.
15.15000, 207.
15.16000, 198.
15.17000, 185.
15.18000, 187.
15.19000, 205.
15.20000, 191.
15.21000, 186.
15.22000, 209.
15.23000, 199.
15.24000, 165.
15.25000, 210.
15.26000, 183.
15.27000, 215.
15.28000, 187.
15.29000, 173.
15.30000, 191.
15.31000, 200.
15.32000, 194.
15.33000, 179.
15.34000, 192.
15.35000, 209.
15.36000, 173.
15.37000, 183.
15.38000, 169.
15.39000, 205.
15.40000, 201.
15.41000, 187.
15.42000, 207.
15.43000, 199.
15.44000, 188.
15.45000, 202.
15.46000, 188.
15.47000, 191.
15.48000, 210.
15.49000, 187.
15.50000, 207.
15.51000, 203.
15.52000, 196.
15.53000, 202.
15.54000, 194.
15.55000, 201.
15.56000, 188.
15.57000, 173.
15.58000, 201.
15.59000, 218.
15.60000, 220.
15.61000, 224.
15.62000, 252.
15.63000, 258.
15.64000, 260.
15.65000, 286.
15.66000, 321.
15.67000, 318.
15.68000, 337.
15.69000, 386.
15.70000, 381.
15.71000, 398.
15.72000, 482.
15.73000, 498.
15.74000, 485.
15.75000, 490.
15.76000, 486.
15.77000, 526.
15.78000, 573.
15.79000, 615.
15.80000, 588.
15.81000, 595.
15.82000, 614.
15.83000, 593.
15.84000, 517.
15.85000, 543.
15.86000, 518.
15.87000, 547.
15.88000, 524.
15.89000, 482.
15.90000, 475.
15.91000, 423.
15.92000, 410.
15.93000, 393.
15.94000, 350.
15.95000, 327.
15.96000, 279.
15.97000, 319.
15.98000, 267.
15.99000, 271.
16.00000, 283.
16.01000, 272.
16.02000, 275.
16.03000, 247.
16.04000, 254.
16.05000, 246.
16.06000, 241.
16.07000, 242.
16.08000, 238.
16.09000, 230.
16.10000, 225.
16.11000, 249.
16.12000, 242.
16.13000, 244.
16.14000, 196.
16.15000, 207.
16.16000, 204.
16.17000, 225.
16.18000, 208.
16.19000, 227.
16.20000, 195.
16.21000, 197.
16.22000, 184.
16.23000, 189.
16.24000, 177.
16.25000, 172.
16.26000, 200.
16.27000, 167.
16.28000, 178.
16.29000, 194.
16.30000, 163.
16.31000, 149.
16.32000, 176.
16.33000, 180.
16.34000, 192.
16.35000, 181.
16.36000, 184.
16.37000, 181.
16.38000, 189.
16.39000, 161.
16.40000, 171.
16.41000, 197.
16.42000, 177.
16.43000, 178.
16.44000, 181.
16.45000, 192.
16.46000, 177.
16.47000, 172.
16.48000, 182.
16.49000, 183.
16.50000, 178.
16.51000, 173.
16.52000, 161.
16.53000, 167.
16.54000, 160.
16.55000, 170.
16.56000, 193.
16.57000, 172.
16.58000, 171.
16.59000, 174.
16.60000, 196.
16.61000, 182.
16.62000, 165.
16.63000, 181.
16.64000, 180.
16.65000, 165.
16.66000, 174.
16.67000, 179.
16.68000, 159.
16.69000, 170.
16.70000, 195.
16.71000, 182.
16.72000, 173.
16.73000, 171.
16.74000, 177.
16.75000, 176.
16.76000, 191.
16.77000, 193.
16.78000, 166.
16.79000, 199.
16.80000, 189.
16.81000, 176.
16.82000, 199.
16.83000, 150.
16.84000, 179.
16.85000, 185.
16.86000, 191.
16.87000, 161.
16.88000, 175.
16.89000, 178.
16.90000, 194.
16.91000, 161.
16.92000, 184.
16.93000, 175.
16.94000, 182.
16.95000, 147.
16.96000, 164.
16.97000, 187.
16.98000, 184.
16.99000, 204.
17.00000, 179.
17.01000, 190.
17.02000, 189.
17.03000, 177.
17.04000, 195.
17.05000, 168.
17.06000, 187.
17.07000, 196.
17.08000, 198.
17.09000, 208.
17.10000, 184.
17.11000, 155.
17.12000, 203.
17.13000, 180.
17.14000, 158.
17.15000, 173.
17.16000, 166.
17.17000, 191.
17.18000, 211.
17.19000, 211.
17.20000, 191.
17.21000, 185.
17.22000, 170.
17.23000, 197.
17.24000, 164.
17.25000, 185.
17.26000, 207.
17.27000, 181.
17.28000, 193.
17.29000, 202.
17.30000, 171.
17.31000, 176.
17.32000, 182.
17.33000, 161.
17.34000, 182.
17.35000, 202.
17.36000, 175.
17.37000, 195.
17.38000, 174.
17.39000, 187.
17.40000, 198.
17.41000, 219.
17.42000, 200.
17.43000, 178.
17.44000, 202.
17.45000, 192.
17.46000, 204.
17.47000, 188.
17.48000, 226.
17.49000, 199.
17.50000, 210.
17.51000, 216.
17.52000, 203.
17.53000, 199.
17.54000, 203.
17.55000, 184.
17.56000, 213.
17.57000, 218.
17.58000, 227.
17.59000, 192.
17.60000, 216.
17.61000, 207.
17.62000, 236.
17.63000, 211.
17.64000, 195.
17.65000, 189.
17.66000, 211.
17.67000, 218.
17.68000, 230.
17.69000, 230.
17.70000, 201.
17.71000, 212.
17.72000, 245.
17.73000, 208.
17.74000, 232.
17.75000, 219.
17.76000, 231.
17.77000, 217.
17.78000, 228.
17.79000, 240.
17.80000, 242.
17.81000, 222.
17.82000, 233.
17.83000, 207.
17.84000, 228.
17.85000, 260.
17.86000, 253.
17.87000, 232.
17.88000, 260.
17.89000, 256.
17.90000, 259.
17.91000, 228.
17.92000, 272.
17.93000, 214.
17.94000, 236.
17.95000, 257.
17.96000, 268.
17.97000, 242.
17.98000, 231.
17.99000, 256.
18.00000, 247.
18.01000, 273.
18.02000, 248.
18.03000, 279.
18.04000, 247.
18.05000, 240.
18.06000, 214.
18.07000, 260.
18.08000, 266.
18.09000, 292.
18.10000, 255.
18.11000, 284.
18.12000, 251.
18.13000, 263.
18.14000, 255.
18.15000, 273.
18.16000, 258.
18.17000, 295.
18.18000, 279.
18.19000, 284.
18.20000, 307.
18.21000, 286.
18.22000, 280.
18.23000, 305.
18.24000, 318.
18.25000, 298.
18.26000, 311.
18.27000, 336.
18.28000, 325.
18.29000, 329.
18.30000, 326.
18.31000, 342.
18.32000, 362.
18.33000, 389.
18.34000, 372.
18.35000, 332.
18.36000, 354.
18.37000, 399.
18.38000, 425.
18.39000, 437.
18.40000, 397.
18.41000, 432.
18.42000, 416.
18.43000, 427.
18.44000, 461.
18.45000, 487.
18.46000, 487.
18.47000, 542.
18.48000, 543.
18.49000, 547.
18.50000, 535.
18.51000, 573.
18.52000, 609.
18.53000, 659.
18.54000, 597.
18.55000, 672.
18.56000, 657.
18.57000, 702.
18.58000, 726.
18.59000, 700.
18.60000, 691.
18.61000, 729.
18.62000, 806.
18.63000, 784.
18.64000, 756.
18.65000, 816.
18.66000, 816.
18.67000, 865.
18.68000, 861.
18.69000, 862.
18.70000, 853.
18.71000, 870.
18.72000, 894.
18.73000, 956.
18.74000, 907.
18.75000, 939.
18.76000, 997.
18.77000, 952.
18.78000, 949.
18.79000, 987.
18.80000, 907.
18.81000, 939.
18.82000, 957.
18.83000, 1002.
18.84000, 995.
18.85000, 955.
18.86000, 1020.
18.87000, 964.
18.88000, 934.
18.89000, 1006.
18.90000, 931.
18.91000, 935.
18.92000, 918.
18.93000, 942.
18.94000, 944.
18.95000, 921.
18.96000, 904.
18.97000, 879.
18.98000, 881.
18.99000, 857.
19.00000, 842.
19.01000, 864.
19.02000, 855.
19.03000, 783.
19.04000, 797.
19.05000, 759.
19.06000, 746.
19.07000, 779.
19.08000, 681.
19.09000, 721.
19.10000, 706.
19.11000, 686.
19.12000, 657.
19.13000, 636.
19.14000, 621.
19.15000, 592.
19.16000, 614.
19.17000, 596.
19.18000, 573.
19.19000, 501.
19.20000, 535.
19.21000, 491.
19.22000, 453.
19.23000, 512.
19.24000, 515.
19.25000, 472.
19.26000, 411.
19.27000, 452.
19.28000, 418.
19.29000, 397.
19.30000, 427.
19.31000, 399.
19.32000, 395.
19.33000, 356.
19.34000, 360.
19.35000, 323.
19.36000, 372.
19.37000, 345.
19.38000, 309.
19.39000, 333.
19.40000, 335.
19.41000, 337.
19.42000, 294.
19.43000, 321.
19.44000, 313.
19.45000, 259.
19.46000, 296.
19.47000, 311.
19.48000, 281.
19.49000, 335.
19.50000, 280.
19.51000, 262.
19.52000, 260.
19.53000, 261.
19.54000, 265.
19.55000, 242.
19.56000, 248.
19.57000, 269.
19.58000, 247.
19.59000, 197.
19.60000, 255.
19.61000, 227.
19.62000, 211.
19.63000, 208.
19.64000, 220.
19.65000, 213.
19.66000, 212.
19.67000, 210.
19.68000, 208.
19.69000, 200.
19.70000, 220.
19.71000, 191.
19.72000, 194.
19.73000, 213.
19.74000, 206.
19.75000, 208.
19.76000, 193.
19.77000, 235.
19.78000, 189.
19.79000, 212.
19.80000, 213.
19.81000, 213.
19.82000, 192.
19.83000, 222.
19.84000, 224.
19.85000, 239.
19.86000, 250.
19.87000, 231.
19.88000, 267.
19.89000, 300.
19.90000, 329.
19.91000, 323.
19.92000, 340.
19.93000, 354.
19.94000, 382.
19.95000, 374.
19.96000, 475.
19.97000, 502.
19.98000, 491.
19.99000, 499.
20.00000, 582.
20.01000, 593.
20.02000, 665.
20.03000, 672.
20.04000, 713.
20.05000, 757.
20.06000, 721.
20.07000, 763.
20.08000, 804.
20.09000, 861.
20.10000, 827.
20.11000, 861.
20.12000, 922.
20.13000, 957.
20.14000, 843.
20.15000, 940.
20.16000, 923.
20.17000, 916.
20.18000, 947.
20.19000, 853.
20.20000, 837.
20.21000, 835.
20.22000, 796.
20.23000, 722.
20.24000, 711.
20.25000, 674.
20.26000, 664.
20.27000, 600.
20.28000, 609.
20.29000, 529.
20.30000, 465.
20.31000, 448.
20.32000, 383.
20.33000, 337.
20.34000, 349.
20.35000, 330.
20.36000, 319.
20.37000, 270.
20.38000, 265.
20.39000, 222.
20.40000, 215.
20.41000, 184.
20.42000, 185.
20.43000, 198.
20.44000, 187.
20.45000, 194.
20.46000, 177.
20.47000, 174.
20.48000, 164.
20.49000, 176.
20.50000, 192.
20.51000, 174.
20.52000, 185.
20.53000, 157.
20.54000, 193.
20.55000, 170.
20.56000, 176.
20.57000, 171.
20.58000, 179.
20.59000, 207.
20.60000, 195.
20.61000, 192.
20.62000, 192.
20.63000, 177.
20.64000, 215.
20.65000, 198.
20.66000, 219.
20.67000, 181.
20.68000, 207.
20.69000, 205.
20.70000, 207.
20.71000, 203.
20.72000, 184.
20.73000, 218.
20.74000, 217.
20.75000, 234.
20.76000, 217.
20.77000, 227.
20.78000, 234.
20.79000, 213.
20.80000, 221.
20.81000, 220.
20.82000, 243.
20.83000, 244.
20.84000, 243.
20.85000, 252.
20.86000, 255.
20.87000, 235.
20.88000, 250.
20.89000, 245.
20.90000, 234.
20.91000, 290.
20.92000, 237.
20.93000, 273.
20.94000, 264.
20.95000, 293.
20.96000, 286.
20.97000, 255.
20.98000, 252.
20.99000, 237.
21.00000, 274.
21.01000, 283.
21.02000, 277.
21.03000, 280.
21.04000, 275.
21.05000, 278.
21.06000, 258.
21.07000, 242.
21.08000, 259.
21.09000, 271.
21.10000, 283.
21.11000, 257.
21.12000, 232.
21.13000, 295.
21.14000, 278.
21.15000, 232.
21.16000, 261.
21.17000, 254.
21.18000, 275.
21.19000, 257.
21.20000, 252.
21.21000, 260.
21.22000, 232.
21.23000, 235.
21.24000, 250.
21.25000, 245.
21.26000, 254.
21.27000, 245.
21.28000, 247.
21.29000, 257.
21.30000, 254.
21.31000, 229.
21.32000, 217.
21.33000, 215.
21.34000, 220.
21.35000, 228.
21.36000, 221.
21.37000, 258.
21.38000, 209.
21.39000, 195.
21.40000, 217.
21.41000, 202.
21.42000, 187.
21.43000, 216.
21.44000, 194.
21.45000, 173.
21.46000, 173.
21.47000, 215.
21.48000, 170.
21.49000, 181.
21.50000, 167.
21.51000, 184.
21.52000, 168.
21.53000, 177.
21.54000, 171.
21.55000, 186.
21.56000, 179.
21.57000, 166.
21.58000, 187.
21.59000, 174.
21.60000, 161.
21.61000, 139.
21.62000, 167.
21.63000, 167.
21.64000, 165.
21.65000, 154.
21.66000, 161.
21.67000, 147.
21.68000, 145.
21.69000, 140.
21.70000, 140.
21.71000, 143.
21.72000, 157.
21.73000, 140.
21.74000, 131.
21.75000, 126.
21.76000, 134.
21.77000, 154.
21.78000, 131.
21.79000, 170.
21.80000, 145.
21.81000, 136.
21.82000, 147.
21.83000, 124.
21.84000, 135.
21.85000, 123.
21.86000, 119.
21.87000, 113.
21.88000, 123.
21.89000, 129.
21.90000, 120.
21.91000, 122.
21.92000, 114.
21.93000, 128.
21.94000, 112.
21.95000, 123.
21.96000, 116.
21.97000, 128.
21.98000, 117.
21.99000, 128.
22.00000, 96.
22.01000, 117.
22.02000, 109.
22.03000, 114.
22.04000, 96.
22.05000, 104.
22.06000, 97.
22.07000, 124.
22.08000, 121.
22.09000, 111.
22.10000, 118.
22.11000, 112.
22.12000, 127.
22.13000, 120.
22.14000, 117.
22.15000, 89.
22.16000, 125.
22.17000, 103.
22.18000, 120.
22.19000, 120.
22.20000, 100.
22.21000, 99.
22.22000, 107.
22.23000, 93.
22.24000, 102.
22.25000, 124.
22.26000, 85.
22.27000, 110.
22.28000, 123.
22.29000, 95.
22.30000, 114.
22.31000, 111.
22.32000, 99.
22.33000, 100.
22.34000, 101.
22.35000, 120.
22.36000, 106.
22.37000, 103.
22.38000, 115.
22.39000, 129.
22.40000, 129.
22.41000, 107.
22.42000, 119.
22.43000, 109.
22.44000, 99.
22.45000, 126.
22.46000, 108.
22.47000, 136.
22.48000, 111.
22.49000, 128.
22.50000, 133.
22.51000, 135.
22.52000, 138.
22.53000, 145.
22.54000, 152.
22.55000, 176.
22.56000, 174.
22.57000, 172.
22.58000, 173.
22.59000, 182.
22.60000, 205.
22.61000, 196.
22.62000, 207.
22.63000, 205.
22.64000, 205.
22.65000, 215.
22.66000, 229.
22.67000, 189.
22.68000, 212.
22.69000, 224.
22.70000, 233.
22.71000, 184.
22.72000, 214.
22.73000, 168.
22.74000, 223.
22.75000, 190.
22.76000, 187.
22.77000, 183.
22.78000, 175.
22.79000, 168.
22.80000, 137.
22.81000, 157.
22.82000, 129.
22.83000, 123.
22.84000, 120.
22.85000, 124.
22.86000, 129.
22.87000, 130.
22.88000, 129.
22.89000, 130.
22.90000, 111.
22.91000, 115.
22.92000, 106.
22.93000, 105.
22.94000, 94.
22.95000, 91.
22.96000, 123.
22.97000, 102.
22.98000, 107.
22.99000, 101.
23.00000, 96.
23.01000, 94.
23.02000, 116.
23.03000, 104.
23.04000, 107.
23.05000, 95.
23.06000, 87.
23.07000, 101.
23.08000, 108.
23.09000, 97.
23.10000, 116.
23.11000, 92.
23.12000, 94.
23.13000, 104.
23.14000, 100.
23.15000, 111.
23.16000, 104.
23.17000, 104.
23.18000, 114.
23.19000, 111.
23.20000, 101.
23.21000, 93.
23.22000, 93.
23.23000, 105.
23.24000, 91.
23.25000, 104.
23.26000, 86.
23.27000, 99.
23.28000, 86.
23.29000, 80.
23.30000, 90.
23.31000, 84.
23.32000, 102.
23.33000, 101.
23.34000, 75.
23.35000, 98.
23.36000, 88.
23.37000, 87.
23.38000, 72.
23.39000, 80.
23.40000, 90.
23.41000, 81.
23.42000, 79.
23.43000, 79.
23.44000, 84.
23.45000, 74.
23.46000, 75.
23.47000, 101.
23.48000, 85.
23.49000, 100.
23.50000, 63.
23.51000, 94.
23.52000, 93.
23.53000, 79.
23.54000, 77.
23.55000, 77.
23.56000, 89.
23.57000, 93.
23.58000, 68.
23.59000, 72.
23.60000, 66.
23.61000, 66.
23.62000, 82.
23.63000, 83.
23.64000, 83.
23.65000, 83.
23.66000, 79.
23.67000, 89.
23.68000, 93.
23.69000, 75.
23.70000, 65.
23.71000, 85.
23.72000, 81.
23.73000, 79.
23.74000, 83.
23.75000, 78.
23.76000, 83.
23.77000, 83.
23.78000, 84.
23.79000, 89.
23.80000, 81.
23.81000, 82.
23.82000, 97.
23.83000, 73.
23.84000, 100.
23.85000, 75.
23.86000, 92.
23.87000, 81.
23.88000, 84.
23.89000, 81.
23.90000, 80.
23.91000, 84.
23.92000, 75.
23.93000, 74.
23.94000, 79.
23.95000, 86.
23.96000, 71.
23.97000, 88.
23.98000, 83.
23.99000, 89.
24.00000, 77.
24.01000, 92.
24.02000, 77.
24.03000, 69.
24.04000, 87.
24.05000, 86.
24.06000, 73.
24.07000, 95.
24.08000, 88.
24.09000, 76.
24.10000, 85.
24.11000, 78.
24.12000, 89.
24.13000, 80.
24.14000, 84.
24.15000, 84.
24.16000, 75.
24.17000, 68.
24.18000, 80.
24.19000, 111.
24.20000, 90.
24.21000, 81.
24.22000, 67.
24.23000, 89.
24.24000, 77.
24.25000, 76.
24.26000, 70.
24.27000, 71.
24.28000, 72.
24.29000, 81.
24.30000, 84.
24.31000, 67.
24.32000, 69.
24.33000, 72.
24.34000, 79.
24.35000, 86.
24.36000, 94.
24.37000, 67.
24.38000, 85.
24.39000, 96.
24.40000, 71.
24.41000, 77.
24.42000, 81.
24.43000, 74.
24.44000, 86.
24.45000, 84.
24.46000, 74.
24.47000, 84.
24.48000, 66.
24.49000, 90.
24.50000, 70.
24.51000, 81.
24.52000, 74.
24.53000, 83.
24.54000, 93.
24.55000, 77.
24.56000, 62.
24.57000, 80.
24.58000, 87.
24.59000, 68.
24.60000, 60.
24.61000, 73.
24.62000, 60.
24.63000, 80.
24.64000, 86.
24.65000, 57.
24.66000, 72.
24.67000, 67.
24.68000, 83.
24.69000, 68.
24.70000, 79.
24.71000, 88.
24.72000, 60.
24.73000, 68.
24.74000, 79.
24.75000, 70.
24.76000, 95.
24.77000, 81.
24.78000, 91.
24.79000, 64.
24.80000, 79.
24.81000, 73.
24.82000, 75.
24.83000, 61.
24.84000, 78.
24.85000, 73.
24.86000, 84.
24.87000, 77.
24.88000, 85.
24.89000, 63.
24.90000, 77.
24.91000, 67.
24.92000, 75.
24.93000, 80.
24.94000, 88.
24.95000, 86.
24.96000, 81.
24.97000, 78.
24.98000, 72.
24.99000, 74.
25.00000, 93.
25.01000, 90.
25.02000, 85.
25.03000, 78.
25.04000, 76.
25.05000, 60.
25.06000, 82.
25.07000, 86.
25.08000, 75.
25.09000, 79.
25.10000, 79.
25.11000, 62.
25.12000, 81.
25.13000, 81.
25.14000, 91.
25.15000, 79.
25.16000, 78.
25.17000, 90.
25.18000, 85.
25.19000, 65.
25.20000, 85.
25.21000, 82.
25.22000, 79.
25.23000, 97.
25.24000, 86.
25.25000, 75.
25.26000, 69.
25.27000, 75.
25.28000, 97.
25.29000, 78.
25.30000, 68.
25.31000, 85.
25.32000, 65.
25.33000, 64.
25.34000, 82.
25.35000, 76.
25.36000, 62.
25.37000, 75.
25.38000, 73.
25.39000, 68.
25.40000, 88.
25.41000, 70.
25.42000, 64.
25.43000, 78.
25.44000, 80.
25.45000, 78.
25.46000, 74.
25.47000, 66.
25.48000, 80.
25.49000, 77.
25.50000, 84.
25.51000, 82.
25.52000, 76.
25.53000, 79.
25.54000, 63.
25.55000, 75.
25.56000, 54.
25.57000, 67.
25.58000, 68.
25.59000, 73.
25.60000, 69.
25.61000, 86.
25.62000, 76.
25.63000, 67.
25.64000, 43.
25.65000, 58.
25.66000, 74.
25.67000, 46.
25.68000, 73.
25.69000, 64.
25.70000, 58.
25.71000, 80.
25.72000, 73.
25.73000, 56.
25.74000, 65.
25.75000, 91.
25.76000, 65.
25.77000, 39.
25.78000, 58.
25.79000, 74.
25.80000, 75.
25.81000, 50.
25.82000, 70.
25.83000, 46.
25.84000, 57.
25.85000, 53.
25.86000, 73.
25.87000, 52.
25.88000, 57.
25.89000, 63.
25.90000, 62.
25.91000, 67.
25.92000, 75.
25.93000, 62.
25.94000, 82.
25.95000, 63.
25.96000, 75.
25.97000, 60.
25.98000, 83.
25.99000, 65.
26.00000, 54.
26.01000, 69.
26.02000, 66.
26.03000, 74.
26.04000, 56.
26.05000, 68.
26.06000, 76.
26.07000, 65.
26.08000, 72.
26.09000, 54.
26.10000, 58.
26.11000, 71.
26.12000, 71.
26.13000, 55.
26.14000, 64.
26.15000, 73.
26.16000, 60.
26.17000, 51.
26.18000, 62.
26.19000, 67.
26.20000, 66.
26.21000, 54.
26.22000, 65.
26.23000, 70.
26.24000, 51.
26.25000, 73.
26.26000, 66.
26.27000, 70.
26.28000, 73.
26.29000, 77.
26.30000, 70.
26.31000, 64.
26.32000, 61.
26.33000, 54.
26.34000, 64.
26.35000, 67.
26.36000, 75.
26.37000, 77.
26.38000, 61.
26.39000, 57.
26.40000, 63.
26.41000, 56.
26.42000, 43.
26.43000, 71.
26.44000, 68.
26.45000, 54.
26.46000, 50.
26.47000, 75.
26.48000, 67.
26.49000, 62.
26.50000, 75.
26.51000, 56.
26.52000, 55.
26.53000, 66.
26.54000, 83.
26.55000, 79.
26.56000, 61.
26.57000, 70.
26.58000, 62.
26.59000, 62.
26.60000, 74.
26.61000, 58.
26.62000, 64.
26.63000, 62.
26.64000, 51.
26.65000, 73.
26.66000, 57.
26.67000, 61.
26.68000, 71.
26.69000, 61.
26.70000, 72.
26.71000, 72.
26.72000, 69.
26.73000, 75.
26.74000, 62.
26.75000, 57.
26.76000, 61.
26.77000, 46.
26.78000, 73.
26.79000, 62.
26.80000, 53.
26.81000, 50.
26.82000, 57.
26.83000, 56.
26.84000, 71.
26.85000, 54.
26.86000, 59.
26.87000, 56.
26.88000, 64.
26.89000, 50.
26.90000, 55.
26.91000, 60.
26.92000, 66.
26.93000, 66.
26.94000, 47.
26.95000, 54.
26.96000, 67.
26.97000, 52.
26.98000, 85.
26.99000, 68.
27.00000, 54.
27.01000, 62.
27.02000, 54.
27.03000, 53.
27.04000, 42.
27.05000, 58.
27.06000, 45.
27.07000, 81.
27.08000, 60.
27.09000, 61.
27.10000, 64.
27.11000, 59.
27.12000, 59.
27.13000, 63.
27.14000, 69.
27.15000, 52.
27.16000, 66.
27.17000, 68.
27.18000, 64.
27.19000, 63.
27.20000, 69.
27.21000, 59.
27.22000, 51.
27.23000, 57.
27.24000, 69.
27.25000, 67.
27.26000, 62.
27.27000, 71.
27.28000, 60.
27.29000, 53.
27.30000, 54.
27.31000, 68.
27.32000, 51.
27.33000, 64.
27.34000, 50.
27.35000, 60.
27.36000, 51.
27.37000, 59.
27.38000, 63.
27.39000, 62.
27.40000, 67.
27.41000, 55.
27.42000, 57.
27.43000, 52.
27.44000, 70.
27.45000, 59.
27.46000, 54.
27.47000, 62.
27.48000, 53.
27.49000, 74.
27.50000, 34.
27.51000, 43.
27.52000, 58.
27.53000, 60.
27.54000, 56.
27.55000, 63.
27.56000, 62.
27.57000, 53.
27.58000, 64.
27.59000, 41.
27.60000, 54.
27.61000, 46.
27.62000, 66.
27.63000, 56.
27.64000, 64.
27.65000, 53.
27.66000, 66.
27.67000, 40.
27.68000, 64.
27.69000, 67.
27.70000, 45.
27.71000, 53.
27.72000, 76.
27.73000, 41.
27.74000, 47.
27.75000, 55.
27.76000, 53.
27.77000, 58.
27.78000, 64.
27.79000, 59.
27.80000, 49.
27.81000, 59.
27.82000, 62.
27.83000, 59.
27.84000, 82.
27.85000, 43.
27.86000, 54.
27.87000, 56.
27.88000, 59.
27.89000, 53.
27.90000, 47.
27.91000, 47.
27.92000, 50.
27.93000, 52.
27.94000, 53.
27.95000, 54.
27.96000, 59.
27.97000, 54.
27.98000, 52.
27.99000, 57.
28.00000, 47.
28.01000, 53.
28.02000, 54.
28.03000, 46.
28.04000, 47.
28.05000, 65.
28.06000, 53.
28.07000, 51.
28.08000, 58.
28.09000, 61.
28.10000, 41.
28.11000, 55.
28.12000, 56.
28.13000, 58.
28.14000, 47.
28.15000, 71.
28.16000, 55.
28.17000, 66.
28.18000, 44.
28.19000, 50.
28.20000, 55.
28.21000, 46.
28.22000, 67.
28.23000, 45.
28.24000, 69.
28.25000, 61.
28.26000, 60.
28.27000, 56.
28.28000, 62.
28.29000, 65.
28.30000, 57.
28.31000, 60.
28.32000, 37.
28.33000, 43.
28.34000, 60.
28.35000, 54.
28.36000, 54.
28.37000, 57.
28.38000, 54.
28.39000, 54.
28.40000, 72.
28.41000, 57.
28.42000, 45.
28.43000, 44.
28.44000, 50.
28.45000, 55.
28.46000, 70.
28.47000, 50.
28.48000, 62.
28.49000, 44.
28.50000, 59.
28.51000, 52.
28.52000, 50.
28.53000, 63.
28.54000, 51.
28.55000, 56.
28.56000, 50.
28.57000, 55.
28.58000, 58.
28.59000, 54.
28.60000, 39.
28.61000, 63.
28.62000, 55.
28.63000, 53.
28.64000, 51.
28.65000, 49.
28.66000, 50.
28.67000, 55.
28.68000, 45.
28.69000, 50.
28.70000, 54.
28.71000, 56.
28.72000, 61.
28.73000, 45.
28.74000, 53.
28.75000, 34.
28.76000, 58.
28.77000, 41.
28.78000, 54.
28.79000, 65.
28.80000, 57.
28.81000, 57.
28.82000, 42.
28.83000, 45.
28.84000, 53.
28.85000, 45.
28.86000, 35.
28.87000, 63.
28.88000, 52.
28.89000, 54.
28.90000, 39.
28.91000, 59.
28.92000, 68.
28.93000, 48.
28.94000, 52.
28.95000, 48.
28.96000, 56.
28.97000, 45.
28.98000, 59.
28.99000, 65.
29.00000, 37.
29.01000, 42.
29.02000, 35.
29.03000, 57.
29.04000, 48.
29.05000, 60.
29.06000, 41.
29.07000, 45.
29.08000, 40.
29.09000, 60.
29.10000, 57.
29.11000, 44.
29.12000, 36.
29.13000, 52.
29.14000, 48.
29.15000, 51.
29.16000, 58.
29.17000, 44.
29.18000, 56.
29.19000, 46.
29.20000, 45.
29.21000, 58.
29.22000, 67.
29.23000, 42.
29.24000, 50.
29.25000, 49.
29.26000, 52.
29.27000, 48.
29.28000, 55.
29.29000, 39.
29.30000, 47.
29.31000, 50.
29.32000, 59.
29.33000, 65.
29.34000, 44.
29.35000, 42.
29.36000, 43.
29.37000, 42.
29.38000, 45.
29.39000, 38.
29.40000, 50.
29.41000, 42.
29.42000, 54.
29.43000, 53.
29.44000, 53.
29.45000, 52.
29.46000, 56.
29.47000, 55.
29.48000, 41.
29.49000, 42.
29.50000, 57.
29.51000, 51.
29.52000, 42.
29.53000, 41.
29.54000, 53.
29.55000, 44.
29.56000, 52.
29.57000, 39.
29.58000, 44.
29.59000, 45.
29.60000, 63.
29.61000, 37.
29.62000, 46.
29.63000, 48.
29.64000, 36.
29.65000, 44.
29.66000, 42.
29.67000, 43.
29.68000, 55.
29.69000, 50.
29.70000, 46.
29.71000, 31.
29.72000, 46.
29.73000, 39.
29.74000, 46.
29.75000, 41.
29.76000, 38.
29.77000, 43.
29.78000, 49.
29.79000, 56.
29.80000, 41.
29.81000, 46.
29.82000, 46.
29.83000, 41.
29.84000, 49.
29.85000, 53.
29.86000, 40.
29.87000, 44.
29.88000, 28.
29.89000, 61.
29.90000, 39.
29.91000, 44.
29.92000, 42.
29.93000, 38.
29.94000, 59.
29.95000, 43.
29.96000, 54.
29.97000, 44.
29.98000, 34.
29.99000, 52.
30.00000, 53.
30.01000, 41.
30.02000, 46.
30.03000, 40.
30.04000, 54.
30.05000, 50.
30.06000, 45.
30.07000, 58.
30.08000, 44.
30.09000, 38.
30.10000, 49.
30.11000, 34.
30.12000, 49.
30.13000, 53.
30.14000, 34.
30.15000, 43.
30.16000, 52.
30.17000, 45.
30.18000, 33.
30.19000, 46.
30.20000, 44.
30.21000, 52.
30.22000, 55.
30.23000, 49.
30.24000, 51.
30.25000, 46.
30.26000, 32.
30.27000, 57.
30.28000, 49.
30.29000, 37.
30.30000, 45.
30.31000, 44.
30.32000, 41.
30.33000, 51.
30.34000, 54.
30.35000, 40.
30.36000, 27.
30.37000, 44.
30.38000, 38.
30.39000, 57.
30.40000, 50.
30.41000, 55.
30.42000, 49.
30.43000, 38.
30.44000, 52.
30.45000, 45.
30.46000, 27.
30.47000, 55.
30.48000, 32.
30.49000, 36.
30.50000, 34.
30.51000, 35.
30.52000, 44.
30.53000, 55.
30.54000, 42.
30.55000, 38.
30.56000, 38.
30.57000, 47.
30.58000, 43.
30.59000, 41.
30.60000, 45.
30.61000, 49.
30.62000, 42.
30.63000, 31.
30.64000, 27.
30.65000, 40.
30.66000, 47.
30.67000, 46.
30.68000, 42.
30.69000, 38.
30.70000, 40.
30.71000, 45.
30.72000, 41.
30.73000, 43.
30.74000, 41.
30.75000, 42.
30.76000, 45.
30.77000, 35.
30.78000, 42.
30.79000, 46.
30.80000, 46.
30.81000, 33.
30.82000, 46.
30.83000, 41.
30.84000, 41.
30.85000, 66.
30.86000, 35.
30.87000, 48.
30.88000, 41.
30.89000, 46.
30.90000, 32.
30.91000, 47.
30.92000, 31.
30.93000, 47.
30.94000, 34.
30.95000, 49.
30.96000, 37.
30.97000, 45.
30.98000, 42.
30.99000, 37.
31.00000, 39.
31.01000, 38.
31.02000, 36.
31.03000, 46.
31.04000, 43.
31.05000, 35.
31.06000, 51.
31.07000, 46.
31.08000, 31.
31.09000, 37.
31.10000, 38.
31.11000, 40.
31.12000, 41.
31.13000, 42.
31.14000, 34.
31.15000, 43.
31.16000, 37.
31.17000, 35.
31.18000, 28.
31.19000, 25.
31.20000, 45.
31.21000, 38.
31.22000, 34.
31.23000, 43.
31.24000, 37.
31.25000, 47.
31.26000, 41.
31.27000, 37.
31.28000, 44.
31.29000, 36.
31.30000, 40.
31.31000, 43.
31.32000, 30.
31.33000, 36.
31.34000, 39.
31.35000, 39.
31.36000, 40.
31.37000, 44.
31.38000, 44.
31.39000, 44.
31.40000, 39.
31.41000, 38.
31.42000, 37.
31.43000, 40.
31.44000, 42.
31.45000, 33.
31.46000, 52.
31.47000, 42.
31.48000, 35.
31.49000, 35.
31.50000, 42.
31.51000, 44.
31.52000, 48.
31.53000, 60.
31.54000, 63.
31.55000, 52.
31.56000, 57.
31.57000, 55.
31.58000, 64.
31.59000, 64.
31.60000, 81.
31.61000, 92.
31.62000, 82.
31.63000, 85.
31.64000, 79.
31.65000, 90.
31.66000, 86.
31.67000, 87.
31.68000, 125.
31.69000, 99.
31.70000, 114.
31.71000, 108.
31.72000, 99.
31.73000, 113.
31.74000, 110.
31.75000, 107.
31.76000, 119.
31.77000, 103.
31.78000, 124.
31.79000, 127.
31.80000, 104.
31.81000, 111.
31.82000, 118.
31.83000, 106.
31.84000, 99.
31.85000, 113.
31.86000, 97.
31.87000, 101.
31.88000, 100.
31.89000, 105.
31.90000, 98.
31.91000, 99.
31.92000, 104.
31.93000, 98.
31.94000, 93.
31.95000, 98.
31.96000, 107.
31.97000, 93.
31.98000, 106.
31.99000, 108.
32.00000, 140.
32.01000, 127.
32.02000, 142.
32.03000, 130.
32.04000, 144.
32.05000, 140.
32.06000, 138.
32.07000, 149.
32.08000, 172.
32.09000, 163.
32.10000, 178.
32.11000, 171.
32.12000, 167.
32.13000, 189.
32.14000, 179.
32.15000, 167.
32.16000, 174.
32.17000, 156.
32.18000, 150.
32.19000, 160.
32.20000, 152.
32.21000, 148.
32.22000, 140.
32.23000, 134.
32.24000, 125.
32.25000, 138.
32.26000, 137.
32.27000, 97.
32.28000, 111.
32.29000, 89.
32.30000, 80.
32.31000, 87.
32.32000, 65.
32.33000, 71.
32.34000, 69.
32.35000, 78.
32.36000, 63.
32.37000, 49.
32.38000, 49.
32.39000, 48.
32.40000, 47.
32.41000, 47.
32.42000, 54.
32.43000, 36.
32.44000, 53.
32.45000, 31.
32.46000, 30.
32.47000, 34.
32.48000, 40.
32.49000, 44.
32.50000, 33.
32.51000, 37.
32.52000, 40.
32.53000, 24.
32.54000, 29.
32.55000, 44.
32.56000, 39.
32.57000, 31.
32.58000, 36.
32.59000, 37.
32.60000, 27.
32.61000, 33.
32.62000, 36.
32.63000, 33.
32.64000, 29.
32.65000, 33.
32.66000, 24.
32.67000, 35.
32.68000, 37.
32.69000, 27.
32.70000, 38.
32.71000, 35.
32.72000, 38.
32.73000, 31.
32.74000, 34.
32.75000, 36.
32.76000, 21.
32.77000, 34.
32.78000, 37.
32.79000, 32.
32.80000, 31.
32.81000, 36.
32.82000, 32.
32.83000, 29.
32.84000, 37.
32.85000, 38.
32.86000, 37.
32.87000, 28.
32.88000, 35.
32.89000, 40.
32.90000, 32.
32.91000, 39.
32.92000, 41.
32.93000, 43.
32.94000, 35.
32.95000, 38.
32.96000, 42.
32.97000, 33.
32.98000, 41.
32.99000, 42.
33.00000, 46.
33.01000, 32.
33.02000, 39.
33.03000, 37.
33.04000, 38.
33.05000, 31.
33.06000, 33.
33.07000, 37.
33.08000, 34.
33.09000, 43.
33.10000, 32.
33.11000, 36.
33.12000, 47.
33.13000, 41.
33.14000, 42.
33.15000, 37.
33.16000, 40.
33.17000, 23.
33.18000, 36.
33.19000, 36.
33.20000, 36.
33.21000, 30.
33.22000, 42.
33.23000, 36.
33.24000, 35.
33.25000, 45.
33.26000, 36.
33.27000, 31.
33.28000, 38.
33.29000, 46.
33.30000, 47.
33.31000, 43.
33.32000, 48.
33.33000, 35.
33.34000, 55.
33.35000, 31.
33.36000, 47.
33.37000, 44.
33.38000, 36.
33.39000, 36.
33.40000, 36.
33.41000, 41.
33.42000, 36.
33.43000, 43.
33.44000, 40.
33.45000, 34.
33.46000, 40.
33.47000, 40.
33.48000, 38.
33.49000, 34.
33.50000, 28.
33.51000, 22.
33.52000, 41.
33.53000, 40.
33.54000, 32.
33.55000, 31.
33.56000, 40.
33.57000, 37.
33.58000, 33.
33.59000, 31.
33.60000, 24.
33.61000, 26.
33.62000, 28.
33.63000, 31.
33.64000, 31.
33.65000, 28.
33.66000, 21.
33.67000, 32.
33.68000, 30.
33.69000, 25.
33.70000, 26.
33.71000, 30.
33.72000, 15.
33.73000, 30.
33.74000, 25.
33.75000, 25.
33.76000, 29.
33.77000, 29.
33.78000, 28.
33.79000, 17.
33.80000, 27.
33.81000, 26.
33.82000, 29.
33.83000, 33.
33.84000, 24.
33.85000, 24.
33.86000, 25.
33.87000, 28.
33.88000, 35.
33.89000, 26.
33.90000, 22.
33.91000, 35.
33.92000, 22.
33.93000, 19.
33.94000, 33.
33.95000, 34.
33.96000, 25.
33.97000, 25.
33.98000, 32.
33.99000, 21.
34.00000, 34.
34.01000, 20.
34.02000, 28.
34.03000, 24.
34.04000, 21.
34.05000, 21.
34.06000, 18.
34.07000, 28.
34.08000, 29.
34.09000, 28.
34.10000, 26.
34.11000, 34.
34.12000, 32.
34.13000, 38.
34.14000, 18.
34.15000, 31.
34.16000, 39.
34.17000, 44.
34.18000, 22.
34.19000, 23.
34.20000, 44.
34.21000, 38.
34.22000, 42.
34.23000, 27.
34.24000, 34.
34.25000, 35.
34.26000, 39.
34.27000, 31.
34.28000, 27.
34.29000, 28.
34.30000, 10.
34.31000, 31.
34.32000, 27.
34.33000, 25.
34.34000, 33.
34.35000, 32.
34.36000, 27.
34.37000, 38.
34.38000, 23.
34.39000, 25.
34.40000, 32.
34.41000, 24.
34.42000, 24.
34.43000, 28.
34.44000, 37.
34.45000, 28.
34.46000, 34.
34.47000, 42.
34.48000, 30.
34.49000, 25.
34.50000, 40.
34.51000, 35.
34.52000, 29.
34.53000, 41.
34.54000, 26.
34.55000, 27.
34.56000, 40.
34.57000, 41.
34.58000, 32.
34.59000, 33.
34.60000, 35.
34.61000, 35.
34.62000, 43.
34.63000, 37.
34.64000, 33.
34.65000, 29.
34.66000, 28.
34.67000, 41.
34.68000, 28.
34.69000, 33.
34.70000, 35.
34.71000, 30.
34.72000, 33.
34.73000, 37.
34.74000, 24.
34.75000, 41.
34.76000, 35.
34.77000, 40.
34.78000, 29.
34.79000, 26.
34.80000, 28.
34.81000, 31.
34.82000, 27.
34.83000, 30.
34.84000, 29.
34.85000, 23.
34.86000, 32.
34.87000, 24.
34.88000, 22.
34.89000, 14.
34.90000, 28.
34.91000, 30.
34.92000, 26.
34.93000, 14.
34.94000, 20.
34.95000, 25.
34.96000, 26.
34.97000, 26.
34.98000, 25.
34.99000, 30.
35.00000, 23.
35.01000, 19.
35.02000, 26.
35.03000, 20.
35.04000, 23.
35.05000, 21.
35.06000, 25.
35.07000, 19.
35.08000, 27.
35.09000, 24.
35.10000, 25.
35.11000, 21.
35.12000, 28.
35.13000, 18.
35.14000, 20.
35.15000, 18.
35.16000, 16.
35.17000, 21.
35.18000, 16.
35.19000, 18.
35.20000, 15.
35.21000, 23.
35.22000, 25.
35.23000, 21.
35.24000, 20.
35.25000, 22.
35.26000, 19.
35.27000, 20.
35.28000, 19.
35.29000, 19.
35.30000, 22.
35.31000, 28.
35.32000, 17.
35.33000, 18.
35.34000, 20.
35.35000, 20.
35.36000, 17.
35.37000, 17.
35.38000, 26.
35.39000, 19.
35.40000, 29.
35.41000, 24.
35.42000, 15.
35.43000, 25.
35.44000, 23.
35.45000, 19.
35.46000, 19.
35.47000, 23.
35.48000, 18.
35.49000, 29.
35.50000, 22.
35.51000, 23.
35.52000, 14.
35.53000, 26.
35.54000, 21.
35.55000, 20.
35.56000, 27.
35.57000, 22.
35.58000, 18.
35.59000, 26.
35.60000, 17.
35.61000, 21.
35.62000, 16.
35.63000, 27.
35.64000, 24.
35.65000, 14.
35.66000, 23.
35.67000, 22.
35.68000, 21.
35.69000, 19.
35.70000, 21.
35.71000, 18.
35.72000, 26.
35.73000, 16.
35.74000, 16.
35.75000, 24.
35.76000, 23.
35.77000, 31.
35.78000, 23.
35.79000, 12.
35.80000, 17.
35.81000, 17.
35.82000, 17.
35.83000, 27.
35.84000, 16.
35.85000, 18.
35.86000, 21.
35.87000, 20.
35.88000, 20.
35.89000, 28.
35.90000, 21.
35.91000, 21.
35.92000, 25.
35.93000, 22.
35.94000, 20.
35.95000, 17.
35.96000, 24.
35.97000, 25.
35.98000, 18.
35.99000, 24.
36.00000, 22.
36.01000, 24.
36.02000, 19.
36.03000, 23.
36.04000, 30.
36.05000, 27.
36.06000, 28.
36.07000, 32.
36.08000, 23.
36.09000, 32.
36.10000, 36.
36.11000, 30.
36.12000, 25.
36.13000, 25.
36.14000, 32.
36.15000, 36.
36.16000, 34.
36.17000, 49.
36.18000, 47.
36.19000, 36.
36.20000, 37.
36.21000, 36.
36.22000, 45.
36.23000, 52.
36.24000, 49.
36.25000, 47.
36.26000, 39.
36.27000, 34.
36.28000, 51.
36.29000, 48.
36.30000, 46.
36.31000, 37.
36.32000, 48.
36.33000, 39.
36.34000, 46.
36.35000, 41.
36.36000, 52.
36.37000, 28.
36.38000, 33.
36.39000, 33.
36.40000, 26.
36.41000, 48.
36.42000, 37.
36.43000, 35.
36.44000, 27.
36.45000, 29.
36.46000, 30.
36.47000, 28.
36.48000, 27.
36.49000, 33.
36.50000, 19.
36.51000, 21.
36.52000, 22.
36.53000, 16.
36.54000, 24.
36.55000, 15.
36.56000, 9.
36.57000, 21.
36.58000, 22.
36.59000, 16.
36.60000, 17.
36.61000, 21.
36.62000, 18.
36.63000, 18.
36.64000, 17.
36.65000, 16.
36.66000, 22.
36.67000, 18.
36.68000, 17.
36.69000, 15.
36.70000, 14.
36.71000, 24.
36.72000, 17.
36.73000, 23.
36.74000, 18.
36.75000, 19.
36.76000, 17.
36.77000, 16.
36.78000, 14.
36.79000, 14.
36.80000, 13.
36.81000, 15.
36.82000, 18.
36.83000, 17.
36.84000, 19.
36.85000, 15.
36.86000, 16.
36.87000, 20.
36.88000, 10.
36.89000, 17.
36.90000, 16.
36.91000, 16.
36.92000, 20.
36.93000, 17.
36.94000, 15.
36.95000, 16.
36.96000, 12.
36.97000, 20.
36.98000, 13.
36.99000, 18.
37.00000, 18.
37.01000, 25.
37.02000, 20.
37.03000, 20.
37.04000, 24.
37.05000, 18.
37.06000, 28.
37.07000, 21.
37.08000, 30.
37.09000, 23.
37.10000, 15.
37.11000, 18.
37.12000, 14.
37.13000, 22.
37.14000, 26.
37.15000, 16.
37.16000, 17.
37.17000, 16.
37.18000, 20.
37.19000, 20.
37.20000, 16.
37.21000, 30.
37.22000, 30.
37.23000, 25.
37.24000, 26.
37.25000, 18.
37.26000, 24.
37.27000, 20.
37.28000, 26.
37.29000, 20.
37.30000, 18.
37.31000, 10.
37.32000, 16.
37.33000, 10.
37.34000, 17.
37.35000, 11.
37.36000, 12.
37.37000, 16.
37.38000, 10.
37.39000, 14.
37.40000, 15.
37.41000, 17.
37.42000, 19.
37.43000, 19.
37.44000, 17.
37.45000, 10.
37.46000, 10.
37.47000, 17.
37.48000, 15.
37.49000, 12.
37.50000, 13.
37.51000, 19.
37.52000, 14.
37.53000, 16.
37.54000, 19.
37.55000, 22.
37.56000, 13.
37.57000, 14.
37.58000, 18.
37.59000, 13.
37.60000, 14.
37.61000, 18.
37.62000, 14.
37.63000, 14.
37.64000, 14.
37.65000, 11.
37.66000, 10.
37.67000, 12.
37.68000, 19.
37.69000, 20.
37.70000, 11.
37.71000, 22.
37.72000, 12.
37.73000, 10.
37.74000, 11.
37.75000, 15.
37.76000, 16.
37.77000, 12.
37.78000, 14.
37.79000, 14.
37.80000, 18.
37.81000, 12.
37.82000, 17.
37.83000, 21.
37.84000, 15.
37.85000, 13.
37.86000, 14.
37.87000, 11.
37.88000, 15.
37.89000, 11.
37.90000, 18.
37.91000, 15.
37.92000, 13.
37.93000, 14.
37.94000, 8.
37.95000, 13.
37.96000, 6.
37.97000, 11.
37.98000, 9.
37.99000, 15.
38.00000, 8.
38.01000, 6.
38.02000, 9.
38.03000, 14.
38.04000, 15.
38.05000, 11.
38.06000, 6.
38.07000, 12.
38.08000, 18.
38.09000, 17.
38.10000, 14.
38.11000, 11.
38.12000, 9.
38.13000, 11.
38.14000, 15.
38.15000, 12.
38.16000, 14.
38.17000, 17.
38.18000, 15.
38.19000, 11.
38.20000, 10.
38.21000, 9.
38.22000, 15.
38.23000, 12.
38.24000, 11.
38.25000, 10.
38.26000, 8.
38.27000, 18.
38.28000, 16.
38.29000, 9.
38.30000, 6.
38.31000, 7.
38.32000, 7.
38.33000, 13.
38.34000, 15.
38.35000, 5.
38.36000, 15.
38.37000, 9.
38.38000, 6.
38.39000, 9.
38.40000, 6.
38.41000, 6.
38.42000, 5.
38.43000, 17.
38.44000, 8.
38.45000, 9.
38.46000, 12.
38.47000, 14.
38.48000, 9.
38.49000, 7.
38.50000, 11.
38.51000, 6.
38.52000, 8.
38.53000, 13.
38.54000, 8.
38.55000, 7.
38.56000, 12.
38.57000, 11.
38.58000, 11.
38.59000, 7.
38.60000, 6.
38.61000, 14.
38.62000, 10.
38.63000, 10.
38.64000, 13.
38.65000, 9.
38.66000, 11.
38.67000, 11.
38.68000, 12.
38.69000, 5.
38.70000, 12.
38.71000, 8.
38.72000, 9.
38.73000, 6.
38.74000, 10.
38.75000, 15.
38.76000, 13.
38.77000, 8.
38.78000, 14.
38.79000, 8.
38.80000, 15.
38.81000, 3.
38.82000, 9.
38.83000, 10.
38.84000, 11.
38.85000, 10.
38.86000, 12.
38.87000, 12.
38.88000, 6.
38.89000, 10.
38.90000, 16.
38.91000, 9.
38.92000, 9.
38.93000, 10.
38.94000, 9.
38.95000, 8.
38.96000, 16.
38.97000, 14.
38.98000, 10.
38.99000, 16.
39.00000, 13.
39.01000, 9.
39.02000, 12.
39.03000, 10.
39.04000, 3.
39.05000, 12.
39.06000, 10.
39.07000, 8.
39.08000, 18.
39.09000, 13.
39.10000, 7.
39.11000, 19.
39.12000, 5.
39.13000, 16.
39.14000, 18.
39.15000, 8.
39.16000, 13.
39.17000, 11.
39.18000, 17.
39.19000, 15.
39.20000, 8.
39.21000, 7.
39.22000, 9.
39.23000, 7.
39.24000, 8.
39.25000, 10.
39.26000, 12.
39.27000, 16.
39.28000, 7.
39.29000, 8.
39.30000, 11.
39.31000, 13.
39.32000, 11.
39.33000, 9.
39.34000, 14.
39.35000, 9.
39.36000, 8.
39.37000, 5.
39.38000, 8.
39.39000, 8.
39.40000, 9.
39.41000, 12.
39.42000, 4.
39.43000, 15.
39.44000, 8.
39.45000, 11.
39.46000, 7.
39.47000, 3.
39.48000, 9.
39.49000, 11.
39.50000, 4.
39.51000, 5.
39.52000, 10.
39.53000, 9.
39.54000, 4.
39.55000, 5.
39.56000, 10.
39.57000, 4.
39.58000, 6.
39.59000, 7.
39.60000, 10.
39.61000, 6.
39.62000, 7.
39.63000, 3.
39.64000, 4.
39.65000, 7.
39.66000, 7.
39.67000, 5.
39.68000, 10.
39.69000, 5.
39.70000, 7.
39.71000, 11.
39.72000, 14.
39.73000, 7.
39.74000, 8.
39.75000, 2.
39.76000, 7.
39.77000, 6.
39.78000, 6.
39.79000, 9.
39.80000, 8.
39.81000, 13.
39.82000, 7.
39.83000, 6.
39.84000, 8.
39.85000, 3.
39.86000, 8.
39.87000, 9.
39.88000, 2.
39.89000, 9.
39.90000, 12.
39.91000, 6.
39.92000, 7.
39.93000, 7.
39.94000, 11.
39.95000, 8.
39.96000, 6.
39.97000, 10.
39.98000, 10.
39.99000, 7.
40.00000, 12.
40.01000, 10.
40.02000, 6.
40.03000, 4.
40.04000, 5.
40.05000, 10.
40.06000, 4.
40.07000, 6.
40.08000, 5.
40.09000, 10.
40.10000, 5.
40.11000, 7.
40.12000, 11.
40.13000, 2.
40.14000, 6.
40.15000, 8.
40.16000, 3.
40.17000, 10.
40.18000, 10.
40.19000, 6.
40.20000, 7.
40.21000, 10.
40.22000, 8.
40.23000, 6.
40.24000, 7.
40.25000, 8.
40.26000, 6.
40.27000, 3.
40.28000, 7.
40.29000, 6.
40.30000, 6.
40.31000, 10.
40.32000, 6.
40.33000, 8.
40.34000, 13.
40.35000, 2.
40.36000, 4.
40.37000, 8.
40.38000, 7.
40.39000, 7.
40.40000, 5.
40.41000, 7.
40.42000, 8.
40.43000, 8.
40.44000, 7.
40.45000, 5.
40.46000, 8.
40.47000, 1.
40.48000, 9.
40.49000, 7.
40.50000, 5.
40.51000, 9.
40.52000, 5.
40.53000, 7.
40.54000, 6.
40.55000, 0.
#ENDOFDATA   : 
