#FORMAT      : EMSA/MAS Spectral Data File
#VERSION     : 1.0
#TITLE       : lo 2
#DATE        : 24-JUL-2026
#TIME        : 11:36
#OWNER       : XGT7200
#NPOINTS     : 4096.
#NCOLUMNS    : 1.
#XUNITS      : keV
#YUNITS      : counts
#DATATYPE    : XY
#XPERCHAN    : 0.0100000
#OFFSET      : -0.400000
#SIGNALTYPE  : EDS
#CHOFFSET    : 40.0000
#LIVETIME    : 60.000000
#REALTIME    : 80.018512
#BEAMKV      : 50.0000
#PROBECUR    : 560000.
#MAGCAM      : 100.000
#XTILTSTGE   : 0.0
#AZIMANGLE   : 0.0
#ELEVANGLE   : 45.0
#XPOSITION mm: 0.0000
#YPOSITION mm: 0.0000
#ZPOSITION mm: 0.0000
##OXINSTPT   : 4
##OXINSTSTROB: 71.94
##OXINSTELEMS: 12,14,16,19,20,25,26,38,39,45,56,70
##OXINSTLABEL: 38, 14.165, Sr
##OXINSTLABEL: 38, 15.836, Sr
##OXINSTLABEL: 38, 16.085, Sr
##OXINSTLABEL: 38, 1.807, Sr
##OXINSTLABEL: 38, 1.649, Sr
##OXINSTLABEL: 38, 1.582, Sr
##OXINSTLABEL: 20, 3.692, Ca
##OXINSTLABEL: 20, 4.013, Ca
##OXINSTLABEL: 20, 0.341, Ca
##OXINSTLABEL: 20, 0.306, Ca
##OXINSTLABEL: 26, 6.404, Fe
##OXINSTLABEL: 26, 7.058, Fe
##OXINSTLABEL: 26, 0.705, Fe
##OXINSTLABEL: 26, 0.628, Fe
##OXINSTLABEL: 45, 20.216, Rh
##OXINSTLABEL: 45, 22.724, Rh
##OXINSTLABEL: 45, 23.173, Rh
##OXINSTLABEL: 45, 2.697, Rh
##OXINSTLABEL: 45, 2.834, Rh
##OXINSTLABEL: 45, 2.519, Rh
##OXINSTLABEL: 45, 3.364, Rh
##OXINSTLABEL: 45, 2.377, Rh
##OXINSTLABEL: 16, 2.308, S
##OXINSTLABEL: 16, 2.464, S
##OXINSTLABEL: 12, 1.254, Mg
##OXINSTLABEL: 14, 1.740, Si
##OXINSTLABEL: 56, 32.194, Ba
##OXINSTLABEL: 56, 31.818, Ba
##OXINSTLABEL: 56, 36.379, Ba
##OXINSTLABEL: 56, 37.258, Ba
##OXINSTLABEL: 56, 4.466, Ba
##OXINSTLABEL: 56, 4.828, Ba
##OXINSTLABEL: 56, 5.157, Ba
##OXINSTLABEL: 56, 4.331, Ba
##OXINSTLABEL: 56, 5.531, Ba
##OXINSTLABEL: 56, 5.797, Ba
##OXINSTLABEL: 56, 3.954, Ba
##OXINSTLABEL: 25, 5.899, Mn
##OXINSTLABEL: 25, 6.491, Mn
##OXINSTLABEL: 25, 0.636, Mn
##OXINSTLABEL: 25, 0.567, Mn
##OXINSTLABEL: 39, 14.959, Y
##OXINSTLABEL: 39, 16.738, Y
##OXINSTLABEL: 39, 17.016, Y
##OXINSTLABEL: 39, 1.923, Y
##OXINSTLABEL: 39, 1.761, Y
##OXINSTLABEL: 39, 1.685, Y
##OXINSTLABEL: 19, 3.314, K
##OXINSTLABEL: 19, 3.590, K
##OXINSTLABEL: 19, 0.262, K
##OXINSTLABEL: 70, 7.416, Yb
##OXINSTLABEL: 70, 8.402, Yb
##OXINSTLABEL: 70, 8.759, Yb
##OXINSTLABEL: 70, 7.580, Yb
##OXINSTLABEL: 70, 9.780, Yb
##OXINSTLABEL: 70, 10.090, Yb
##OXINSTLABEL: 70, 6.546, Yb
##OXINSTLABEL: 70, 1.521, Yb
##OXINSTLABEL: 70, 1.765, Yb
##OXINSTLABEL: 70, 1.183, Yb
#SPECTRUM    : Spectral Data Starts Here
-0.40000, 0.
-0.39000, 0.
-0.38000, 0.
-0.37000, 0.
-0.36000, 0.
-0.35000, 0.
-0.34000, 0.
-0.33000, 0.
-0.32000, 0.
-0.31000, 0.
-0.30000, 0.
-0.29000, 0.
-0.28000, 0.
-0.27000, 0.
-0.26000, 0.
-0.25000, 0.
-0.24000, 0.
-0.23000, 0.
-0.22000, 0.
-0.21000, 0.
-0.20000, 0.
-0.19000, 0.
-0.18000, 0.
-0.17000, 0.
-0.16000, 0.
-0.15000, 0.
-0.14000, 0.
-0.13000, 0.
-0.12000, 0.
-0.11000, 0.
-0.10000, 0.
-0.09000, 0.
-0.08000, 0.
-0.07000, 0.
-0.06000, 0.
-0.05000, 0.
-0.04000, 0.
-0.03000, 0.
-0.02000, 0.
-0.01000, 0.
0.00000, 0.
0.01000, 0.
0.02000, 0.
0.03000, 0.
0.04000, 0.
0.05000, 0.
0.06000, 0.
0.07000, 0.
0.08000, 0.
0.09000, 0.
0.10000, 0.
0.11000, 0.
0.12000, 0.
0.13000, 0.
0.14000, 0.
0.15000, 0.
0.16000, 0.
0.17000, 0.
0.18000, 0.
0.19000, 0.
0.20000, 0.
0.21000, 0.
0.22000, 0.
0.23000, 0.
0.24000, 0.
0.25000, 0.
0.26000, 0.
0.27000, 0.
0.28000, 0.
0.29000, 0.
0.30000, 0.
0.31000, 0.
0.32000, 0.
0.33000, 0.
0.34000, 1.
0.35000, 6.
0.36000, 4.
0.37000, 15.
0.38000, 15.
0.39000, 24.
0.40000, 36.
0.41000, 48.
0.42000, 43.
0.43000, 49.
0.44000, 64.
0.45000, 57.
0.46000, 70.
0.47000, 76.
0.48000, 60.
0.49000, 62.
0.50000, 72.
0.51000, 78.
0.52000, 63.
0.53000, 60.
0.54000, 63.
0.55000, 81.
0.56000, 68.
0.57000, 76.
0.58000, 59.
0.59000, 59.
0.60000, 59.
0.61000, 53.
0.62000, 67.
0.63000, 52.
0.64000, 62.
0.65000, 72.
0.66000, 62.
0.67000, 41.
0.68000, 68.
0.69000, 59.
0.70000, 57.
0.71000, 57.
0.72000, 55.
0.73000, 71.
0.74000, 55.
0.75000, 61.
0.76000, 70.
0.77000, 66.
0.78000, 45.
0.79000, 67.
0.80000, 41.
0.81000, 67.
0.82000, 76.
0.83000, 62.
0.84000, 65.
0.85000, 60.
0.86000, 54.
0.87000, 53.
0.88000, 69.
0.89000, 73.
0.90000, 76.
0.91000, 77.
0.92000, 72.
0.93000, 68.
0.94000, 65.
0.95000, 63.
0.96000, 69.
0.97000, 83.
0.98000, 66.
0.99000, 54.
1.00000, 68.
1.01000, 68.
1.02000, 50.
1.03000, 66.
1.04000, 71.
1.05000, 64.
1.06000, 64.
1.07000, 63.
1.08000, 79.
1.09000, 61.
1.10000, 73.
1.11000, 73.
1.12000, 54.
1.13000, 73.
1.14000, 62.
1.15000, 58.
1.16000, 69.
1.17000, 54.
1.18000, 83.
1.19000, 88.
1.20000, 76.
1.21000, 109.
1.22000, 103.
1.23000, 106.
1.24000, 124.
1.25000, 117.
1.26000, 149.
1.27000, 119.
1.28000, 96.
1.29000, 93.
1.30000, 89.
1.31000, 84.
1.32000, 71.
1.33000, 54.
1.34000, 53.
1.35000, 48.
1.36000, 51.
1.37000, 70.
1.38000, 46.
1.39000, 40.
1.40000, 50.
1.41000, 54.
1.42000, 53.
1.43000, 64.
1.44000, 52.
1.45000, 73.
1.46000, 84.
1.47000, 73.
1.48000, 90.
1.49000, 86.
1.50000, 88.
1.51000, 83.
1.52000, 54.
1.53000, 77.
1.54000, 77.
1.55000, 68.
1.56000, 62.
1.57000, 57.
1.58000, 49.
1.59000, 63.
1.60000, 52.
1.61000, 45.
1.62000, 45.
1.63000, 59.
1.64000, 51.
1.65000, 60.
1.66000, 72.
1.67000, 90.
1.68000, 133.
1.69000, 176.
1.70000, 242.
1.71000, 231.
1.72000, 347.
1.73000, 342.
1.74000, 368.
1.75000, 396.
1.76000, 376.
1.77000, 354.
1.78000, 302.
1.79000, 293.
1.80000, 259.
1.81000, 280.
1.82000, 236.
1.83000, 201.
1.84000, 224.
1.85000, 228.
1.86000, 229.
1.87000, 299.
1.88000, 361.
1.89000, 435.
1.90000, 535.
1.91000, 642.
1.92000, 732.
1.93000, 867.
1.94000, 941.
1.95000, 963.
1.96000, 968.
1.97000, 823.
1.98000, 778.
1.99000, 678.
2.00000, 549.
2.01000, 439.
2.02000, 376.
2.03000, 283.
2.04000, 240.
2.05000, 188.
2.06000, 149.
2.07000, 106.
2.08000, 92.
2.09000, 104.
2.10000, 98.
2.11000, 87.
2.12000, 85.
2.13000, 114.
2.14000, 95.
2.15000, 110.
2.16000, 125.
2.17000, 118.
2.18000, 149.
2.19000, 144.
2.20000, 180.
2.21000, 188.
2.22000, 211.
2.23000, 251.
2.24000, 309.
2.25000, 326.
2.26000, 344.
2.27000, 419.
2.28000, 479.
2.29000, 485.
2.30000, 467.
2.31000, 470.
2.32000, 444.
2.33000, 415.
2.34000, 369.
2.35000, 332.
2.36000, 316.
2.37000, 237.
2.38000, 185.
2.39000, 173.
2.40000, 139.
2.41000, 137.
2.42000, 110.
2.43000, 107.
2.44000, 122.
2.45000, 108.
2.46000, 101.
2.47000, 103.
2.48000, 96.
2.49000, 99.
2.50000, 83.
2.51000, 97.
2.52000, 98.
2.53000, 112.
2.54000, 103.
2.55000, 100.
2.56000, 139.
2.57000, 146.
2.58000, 187.
2.59000, 213.
2.60000, 267.
2.61000, 322.
2.62000, 376.
2.63000, 485.
2.64000, 623.
2.65000, 729.
2.66000, 813.
2.67000, 937.
2.68000, 1124.
2.69000, 1106.
2.70000, 1174.
2.71000, 1142.
2.72000, 1016.
2.73000, 1054.
2.74000, 943.
2.75000, 847.
2.76000, 827.
2.77000, 736.
2.78000, 723.
2.79000, 783.
2.80000, 734.
2.81000, 879.
2.82000, 872.
2.83000, 929.
2.84000, 962.
2.85000, 1018.
2.86000, 1035.
2.87000, 1030.
2.88000, 911.
2.89000, 880.
2.90000, 749.
2.91000, 684.
2.92000, 642.
2.93000, 629.
2.94000, 579.
2.95000, 551.
2.96000, 474.
2.97000, 431.
2.98000, 383.
2.99000, 381.
3.00000, 328.
3.01000, 273.
3.02000, 270.
3.03000, 231.
3.04000, 195.
3.05000, 195.
3.06000, 182.
3.07000, 162.
3.08000, 170.
3.09000, 159.
3.10000, 159.
3.11000, 123.
3.12000, 154.
3.13000, 163.
3.14000, 147.
3.15000, 152.
3.16000, 168.
3.17000, 172.
3.18000, 181.
3.19000, 161.
3.20000, 143.
3.21000, 172.
3.22000, 155.
3.23000, 133.
3.24000, 147.
3.25000, 171.
3.26000, 178.
3.27000, 149.
3.28000, 181.
3.29000, 182.
3.30000, 177.
3.31000, 184.
3.32000, 199.
3.33000, 184.
3.34000, 184.
3.35000, 156.
3.36000, 151.
3.37000, 164.
3.38000, 176.
3.39000, 122.
3.40000, 151.
3.41000, 159.
3.42000, 140.
3.43000, 175.
3.44000, 177.
3.45000, 213.
3.46000, 220.
3.47000, 270.
3.48000, 298.
3.49000, 360.
3.50000, 439.
3.51000, 510.
3.52000, 723.
3.53000, 1017.
3.54000, 1417.
3.55000, 2078.
3.56000, 2966.
3.57000, 4423.
3.58000, 6676.
3.59000, 9671.
3.60000, 13713.
3.61000, 19560.
3.62000, 26111.
3.63000, 34091.
3.64000, 42431.
3.65000, 51557.
3.66000, 60280.
3.67000, 67977.
3.68000, 72663.
3.69000, 75997.
3.70000, 76614.
3.71000, 73523.
3.72000, 68027.
3.73000, 60002.
3.74000, 52114.
3.75000, 42862.
3.76000, 33831.
3.77000, 25993.
3.78000, 19059.
3.79000, 13416.
3.80000, 9312.
3.81000, 6283.
3.82000, 4086.
3.83000, 2674.
3.84000, 1728.
3.85000, 1179.
3.86000, 972.
3.87000, 904.
3.88000, 939.
3.89000, 1182.
3.90000, 1469.
3.91000, 1927.
3.92000, 2493.
3.93000, 3230.
3.94000, 4086.
3.95000, 5010.
3.96000, 6393.
3.97000, 7490.
3.98000, 8664.
3.99000, 9485.
4.00000, 10519.
4.01000, 10739.
4.02000, 10530.
4.03000, 10508.
4.04000, 9896.
4.05000, 8896.
4.06000, 7673.
4.07000, 6599.
4.08000, 5308.
4.09000, 4142.
4.10000, 3186.
4.11000, 2276.
4.12000, 1686.
4.13000, 1132.
4.14000, 735.
4.15000, 486.
4.16000, 318.
4.17000, 182.
4.18000, 120.
4.19000, 103.
4.20000, 64.
4.21000, 52.
4.22000, 51.
4.23000, 49.
4.24000, 46.
4.25000, 50.
4.26000, 51.
4.27000, 45.
4.28000, 57.
4.29000, 42.
4.30000, 40.
4.31000, 48.
4.32000, 59.
4.33000, 61.
4.34000, 75.
4.35000, 75.
4.36000, 90.
4.37000, 102.
4.38000, 111.
4.39000, 142.
4.40000, 187.
4.41000, 232.
4.42000, 280.
4.43000, 293.
4.44000, 324.
4.45000, 368.
4.46000, 387.
4.47000, 351.
4.48000, 365.
4.49000, 353.
4.50000, 332.
4.51000, 293.
4.52000, 270.
4.53000, 215.
4.54000, 196.
4.55000, 169.
4.56000, 125.
4.57000, 122.
4.58000, 105.
4.59000, 98.
4.60000, 89.
4.61000, 91.
4.62000, 107.
4.63000, 79.
4.64000, 89.
4.65000, 89.
4.66000, 84.
4.67000, 82.
4.68000, 70.
4.69000, 83.
4.70000, 115.
4.71000, 86.
4.72000, 86.
4.73000, 105.
4.74000, 96.
4.75000, 111.
4.76000, 158.
4.77000, 166.
4.78000, 208.
4.79000, 256.
4.80000, 267.
4.81000, 276.
4.82000, 300.
4.83000, 335.
4.84000, 320.
4.85000, 323.
4.86000, 288.
4.87000, 263.
4.88000, 300.
4.89000, 255.
4.90000, 232.
4.91000, 195.
4.92000, 159.
4.93000, 147.
4.94000, 144.
4.95000, 139.
4.96000, 122.
4.97000, 103.
4.98000, 97.
4.99000, 109.
5.00000, 85.
5.01000, 96.
5.02000, 95.
5.03000, 80.
5.04000, 87.
5.05000, 93.
5.06000, 90.
5.07000, 91.
5.08000, 93.
5.09000, 89.
5.10000, 117.
5.11000, 122.
5.12000, 122.
5.13000, 129.
5.14000, 124.
5.15000, 127.
5.16000, 140.
5.17000, 123.
5.18000, 133.
5.19000, 129.
5.20000, 140.
5.21000, 139.
5.22000, 145.
5.23000, 136.
5.24000, 107.
5.25000, 135.
5.26000, 135.
5.27000, 150.
5.28000, 116.
5.29000, 108.
5.30000, 80.
5.31000, 91.
5.32000, 102.
5.33000, 95.
5.34000, 82.
5.35000, 87.
5.36000, 87.
5.37000, 63.
5.38000, 67.
5.39000, 88.
5.40000, 83.
5.41000, 69.
5.42000, 66.
5.43000, 55.
5.44000, 71.
5.45000, 81.
5.46000, 74.
5.47000, 77.
5.48000, 96.
5.49000, 89.
5.50000, 86.
5.51000, 85.
5.52000, 96.
5.53000, 89.
5.54000, 106.
5.55000, 100.
5.56000, 98.
5.57000, 86.
5.58000, 101.
5.59000, 80.
5.60000, 94.
5.61000, 118.
5.62000, 87.
5.63000, 87.
5.64000, 105.
5.65000, 85.
5.66000, 89.
5.67000, 107.
5.68000, 100.
5.69000, 76.
5.70000, 92.
5.71000, 97.
5.72000, 106.
5.73000, 77.
5.74000, 95.
5.75000, 103.
5.76000, 97.
5.77000, 101.
5.78000, 112.
5.79000, 140.
5.80000, 146.
5.81000, 132.
5.82000, 134.
5.83000, 146.
5.84000, 145.
5.85000, 147.
5.86000, 152.
5.87000, 149.
5.88000, 154.
5.89000, 169.
5.90000, 145.
5.91000, 143.
5.92000, 147.
5.93000, 152.
5.94000, 117.
5.95000, 121.
5.96000, 126.
5.97000, 96.
5.98000, 94.
5.99000, 91.
6.00000, 93.
6.01000, 78.
6.02000, 66.
6.03000, 67.
6.04000, 69.
6.05000, 75.
6.06000, 66.
6.07000, 64.
6.08000, 71.
6.09000, 52.
6.10000, 59.
6.11000, 44.
6.12000, 60.
6.13000, 62.
6.14000, 64.
6.15000, 57.
6.16000, 66.
6.17000, 68.
6.18000, 63.
6.19000, 67.
6.20000, 53.
6.21000, 60.
6.22000, 89.
6.23000, 82.
6.24000, 99.
6.25000, 114.
6.26000, 151.
6.27000, 154.
6.28000, 214.
6.29000, 254.
6.30000, 313.
6.31000, 396.
6.32000, 438.
6.33000, 506.
6.34000, 577.
6.35000, 718.
6.36000, 742.
6.37000, 870.
6.38000, 866.
6.39000, 930.
6.40000, 960.
6.41000, 946.
6.42000, 918.
6.43000, 833.
6.44000, 770.
6.45000, 755.
6.46000, 636.
6.47000, 534.
6.48000, 438.
6.49000, 373.
6.50000, 319.
6.51000, 303.
6.52000, 221.
6.53000, 202.
6.54000, 159.
6.55000, 141.
6.56000, 145.
6.57000, 133.
6.58000, 106.
6.59000, 118.
6.60000, 120.
6.61000, 106.
6.62000, 82.
6.63000, 97.
6.64000, 105.
6.65000, 94.
6.66000, 116.
6.67000, 88.
6.68000, 88.
6.69000, 111.
6.70000, 111.
6.71000, 95.
6.72000, 104.
6.73000, 103.
6.74000, 81.
6.75000, 108.
6.76000, 89.
6.77000, 88.
6.78000, 75.
6.79000, 78.
6.80000, 95.
6.81000, 100.
6.82000, 106.
6.83000, 95.
6.84000, 92.
6.85000, 105.
6.86000, 94.
6.87000, 120.
6.88000, 102.
6.89000, 109.
6.90000, 107.
6.91000, 123.
6.92000, 125.
6.93000, 117.
6.94000, 95.
6.95000, 123.
6.96000, 142.
6.97000, 163.
6.98000, 163.
6.99000, 148.
7.00000, 177.
7.01000, 222.
7.02000, 228.
7.03000, 191.
7.04000, 209.
7.05000, 206.
7.06000, 237.
7.07000, 221.
7.08000, 184.
7.09000, 218.
7.10000, 184.
7.11000, 211.
7.12000, 164.
7.13000, 159.
7.14000, 123.
7.15000, 128.
7.16000, 126.
7.17000, 107.
7.18000, 111.
7.19000, 91.
7.20000, 122.
7.21000, 102.
7.22000, 125.
7.23000, 111.
7.24000, 112.
7.25000, 105.
7.26000, 134.
7.27000, 120.
7.28000, 150.
7.29000, 197.
7.30000, 215.
7.31000, 225.
7.32000, 297.
7.33000, 281.
7.34000, 304.
7.35000, 344.
7.36000, 374.
7.37000, 366.
7.38000, 402.
7.39000, 398.
7.40000, 394.
7.41000, 383.
7.42000, 366.
7.43000, 320.
7.44000, 289.
7.45000, 311.
7.46000, 265.
7.47000, 225.
7.48000, 193.
7.49000, 189.
7.50000, 160.
7.51000, 145.
7.52000, 131.
7.53000, 123.
7.54000, 137.
7.55000, 130.
7.56000, 119.
7.57000, 106.
7.58000, 87.
7.59000, 118.
7.60000, 105.
7.61000, 128.
7.62000, 129.
7.63000, 137.
7.64000, 130.
7.65000, 164.
7.66000, 146.
7.67000, 183.
7.68000, 158.
7.69000, 184.
7.70000, 175.
7.71000, 170.
7.72000, 194.
7.73000, 183.
7.74000, 182.
7.75000, 167.
7.76000, 175.
7.77000, 165.
7.78000, 155.
7.79000, 145.
7.80000, 125.
7.81000, 115.
7.82000, 98.
7.83000, 97.
7.84000, 100.
7.85000, 103.
7.86000, 93.
7.87000, 117.
7.88000, 109.
7.89000, 87.
7.90000, 110.
7.91000, 97.
7.92000, 94.
7.93000, 92.
7.94000, 108.
7.95000, 107.
7.96000, 120.
7.97000, 97.
7.98000, 101.
7.99000, 95.
8.00000, 109.
8.01000, 126.
8.02000, 105.
8.03000, 105.
8.04000, 103.
8.05000, 109.
8.06000, 126.
8.07000, 114.
8.08000, 119.
8.09000, 113.
8.10000, 138.
8.11000, 118.
8.12000, 101.
8.13000, 102.
8.14000, 105.
8.15000, 118.
8.16000, 144.
8.17000, 104.
8.18000, 103.
8.19000, 123.
8.20000, 130.
8.21000, 136.
8.22000, 137.
8.23000, 138.
8.24000, 127.
8.25000, 138.
8.26000, 127.
8.27000, 151.
8.28000, 134.
8.29000, 136.
8.30000, 116.
8.31000, 132.
8.32000, 157.
8.33000, 134.
8.34000, 143.
8.35000, 151.
8.36000, 124.
8.37000, 134.
8.38000, 141.
8.39000, 146.
8.40000, 151.
8.41000, 141.
8.42000, 149.
8.43000, 144.
8.44000, 146.
8.45000, 145.
8.46000, 147.
8.47000, 147.
8.48000, 148.
8.49000, 151.
8.50000, 150.
8.51000, 147.
8.52000, 142.
8.53000, 148.
8.54000, 154.
8.55000, 152.
8.56000, 138.
8.57000, 148.
8.58000, 128.
8.59000, 158.
8.60000, 165.
8.61000, 134.
8.62000, 136.
8.63000, 142.
8.64000, 143.
8.65000, 141.
8.66000, 164.
8.67000, 152.
8.68000, 162.
8.69000, 175.
8.70000, 166.
8.71000, 128.
8.72000, 140.
8.73000, 149.
8.74000, 155.
8.75000, 142.
8.76000, 141.
8.77000, 149.
8.78000, 151.
8.79000, 160.
8.80000, 152.
8.81000, 139.
8.82000, 146.
8.83000, 114.
8.84000, 146.
8.85000, 127.
8.86000, 140.
8.87000, 150.
8.88000, 139.
8.89000, 122.
8.90000, 144.
8.91000, 136.
8.92000, 156.
8.93000, 132.
8.94000, 116.
8.95000, 141.
8.96000, 141.
8.97000, 139.
8.98000, 162.
8.99000, 150.
9.00000, 135.
9.01000, 153.
9.02000, 152.
9.03000, 122.
9.04000, 138.
9.05000, 133.
9.06000, 148.
9.07000, 120.
9.08000, 146.
9.09000, 150.
9.10000, 153.
9.11000, 140.
9.12000, 137.
9.13000, 150.
9.14000, 145.
9.15000, 142.
9.16000, 160.
9.17000, 147.
9.18000, 121.
9.19000, 143.
9.20000, 147.
9.21000, 142.
9.22000, 132.
9.23000, 146.
9.24000, 146.
9.25000, 141.
9.26000, 155.
9.27000, 125.
9.28000, 138.
9.29000, 178.
9.30000, 120.
9.31000, 120.
9.32000, 152.
9.33000, 165.
9.34000, 169.
9.35000, 148.
9.36000, 149.
9.37000, 154.
9.38000, 158.
9.39000, 158.
9.40000, 141.
9.41000, 155.
9.42000, 179.
9.43000, 156.
9.44000, 162.
9.45000, 164.
9.46000, 149.
9.47000, 154.
9.48000, 159.
9.49000, 161.
9.50000, 176.
9.51000, 166.
9.52000, 152.
9.53000, 173.
9.54000, 161.
9.55000, 179.
9.56000, 144.
9.57000, 160.
9.58000, 171.
9.59000, 194.
9.60000, 177.
9.61000, 177.
9.62000, 170.
9.63000, 152.
9.64000, 157.
9.65000, 168.
9.66000, 152.
9.67000, 174.
9.68000, 177.
9.69000, 184.
9.70000, 174.
9.71000, 169.
9.72000, 167.
9.73000, 169.
9.74000, 162.
9.75000, 173.
9.76000, 165.
9.77000, 177.
9.78000, 154.
9.79000, 182.
9.80000, 166.
9.81000, 156.
9.82000, 144.
9.83000, 181.
9.84000, 158.
9.85000, 159.
9.86000, 163.
9.87000, 156.
9.88000, 170.
9.89000, 149.
9.90000, 157.
9.91000, 156.
9.92000, 159.
9.93000, 138.
9.94000, 145.
9.95000, 166.
9.96000, 174.
9.97000, 145.
9.98000, 171.
9.99000, 162.
10.00000, 161.
10.01000, 173.
10.02000, 173.
10.03000, 176.
10.04000, 135.
10.05000, 182.
10.06000, 169.
10.07000, 176.
10.08000, 173.
10.09000, 162.
10.10000, 199.
10.11000, 158.
10.12000, 178.
10.13000, 172.
10.14000, 178.
10.15000, 159.
10.16000, 168.
10.17000, 152.
10.18000, 154.
10.19000, 186.
10.20000, 165.
10.21000, 169.
10.22000, 179.
10.23000, 168.
10.24000, 184.
10.25000, 180.
10.26000, 140.
10.27000, 165.
10.28000, 158.
10.29000, 152.
10.30000, 182.
10.31000, 175.
10.32000, 165.
10.33000, 157.
10.34000, 203.
10.35000, 175.
10.36000, 198.
10.37000, 187.
10.38000, 194.
10.39000, 193.
10.40000, 167.
10.41000, 179.
10.42000, 202.
10.43000, 209.
10.44000, 211.
10.45000, 208.
10.46000, 222.
10.47000, 237.
10.48000, 245.
10.49000, 239.
10.50000, 233.
10.51000, 221.
10.52000, 240.
10.53000, 287.
10.54000, 283.
10.55000, 266.
10.56000, 240.
10.57000, 254.
10.58000, 242.
10.59000, 234.
10.60000, 236.
10.61000, 264.
10.62000, 220.
10.63000, 222.
10.64000, 201.
10.65000, 219.
10.66000, 181.
10.67000, 197.
10.68000, 196.
10.69000, 182.
10.70000, 172.
10.71000, 174.
10.72000, 174.
10.73000, 179.
10.74000, 184.
10.75000, 167.
10.76000, 169.
10.77000, 197.
10.78000, 178.
10.79000, 170.
10.80000, 186.
10.81000, 194.
10.82000, 179.
10.83000, 184.
10.84000, 198.
10.85000, 180.
10.86000, 176.
10.87000, 150.
10.88000, 192.
10.89000, 171.
10.90000, 189.
10.91000, 177.
10.92000, 166.
10.93000, 185.
10.94000, 205.
10.95000, 177.
10.96000, 173.
10.97000, 166.
10.98000, 196.
10.99000, 172.
11.00000, 180.
11.01000, 157.
11.02000, 170.
11.03000, 154.
11.04000, 174.
11.05000, 192.
11.06000, 186.
11.07000, 175.
11.08000, 189.
11.09000, 210.
11.10000, 172.
11.11000, 195.
11.12000, 204.
11.13000, 202.
11.14000, 162.
11.15000, 183.
11.16000, 186.
11.17000, 188.
11.18000, 181.
11.19000, 180.
11.20000, 167.
11.21000, 173.
11.22000, 192.
11.23000, 200.
11.24000, 202.
11.25000, 188.
11.26000, 194.
11.27000, 194.
11.28000, 177.
11.29000, 196.
11.30000, 185.
11.31000, 177.
11.32000, 201.
11.33000, 182.
11.34000, 206.
11.35000, 202.
11.36000, 183.
11.37000, 202.
11.38000, 199.
11.39000, 205.
11.40000, 193.
11.41000, 202.
11.42000, 196.
11.43000, 209.
11.44000, 177.
11.45000, 206.
11.46000, 212.
11.47000, 193.
11.48000, 201.
11.49000, 202.
11.50000, 206.
11.51000, 210.
11.52000, 186.
11.53000, 172.
11.54000, 201.
11.55000, 185.
11.56000, 187.
11.57000, 202.
11.58000, 223.
11.59000, 191.
11.60000, 180.
11.61000, 196.
11.62000, 174.
11.63000, 210.
11.64000, 183.
11.65000, 213.
11.66000, 208.
11.67000, 206.
11.68000, 198.
11.69000, 217.
11.70000, 200.
11.71000, 171.
11.72000, 232.
11.73000, 195.
11.74000, 205.
11.75000, 192.
11.76000, 206.
11.77000, 199.
11.78000, 202.
11.79000, 189.
11.80000, 201.
11.81000, 210.
11.82000, 179.
11.83000, 208.
11.84000, 177.
11.85000, 212.
11.86000, 184.
11.87000, 200.
11.88000, 198.
11.89000, 218.
11.90000, 204.
11.91000, 197.
11.92000, 220.
11.93000, 193.
11.94000, 214.
11.95000, 211.
11.96000, 209.
11.97000, 220.
11.98000, 205.
11.99000, 209.
12.00000, 196.
12.01000, 187.
12.02000, 217.
12.03000, 221.
12.04000, 199.
12.05000, 199.
12.06000, 205.
12.07000, 207.
12.08000, 214.
12.09000, 206.
12.10000, 192.
12.11000, 201.
12.12000, 231.
12.13000, 215.
12.14000, 200.
12.15000, 181.
12.16000, 224.
12.17000, 208.
12.18000, 204.
12.19000, 180.
12.20000, 178.
12.21000, 230.
12.22000, 203.
12.23000, 177.
12.24000, 208.
12.25000, 221.
12.26000, 201.
12.27000, 213.
12.28000, 213.
12.29000, 205.
12.30000, 235.
12.31000, 207.
12.32000, 214.
12.33000, 215.
12.34000, 209.
12.35000, 217.
12.36000, 225.
12.37000, 232.
12.38000, 233.
12.39000, 200.
12.40000, 198.
12.41000, 222.
12.42000, 189.
12.43000, 197.
12.44000, 202.
12.45000, 193.
12.46000, 251.
12.47000, 247.
12.48000, 216.
12.49000, 219.
12.50000, 253.
12.51000, 241.
12.52000, 249.
12.53000, 243.
12.54000, 245.
12.55000, 270.
12.56000, 288.
12.57000, 268.
12.58000, 245.
12.59000, 261.
12.60000, 265.
12.61000, 253.
12.62000, 254.
12.63000, 270.
12.64000, 272.
12.65000, 246.
12.66000, 253.
12.67000, 236.
12.68000, 240.
12.69000, 260.
12.70000, 227.
12.71000, 214.
12.72000, 248.
12.73000, 220.
12.74000, 264.
12.75000, 210.
12.76000, 195.
12.77000, 207.
12.78000, 205.
12.79000, 233.
12.80000, 177.
12.81000, 211.
12.82000, 196.
12.83000, 193.
12.84000, 211.
12.85000, 184.
12.86000, 208.
12.87000, 221.
12.88000, 206.
12.89000, 197.
12.90000, 214.
12.91000, 219.
12.92000, 196.
12.93000, 203.
12.94000, 227.
12.95000, 224.
12.96000, 195.
12.97000, 198.
12.98000, 184.
12.99000, 204.
13.00000, 193.
13.01000, 187.
13.02000, 207.
13.03000, 219.
13.04000, 199.
13.05000, 196.
13.06000, 197.
13.07000, 191.
13.08000, 191.
13.09000, 199.
13.10000, 202.
13.11000, 191.
13.12000, 184.
13.13000, 174.
13.14000, 213.
13.15000, 182.
13.16000, 197.
13.17000, 196.
13.18000, 196.
13.19000, 197.
13.20000, 195.
13.21000, 182.
13.22000, 198.
13.23000, 196.
13.24000, 196.
13.25000, 189.
13.26000, 214.
13.27000, 224.
13.28000, 204.
13.29000, 218.
13.30000, 183.
13.31000, 212.
13.32000, 199.
13.33000, 196.
13.34000, 212.
13.35000, 242.
13.36000, 200.
13.37000, 206.
13.38000, 209.
13.39000, 204.
13.40000, 196.
13.41000, 213.
13.42000, 231.
13.43000, 211.
13.44000, 198.
13.45000, 214.
13.46000, 207.
13.47000, 199.
13.48000, 187.
13.49000, 188.
13.50000, 211.
13.51000, 212.
13.52000, 213.
13.53000, 209.
13.54000, 202.
13.55000, 227.
13.56000, 216.
13.57000, 188.
13.58000, 214.
13.59000, 225.
13.60000, 182.
13.61000, 212.
13.62000, 205.
13.63000, 208.
13.64000, 184.
13.65000, 230.
13.66000, 225.
13.67000, 232.
13.68000, 208.
13.69000, 203.
13.70000, 209.
13.71000, 214.
13.72000, 236.
13.73000, 215.
13.74000, 203.
13.75000, 201.
13.76000, 207.
13.77000, 212.
13.78000, 206.
13.79000, 179.
13.80000, 220.
13.81000, 233.
13.82000, 208.
13.83000, 207.
13.84000, 204.
13.85000, 238.
13.86000, 259.
13.87000, 270.
13.88000, 268.
13.89000, 314.
13.90000, 344.
13.91000, 349.
13.92000, 406.
13.93000, 478.
13.94000, 498.
13.95000, 533.
13.96000, 710.
13.97000, 799.
13.98000, 831.
13.99000, 955.
14.00000, 1157.
14.01000, 1350.
14.02000, 1490.
14.03000, 1644.
14.04000, 1748.
14.05000, 1924.
14.06000, 2063.
14.07000, 2179.
14.08000, 2286.
14.09000, 2438.
14.10000, 2550.
14.11000, 2586.
14.12000, 2541.
14.13000, 2640.
14.14000, 2667.
14.15000, 2513.
14.16000, 2416.
14.17000, 2350.
14.18000, 2264.
14.19000, 2123.
14.20000, 1849.
14.21000, 1744.
14.22000, 1575.
14.23000, 1416.
14.24000, 1274.
14.25000, 1147.
14.26000, 1016.
14.27000, 881.
14.28000, 786.
14.29000, 632.
14.30000, 574.
14.31000, 486.
14.32000, 447.
14.33000, 360.
14.34000, 329.
14.35000, 267.
14.36000, 273.
14.37000, 269.
14.38000, 248.
14.39000, 205.
14.40000, 198.
14.41000, 192.
14.42000, 214.
14.43000, 213.
14.44000, 198.
14.45000, 220.
14.46000, 211.
14.47000, 182.
14.48000, 204.
14.49000, 231.
14.50000, 224.
14.51000, 213.
14.52000, 186.
14.53000, 195.
14.54000, 182.
14.55000, 191.
14.56000, 213.
14.57000, 193.
14.58000, 212.
14.59000, 204.
14.60000, 190.
14.61000, 207.
14.62000, 214.
14.63000, 209.
14.64000, 210.
14.65000, 235.
14.66000, 214.
14.67000, 210.
14.68000, 201.
14.69000, 182.
14.70000, 190.
14.71000, 207.
14.72000, 205.
14.73000, 220.
14.74000, 204.
14.75000, 238.
14.76000, 220.
14.77000, 192.
14.78000, 222.
14.79000, 213.
14.80000, 225.
14.81000, 195.
14.82000, 222.
14.83000, 182.
14.84000, 226.
14.85000, 233.
14.86000, 218.
14.87000, 227.
14.88000, 214.
14.89000, 203.
14.90000, 205.
14.91000, 222.
14.92000, 200.
14.93000, 226.
14.94000, 225.
14.95000, 191.
14.96000, 215.
14.97000, 212.
14.98000, 193.
14.99000, 200.
15.00000, 221.
15.01000, 223.
15.02000, 199.
15.03000, 222.
15.04000, 188.
15.05000, 226.
15.06000, 207.
15.07000, 196.
15.08000, 200.
15.09000, 200.
15.10000, 189.
15.11000, 207.
15.12000, 217.
15.13000, 182.
15.14000, 225.
15.15000, 185.
15.16000, 187.
15.17000, 186.
15.18000, 202.
15.19000, 191.
15.20000, 203.
15.21000, 189.
15.22000, 187.
15.23000, 187.
15.24000, 211.
15.25000, 189.
15.26000, 211.
15.27000, 193.
15.28000, 205.
15.29000, 202.
15.30000, 191.
15.31000, 215.
15.32000, 179.
15.33000, 205.
15.34000, 188.
15.35000, 198.
15.36000, 181.
15.37000, 209.
15.38000, 178.
15.39000, 212.
15.40000, 188.
15.41000, 190.
15.42000, 217.
15.43000, 202.
15.44000, 193.
15.45000, 214.
15.46000, 208.
15.47000, 191.
15.48000, 209.
15.49000, 206.
15.50000, 205.
15.51000, 198.
15.52000, 182.
15.53000, 198.
15.54000, 212.
15.55000, 206.
15.56000, 222.
15.57000, 212.
15.58000, 225.
15.59000, 206.
15.60000, 233.
15.61000, 250.
15.62000, 253.
15.63000, 238.
15.64000, 287.
15.65000, 263.
15.66000, 303.
15.67000, 288.
15.68000, 310.
15.69000, 365.
15.70000, 389.
15.71000, 413.
15.72000, 421.
15.73000, 487.
15.74000, 520.
15.75000, 554.
15.76000, 557.
15.77000, 594.
15.78000, 605.
15.79000, 570.
15.80000, 617.
15.81000, 593.
15.82000, 583.
15.83000, 607.
15.84000, 592.
15.85000, 534.
15.86000, 538.
15.87000, 532.
15.88000, 509.
15.89000, 470.
15.90000, 434.
15.91000, 390.
15.92000, 432.
15.93000, 369.
15.94000, 336.
15.95000, 360.
15.96000, 287.
15.97000, 277.
15.98000, 307.
15.99000, 279.
16.00000, 270.
16.01000, 275.
16.02000, 254.
16.03000, 241.
16.04000, 267.
16.05000, 246.
16.06000, 257.
16.07000, 276.
16.08000, 244.
16.09000, 246.
16.10000, 241.
16.11000, 249.
16.12000, 231.
16.13000, 225.
16.14000, 235.
16.15000, 227.
16.16000, 202.
16.17000, 229.
16.18000, 197.
16.19000, 207.
16.20000, 181.
16.21000, 201.
16.22000, 170.
16.23000, 170.
16.24000, 176.
16.25000, 205.
16.26000, 206.
16.27000, 184.
16.28000, 186.
16.29000, 189.
16.30000, 198.
16.31000, 188.
16.32000, 166.
16.33000, 187.
16.34000, 175.
16.35000, 170.
16.36000, 183.
16.37000, 175.
16.38000, 176.
16.39000, 172.
16.40000, 175.
16.41000, 173.
16.42000, 158.
16.43000, 176.
16.44000, 178.
16.45000, 193.
16.46000, 200.
16.47000, 175.
16.48000, 193.
16.49000, 178.
16.50000, 167.
16.51000, 177.
16.52000, 167.
16.53000, 158.
16.54000, 166.
16.55000, 173.
16.56000, 187.
16.57000, 175.
16.58000, 204.
16.59000, 157.
16.60000, 181.
16.61000, 181.
16.62000, 199.
16.63000, 188.
16.64000, 200.
16.65000, 181.
16.66000, 165.
16.67000, 167.
16.68000, 155.
16.69000, 169.
16.70000, 187.
16.71000, 148.
16.72000, 210.
16.73000, 183.
16.74000, 189.
16.75000, 162.
16.76000, 179.
16.77000, 159.
16.78000, 176.
16.79000, 165.
16.80000, 179.
16.81000, 182.
16.82000, 199.
16.83000, 165.
16.84000, 185.
16.85000, 199.
16.86000, 176.
16.87000, 198.
16.88000, 206.
16.89000, 164.
16.90000, 170.
16.91000, 189.
16.92000, 169.
16.93000, 184.
16.94000, 192.
16.95000, 188.
16.96000, 192.
16.97000, 189.
16.98000, 183.
16.99000, 164.
17.00000, 192.
17.01000, 207.
17.02000, 193.
17.03000, 183.
17.04000, 170.
17.05000, 194.
17.06000, 164.
17.07000, 190.
17.08000, 201.
17.09000, 194.
17.10000, 186.
17.11000, 168.
17.12000, 188.
17.13000, 190.
17.14000, 176.
17.15000, 210.
17.16000, 200.
17.17000, 171.
17.18000, 188.
17.19000, 181.
17.20000, 167.
17.21000, 182.
17.22000, 212.
17.23000, 211.
17.24000, 202.
17.25000, 198.
17.26000, 210.
17.27000, 210.
17.28000, 203.
17.29000, 201.
17.30000, 177.
17.31000, 197.
17.32000, 201.
17.33000, 177.
17.34000, 194.
17.35000, 189.
17.36000, 194.
17.37000, 169.
17.38000, 182.
17.39000, 175.
17.40000, 182.
17.41000, 196.
17.42000, 208.
17.43000, 194.
17.44000, 186.
17.45000, 188.
17.46000, 186.
17.47000, 213.
17.48000, 222.
17.49000, 193.
17.50000, 178.
17.51000, 188.
17.52000, 231.
17.53000, 179.
17.54000, 198.
17.55000, 212.
17.56000, 204.
17.57000, 197.
17.58000, 209.
17.59000, 207.
17.60000, 202.
17.61000, 202.
17.62000, 209.
17.63000, 217.
17.64000, 204.
17.65000, 199.
17.66000, 206.
17.67000, 219.
17.68000, 210.
17.69000, 226.
17.70000, 260.
17.71000, 231.
17.72000, 262.
17.73000, 242.
17.74000, 258.
17.75000, 243.
17.76000, 233.
17.77000, 241.
17.78000, 250.
17.79000, 242.
17.80000, 247.
17.81000, 271.
17.82000, 228.
17.83000, 282.
17.84000, 253.
17.85000, 262.
17.86000, 232.
17.87000, 253.
17.88000, 235.
17.89000, 235.
17.90000, 256.
17.91000, 261.
17.92000, 268.
17.93000, 252.
17.94000, 238.
17.95000, 241.
17.96000, 272.
17.97000, 239.
17.98000, 274.
17.99000, 250.
18.00000, 222.
18.01000, 251.
18.02000, 248.
18.03000, 248.
18.04000, 270.
18.05000, 269.
18.06000, 234.
18.07000, 221.
18.08000, 262.
18.09000, 263.
18.10000, 294.
18.11000, 284.
18.12000, 253.
18.13000, 265.
18.14000, 287.
18.15000, 276.
18.16000, 276.
18.17000, 295.
18.18000, 296.
18.19000, 313.
18.20000, 259.
18.21000, 293.
18.22000, 286.
18.23000, 310.
18.24000, 312.
18.25000, 341.
18.26000, 359.
18.27000, 324.
18.28000, 305.
18.29000, 348.
18.30000, 328.
18.31000, 362.
18.32000, 414.
18.33000, 383.
18.34000, 391.
18.35000, 366.
18.36000, 387.
18.37000, 428.
18.38000, 420.
18.39000, 455.
18.40000, 426.
18.41000, 459.
18.42000, 490.
18.43000, 494.
18.44000, 444.
18.45000, 495.
18.46000, 532.
18.47000, 511.
18.48000, 485.
18.49000, 575.
18.50000, 601.
18.51000, 590.
18.52000, 642.
18.53000, 617.
18.54000, 645.
18.55000, 679.
18.56000, 695.
18.57000, 713.
18.58000, 695.
18.59000, 736.
18.60000, 746.
18.61000, 752.
18.62000, 784.
18.63000, 782.
18.64000, 781.
18.65000, 865.
18.66000, 803.
18.67000, 867.
18.68000, 912.
18.69000, 911.
18.70000, 913.
18.71000, 961.
18.72000, 939.
18.73000, 952.
18.74000, 955.
18.75000, 1016.
18.76000, 981.
18.77000, 1007.
18.78000, 982.
18.79000, 964.
18.80000, 1014.
18.81000, 1016.
18.82000, 989.
18.83000, 1001.
18.84000, 977.
18.85000, 1001.
18.86000, 1026.
18.87000, 999.
18.88000, 998.
18.89000, 972.
18.90000, 942.
18.91000, 976.
18.92000, 916.
18.93000, 1016.
18.94000, 965.
18.95000, 918.
18.96000, 923.
18.97000, 901.
18.98000, 951.
18.99000, 873.
19.00000, 813.
19.01000, 884.
19.02000, 814.
19.03000, 785.
19.04000, 832.
19.05000, 762.
19.06000, 749.
19.07000, 769.
19.08000, 713.
19.09000, 671.
19.10000, 691.
19.11000, 675.
19.12000, 644.
19.13000, 650.
19.14000, 637.
19.15000, 618.
19.16000, 623.
19.17000, 609.
19.18000, 598.
19.19000, 560.
19.20000, 540.
19.21000, 532.
19.22000, 495.
19.23000, 464.
19.24000, 492.
19.25000, 434.
19.26000, 425.
19.27000, 422.
19.28000, 418.
19.29000, 439.
19.30000, 381.
19.31000, 437.
19.32000, 392.
19.33000, 411.
19.34000, 374.
19.35000, 324.
19.36000, 382.
19.37000, 343.
19.38000, 364.
19.39000, 363.
19.40000, 331.
19.41000, 327.
19.42000, 301.
19.43000, 320.
19.44000, 311.
19.45000, 298.
19.46000, 285.
19.47000, 297.
19.48000, 295.
19.49000, 265.
19.50000, 286.
19.51000, 250.
19.52000, 274.
19.53000, 248.
19.54000, 256.
19.55000, 271.
19.56000, 290.
19.57000, 243.
19.58000, 215.
19.59000, 236.
19.60000, 280.
19.61000, 216.
19.62000, 216.
19.63000, 217.
19.64000, 236.
19.65000, 207.
19.66000, 232.
19.67000, 201.
19.68000, 242.
19.69000, 200.
19.70000, 215.
19.71000, 220.
19.72000, 220.
19.73000, 208.
19.74000, 220.
19.75000, 202.
19.76000, 189.
19.77000, 208.
19.78000, 198.
19.79000, 218.
19.80000, 245.
19.81000, 205.
19.82000, 215.
19.83000, 210.
19.84000, 237.
19.85000, 234.
19.86000, 259.
19.87000, 249.
19.88000, 271.
19.89000, 291.
19.90000, 308.
19.91000, 302.
19.92000, 338.
19.93000, 338.
19.94000, 392.
19.95000, 465.
19.96000, 448.
19.97000, 501.
19.98000, 492.
19.99000, 609.
20.00000, 581.
20.01000, 643.
20.02000, 683.
20.03000, 678.
20.04000, 689.
20.05000, 747.
20.06000, 758.
20.07000, 782.
20.08000, 806.
20.09000, 841.
20.10000, 902.
20.11000, 935.
20.12000, 882.
20.13000, 916.
20.14000, 901.
20.15000, 865.
20.16000, 971.
20.17000, 926.
20.18000, 857.
20.19000, 886.
20.20000, 870.
20.21000, 850.
20.22000, 839.
20.23000, 733.
20.24000, 699.
20.25000, 698.
20.26000, 634.
20.27000, 625.
20.28000, 561.
20.29000, 537.
20.30000, 434.
20.31000, 461.
20.32000, 399.
20.33000, 382.
20.34000, 309.
20.35000, 308.
20.36000, 324.
20.37000, 291.
20.38000, 255.
20.39000, 246.
20.40000, 214.
20.41000, 205.
20.42000, 188.
20.43000, 187.
20.44000, 199.
20.45000, 177.
20.46000, 163.
20.47000, 182.
20.48000, 181.
20.49000, 150.
20.50000, 153.
20.51000, 169.
20.52000, 182.
20.53000, 157.
20.54000, 169.
20.55000, 189.
20.56000, 186.
20.57000, 176.
20.58000, 185.
20.59000, 188.
20.60000, 197.
20.61000, 168.
20.62000, 178.
20.63000, 187.
20.64000, 181.
20.65000, 203.
20.66000, 192.
20.67000, 223.
20.68000, 196.
20.69000, 221.
20.70000, 199.
20.71000, 195.
20.72000, 204.
20.73000, 220.
20.74000, 189.
20.75000, 231.
20.76000, 209.
20.77000, 247.
20.78000, 251.
20.79000, 258.
20.80000, 243.
20.81000, 240.
20.82000, 235.
20.83000, 245.
20.84000, 251.
20.85000, 252.
20.86000, 258.
20.87000, 259.
20.88000, 270.
20.89000, 260.
20.90000, 289.
20.91000, 229.
20.92000, 301.
20.93000, 254.
20.94000, 270.
20.95000, 288.
20.96000, 253.
20.97000, 304.
20.98000, 250.
20.99000, 304.
21.00000, 294.
21.01000, 274.
21.02000, 291.
21.03000, 277.
21.04000, 280.
21.05000, 293.
21.06000, 276.
21.07000, 270.
21.08000, 270.
21.09000, 280.
21.10000, 277.
21.11000, 309.
21.12000, 293.
21.13000, 281.
21.14000, 270.
21.15000, 250.
21.16000, 252.
21.17000, 276.
21.18000, 252.
21.19000, 243.
21.20000, 266.
21.21000, 275.
21.22000, 247.
21.23000, 247.
21.24000, 257.
21.25000, 234.
21.26000, 239.
21.27000, 228.
21.28000, 225.
21.29000, 206.
21.30000, 228.
21.31000, 254.
21.32000, 233.
21.33000, 217.
21.34000, 241.
21.35000, 222.
21.36000, 216.
21.37000, 211.
21.38000, 217.
21.39000, 217.
21.40000, 212.
21.41000, 192.
21.42000, 207.
21.43000, 189.
21.44000, 218.
21.45000, 187.
21.46000, 215.
21.47000, 203.
21.48000, 186.
21.49000, 178.
21.50000, 198.
21.51000, 188.
21.52000, 189.
21.53000, 157.
21.54000, 163.
21.55000, 164.
21.56000, 170.
21.57000, 145.
21.58000, 164.
21.59000, 179.
21.60000, 163.
21.61000, 158.
21.62000, 159.
21.63000, 150.
21.64000, 164.
21.65000, 184.
21.66000, 150.
21.67000, 153.
21.68000, 154.
21.69000, 141.
21.70000, 130.
21.71000, 147.
21.72000, 161.
21.73000, 158.
21.74000, 149.
21.75000, 142.
21.76000, 138.
21.77000, 142.
21.78000, 147.
21.79000, 125.
21.80000, 129.
21.81000, 157.
21.82000, 121.
21.83000, 138.
21.84000, 146.
21.85000, 123.
21.86000, 109.
21.87000, 130.
21.88000, 123.
21.89000, 125.
21.90000, 138.
21.91000, 133.
21.92000, 113.
21.93000, 129.
21.94000, 121.
21.95000, 124.
21.96000, 114.
21.97000, 109.
21.98000, 104.
21.99000, 125.
22.00000, 117.
22.01000, 112.
22.02000, 129.
22.03000, 103.
22.04000, 116.
22.05000, 119.
22.06000, 134.
22.07000, 106.
22.08000, 115.
22.09000, 99.
22.10000, 104.
22.11000, 128.
22.12000, 126.
22.13000, 119.
22.14000, 106.
22.15000, 120.
22.16000, 119.
22.17000, 120.
22.18000, 113.
22.19000, 121.
22.20000, 113.
22.21000, 122.
22.22000, 109.
22.23000, 135.
22.24000, 114.
22.25000, 101.
22.26000, 116.
22.27000, 110.
22.28000, 103.
22.29000, 127.
22.30000, 117.
22.31000, 98.
22.32000, 113.
22.33000, 96.
22.34000, 116.
22.35000, 113.
22.36000, 115.
22.37000, 77.
22.38000, 124.
22.39000, 102.
22.40000, 121.
22.41000, 109.
22.42000, 119.
22.43000, 119.
22.44000, 113.
22.45000, 116.
22.46000, 104.
22.47000, 108.
22.48000, 111.
22.49000, 123.
22.50000, 142.
22.51000, 130.
22.52000, 140.
22.53000, 176.
22.54000, 172.
22.55000, 158.
22.56000, 183.
22.57000, 178.
22.58000, 179.
22.59000, 185.
22.60000, 203.
22.61000, 189.
22.62000, 206.
22.63000, 189.
22.64000, 204.
22.65000, 207.
22.66000, 237.
22.67000, 213.
22.68000, 190.
22.69000, 233.
22.70000, 234.
22.71000, 213.
22.72000, 201.
22.73000, 190.
22.74000, 208.
22.75000, 198.
22.76000, 193.
22.77000, 175.
22.78000, 174.
22.79000, 166.
22.80000, 155.
22.81000, 159.
22.82000, 142.
22.83000, 122.
22.84000, 143.
22.85000, 142.
22.86000, 118.
22.87000, 143.
22.88000, 115.
22.89000, 103.
22.90000, 105.
22.91000, 116.
22.92000, 108.
22.93000, 111.
22.94000, 80.
22.95000, 95.
22.96000, 101.
22.97000, 116.
22.98000, 107.
22.99000, 87.
23.00000, 94.
23.01000, 95.
23.02000, 109.
23.03000, 117.
23.04000, 103.
23.05000, 103.
23.06000, 113.
23.07000, 108.
23.08000, 104.
23.09000, 114.
23.10000, 115.
23.11000, 101.
23.12000, 83.
23.13000, 128.
23.14000, 109.
23.15000, 105.
23.16000, 98.
23.17000, 116.
23.18000, 96.
23.19000, 88.
23.20000, 106.
23.21000, 94.
23.22000, 114.
23.23000, 112.
23.24000, 86.
23.25000, 102.
23.26000, 102.
23.27000, 98.
23.28000, 92.
23.29000, 101.
23.30000, 116.
23.31000, 64.
23.32000, 77.
23.33000, 91.
23.34000, 99.
23.35000, 102.
23.36000, 90.
23.37000, 104.
23.38000, 84.
23.39000, 92.
23.40000, 64.
23.41000, 88.
23.42000, 66.
23.43000, 83.
23.44000, 60.
23.45000, 84.
23.46000, 88.
23.47000, 89.
23.48000, 76.
23.49000, 87.
23.50000, 87.
23.51000, 84.
23.52000, 86.
23.53000, 73.
23.54000, 68.
23.55000, 93.
23.56000, 88.
23.57000, 76.
23.58000, 95.
23.59000, 94.
23.60000, 81.
23.61000, 81.
23.62000, 74.
23.63000, 87.
23.64000, 84.
23.65000, 94.
23.66000, 92.
23.67000, 100.
23.68000, 76.
23.69000, 80.
23.70000, 93.
23.71000, 71.
23.72000, 76.
23.73000, 85.
23.74000, 81.
23.75000, 82.
23.76000, 104.
23.77000, 73.
23.78000, 85.
23.79000, 87.
23.80000, 72.
23.81000, 83.
23.82000, 93.
23.83000, 75.
23.84000, 89.
23.85000, 83.
23.86000, 80.
23.87000, 90.
23.88000, 93.
23.89000, 83.
23.90000, 83.
23.91000, 101.
23.92000, 90.
23.93000, 102.
23.94000, 97.
23.95000, 86.
23.96000, 90.
23.97000, 91.
23.98000, 87.
23.99000, 81.
24.00000, 77.
24.01000, 73.
24.02000, 93.
24.03000, 92.
24.04000, 93.
24.05000, 69.
24.06000, 92.
24.07000, 74.
24.08000, 74.
24.09000, 83.
24.10000, 77.
24.11000, 71.
24.12000, 81.
24.13000, 74.
24.14000, 84.
24.15000, 81.
24.16000, 92.
24.17000, 69.
24.18000, 80.
24.19000, 85.
24.20000, 85.
24.21000, 61.
24.22000, 65.
24.23000, 85.
24.24000, 78.
24.25000, 79.
24.26000, 81.
24.27000, 81.
24.28000, 86.
24.29000, 81.
24.30000, 87.
24.31000, 91.
24.32000, 84.
24.33000, 78.
24.34000, 79.
24.35000, 60.
24.36000, 61.
24.37000, 87.
24.38000, 87.
24.39000, 80.
24.40000, 63.
24.41000, 82.
24.42000, 81.
24.43000, 66.
24.44000, 96.
24.45000, 73.
24.46000, 78.
24.47000, 84.
24.48000, 74.
24.49000, 73.
24.50000, 65.
24.51000, 80.
24.52000, 74.
24.53000, 70.
24.54000, 88.
24.55000, 95.
24.56000, 81.
24.57000, 75.
24.58000, 73.
24.59000, 101.
24.60000, 72.
24.61000, 85.
24.62000, 81.
24.63000, 72.
24.64000, 70.
24.65000, 101.
24.66000, 75.
24.67000, 93.
24.68000, 87.
24.69000, 73.
24.70000, 91.
24.71000, 77.
24.72000, 75.
24.73000, 73.
24.74000, 79.
24.75000, 86.
24.76000, 68.
24.77000, 65.
24.78000, 69.
24.79000, 84.
24.80000, 84.
24.81000, 90.
24.82000, 71.
24.83000, 86.
24.84000, 73.
24.85000, 86.
24.86000, 77.
24.87000, 62.
24.88000, 68.
24.89000, 77.
24.90000, 90.
24.91000, 92.
24.92000, 86.
24.93000, 79.
24.94000, 77.
24.95000, 69.
24.96000, 73.
24.97000, 69.
24.98000, 68.
24.99000, 73.
25.00000, 83.
25.01000, 69.
25.02000, 66.
25.03000, 73.
25.04000, 81.
25.05000, 79.
25.06000, 92.
25.07000, 82.
25.08000, 89.
25.09000, 84.
25.10000, 96.
25.11000, 69.
25.12000, 84.
25.13000, 80.
25.14000, 76.
25.15000, 77.
25.16000, 76.
25.17000, 86.
25.18000, 85.
25.19000, 76.
25.20000, 80.
25.21000, 78.
25.22000, 71.
25.23000, 78.
25.24000, 70.
25.25000, 89.
25.26000, 89.
25.27000, 90.
25.28000, 82.
25.29000, 61.
25.30000, 86.
25.31000, 99.
25.32000, 100.
25.33000, 73.
25.34000, 84.
25.35000, 80.
25.36000, 76.
25.37000, 73.
25.38000, 67.
25.39000, 83.
25.40000, 81.
25.41000, 68.
25.42000, 73.
25.43000, 71.
25.44000, 79.
25.45000, 72.
25.46000, 78.
25.47000, 61.
25.48000, 67.
25.49000, 84.
25.50000, 77.
25.51000, 74.
25.52000, 85.
25.53000, 69.
25.54000, 59.
25.55000, 54.
25.56000, 56.
25.57000, 71.
25.58000, 69.
25.59000, 70.
25.60000, 81.
25.61000, 69.
25.62000, 64.
25.63000, 73.
25.64000, 66.
25.65000, 65.
25.66000, 70.
25.67000, 71.
25.68000, 77.
25.69000, 71.
25.70000, 65.
25.71000, 72.
25.72000, 93.
25.73000, 78.
25.74000, 74.
25.75000, 74.
25.76000, 90.
25.77000, 74.
25.78000, 73.
25.79000, 57.
25.80000, 72.
25.81000, 63.
25.82000, 69.
25.83000, 73.
25.84000, 66.
25.85000, 76.
25.86000, 72.
25.87000, 76.
25.88000, 56.
25.89000, 75.
25.90000, 79.
25.91000, 74.
25.92000, 75.
25.93000, 68.
25.94000, 78.
25.95000, 67.
25.96000, 57.
25.97000, 66.
25.98000, 69.
25.99000, 74.
26.00000, 75.
26.01000, 75.
26.02000, 70.
26.03000, 76.
26.04000, 65.
26.05000, 74.
26.06000, 65.
26.07000, 68.
26.08000, 65.
26.09000, 73.
26.10000, 62.
26.11000, 50.
26.12000, 65.
26.13000, 71.
26.14000, 63.
26.15000, 58.
26.16000, 67.
26.17000, 60.
26.18000, 51.
26.19000, 73.
26.20000, 68.
26.21000, 76.
26.22000, 77.
26.23000, 75.
26.24000, 86.
26.25000, 64.
26.26000, 60.
26.27000, 77.
26.28000, 65.
26.29000, 68.
26.30000, 71.
26.31000, 55.
26.32000, 54.
26.33000, 62.
26.34000, 68.
26.35000, 63.
26.36000, 80.
26.37000, 57.
26.38000, 61.
26.39000, 57.
26.40000, 58.
26.41000, 57.
26.42000, 79.
26.43000, 71.
26.44000, 77.
26.45000, 62.
26.46000, 72.
26.47000, 55.
26.48000, 79.
26.49000, 74.
26.50000, 53.
26.51000, 84.
26.52000, 74.
26.53000, 62.
26.54000, 59.
26.55000, 71.
26.56000, 58.
26.57000, 72.
26.58000, 72.
26.59000, 42.
26.60000, 60.
26.61000, 75.
26.62000, 61.
26.63000, 62.
26.64000, 59.
26.65000, 64.
26.66000, 60.
26.67000, 58.
26.68000, 65.
26.69000, 59.
26.70000, 55.
26.71000, 62.
26.72000, 64.
26.73000, 74.
26.74000, 56.
26.75000, 69.
26.76000, 75.
26.77000, 71.
26.78000, 57.
26.79000, 60.
26.80000, 53.
26.81000, 58.
26.82000, 69.
26.83000, 72.
26.84000, 58.
26.85000, 76.
26.86000, 69.
26.87000, 66.
26.88000, 41.
26.89000, 66.
26.90000, 65.
26.91000, 78.
26.92000, 75.
26.93000, 55.
26.94000, 72.
26.95000, 79.
26.96000, 71.
26.97000, 60.
26.98000, 51.
26.99000, 56.
27.00000, 74.
27.01000, 49.
27.02000, 64.
27.03000, 60.
27.04000, 64.
27.05000, 66.
27.06000, 63.
27.07000, 56.
27.08000, 60.
27.09000, 64.
27.10000, 64.
27.11000, 42.
27.12000, 56.
27.13000, 52.
27.14000, 62.
27.15000, 61.
27.16000, 64.
27.17000, 44.
27.18000, 67.
27.19000, 59.
27.20000, 68.
27.21000, 64.
27.22000, 61.
27.23000, 52.
27.24000, 59.
27.25000, 48.
27.26000, 61.
27.27000, 68.
27.28000, 67.
27.29000, 62.
27.30000, 62.
27.31000, 65.
27.32000, 62.
27.33000, 65.
27.34000, 62.
27.35000, 50.
27.36000, 56.
27.37000, 65.
27.38000, 50.
27.39000, 67.
27.40000, 53.
27.41000, 71.
27.42000, 69.
27.43000, 58.
27.44000, 56.
27.45000, 75.
27.46000, 59.
27.47000, 61.
27.48000, 63.
27.49000, 79.
27.50000, 73.
27.51000, 63.
27.52000, 64.
27.53000, 52.
27.54000, 57.
27.55000, 64.
27.56000, 53.
27.57000, 60.
27.58000, 60.
27.59000, 71.
27.60000, 69.
27.61000, 62.
27.62000, 64.
27.63000, 46.
27.64000, 53.
27.65000, 68.
27.66000, 45.
27.67000, 55.
27.68000, 48.
27.69000, 65.
27.70000, 60.
27.71000, 57.
27.72000, 55.
27.73000, 60.
27.74000, 55.
27.75000, 51.
27.76000, 57.
27.77000, 46.
27.78000, 61.
27.79000, 58.
27.80000, 49.
27.81000, 67.
27.82000, 65.
27.83000, 55.
27.84000, 55.
27.85000, 47.
27.86000, 54.
27.87000, 62.
27.88000, 62.
27.89000, 54.
27.90000, 54.
27.91000, 49.
27.92000, 65.
27.93000, 52.
27.94000, 46.
27.95000, 60.
27.96000, 56.
27.97000, 54.
27.98000, 46.
27.99000, 57.
28.00000, 62.
28.01000, 55.
28.02000, 69.
28.03000, 58.
28.04000, 54.
28.05000, 48.
28.06000, 52.
28.07000, 43.
28.08000, 50.
28.09000, 70.
28.10000, 51.
28.11000, 59.
28.12000, 62.
28.13000, 60.
28.14000, 53.
28.15000, 55.
28.16000, 69.
28.17000, 48.
28.18000, 47.
28.19000, 49.
28.20000, 51.
28.21000, 49.
28.22000, 58.
28.23000, 63.
28.24000, 53.
28.25000, 56.
28.26000, 60.
28.27000, 58.
28.28000, 49.
28.29000, 44.
28.30000, 61.
28.31000, 55.
28.32000, 67.
28.33000, 50.
28.34000, 56.
28.35000, 60.
28.36000, 65.
28.37000, 65.
28.38000, 69.
28.39000, 46.
28.40000, 41.
28.41000, 65.
28.42000, 65.
28.43000, 62.
28.44000, 48.
28.45000, 56.
28.46000, 60.
28.47000, 59.
28.48000, 48.
28.49000, 53.
28.50000, 45.
28.51000, 59.
28.52000, 76.
28.53000, 45.
28.54000, 57.
28.55000, 49.
28.56000, 55.
28.57000, 52.
28.58000, 56.
28.59000, 53.
28.60000, 40.
28.61000, 56.
28.62000, 64.
28.63000, 44.
28.64000, 66.
28.65000, 50.
28.66000, 50.
28.67000, 57.
28.68000, 58.
28.69000, 58.
28.70000, 45.
28.71000, 47.
28.72000, 54.
28.73000, 56.
28.74000, 63.
28.75000, 54.
28.76000, 54.
28.77000, 42.
28.78000, 50.
28.79000, 43.
28.80000, 41.
28.81000, 54.
28.82000, 46.
28.83000, 48.
28.84000, 52.
28.85000, 63.
28.86000, 54.
28.87000, 44.
28.88000, 64.
28.89000, 70.
28.90000, 51.
28.91000, 51.
28.92000, 54.
28.93000, 58.
28.94000, 51.
28.95000, 47.
28.96000, 53.
28.97000, 52.
28.98000, 55.
28.99000, 46.
29.00000, 59.
29.01000, 50.
29.02000, 46.
29.03000, 54.
29.04000, 47.
29.05000, 49.
29.06000, 56.
29.07000, 51.
29.08000, 55.
29.09000, 43.
29.10000, 52.
29.11000, 37.
29.12000, 48.
29.13000, 60.
29.14000, 54.
29.15000, 55.
29.16000, 40.
29.17000, 57.
29.18000, 44.
29.19000, 54.
29.20000, 31.
29.21000, 57.
29.22000, 45.
29.23000, 41.
29.24000, 53.
29.25000, 44.
29.26000, 48.
29.27000, 40.
29.28000, 47.
29.29000, 51.
29.30000, 42.
29.31000, 57.
29.32000, 49.
29.33000, 52.
29.34000, 50.
29.35000, 49.
29.36000, 43.
29.37000, 46.
29.38000, 50.
29.39000, 45.
29.40000, 54.
29.41000, 45.
29.42000, 51.
29.43000, 55.
29.44000, 54.
29.45000, 41.
29.46000, 52.
29.47000, 50.
29.48000, 39.
29.49000, 49.
29.50000, 51.
29.51000, 33.
29.52000, 32.
29.53000, 35.
29.54000, 42.
29.55000, 43.
29.56000, 59.
29.57000, 57.
29.58000, 42.
29.59000, 49.
29.60000, 45.
29.61000, 51.
29.62000, 43.
29.63000, 55.
29.64000, 43.
29.65000, 52.
29.66000, 52.
29.67000, 49.
29.68000, 58.
29.69000, 51.
29.70000, 45.
29.71000, 53.
29.72000, 52.
29.73000, 42.
29.74000, 44.
29.75000, 45.
29.76000, 45.
29.77000, 56.
29.78000, 48.
29.79000, 39.
29.80000, 39.
29.81000, 42.
29.82000, 50.
29.83000, 43.
29.84000, 41.
29.85000, 43.
29.86000, 34.
29.87000, 50.
29.88000, 41.
29.89000, 57.
29.90000, 53.
29.91000, 49.
29.92000, 48.
29.93000, 57.
29.94000, 41.
29.95000, 47.
29.96000, 50.
29.97000, 44.
29.98000, 39.
29.99000, 53.
30.00000, 43.
30.01000, 56.
30.02000, 52.
30.03000, 48.
30.04000, 42.
30.05000, 48.
30.06000, 46.
30.07000, 47.
30.08000, 37.
30.09000, 39.
30.10000, 46.
30.11000, 43.
30.12000, 43.
30.13000, 38.
30.14000, 49.
30.15000, 44.
30.16000, 45.
30.17000, 41.
30.18000, 52.
30.19000, 53.
30.20000, 43.
30.21000, 49.
30.22000, 39.
30.23000, 60.
30.24000, 39.
30.25000, 38.
30.26000, 37.
30.27000, 40.
30.28000, 49.
30.29000, 46.
30.30000, 52.
30.31000, 61.
30.32000, 49.
30.33000, 44.
30.34000, 45.
30.35000, 43.
30.36000, 37.
30.37000, 49.
30.38000, 42.
30.39000, 37.
30.40000, 34.
30.41000, 47.
30.42000, 52.
30.43000, 48.
30.44000, 47.
30.45000, 48.
30.46000, 31.
30.47000, 49.
30.48000, 41.
30.49000, 46.
30.50000, 51.
30.51000, 58.
30.52000, 43.
30.53000, 43.
30.54000, 41.
30.55000, 50.
30.56000, 41.
30.57000, 40.
30.58000, 41.
30.59000, 37.
30.60000, 50.
30.61000, 33.
30.62000, 41.
30.63000, 43.
30.64000, 37.
30.65000, 44.
30.66000, 38.
30.67000, 46.
30.68000, 46.
30.69000, 52.
30.70000, 49.
30.71000, 35.
30.72000, 36.
30.73000, 49.
30.74000, 35.
30.75000, 38.
30.76000, 33.
30.77000, 51.
30.78000, 39.
30.79000, 34.
30.80000, 42.
30.81000, 49.
30.82000, 49.
30.83000, 46.
30.84000, 36.
30.85000, 38.
30.86000, 46.
30.87000, 55.
30.88000, 34.
30.89000, 42.
30.90000, 49.
30.91000, 51.
30.92000, 51.
30.93000, 39.
30.94000, 52.
30.95000, 43.
30.96000, 42.
30.97000, 56.
30.98000, 38.
30.99000, 49.
31.00000, 30.
31.01000, 36.
31.02000, 59.
31.03000, 45.
31.04000, 38.
31.05000, 38.
31.06000, 55.
31.07000, 45.
31.08000, 33.
31.09000, 44.
31.10000, 43.
31.11000, 39.
31.12000, 38.
31.13000, 32.
31.14000, 48.
31.15000, 47.
31.16000, 43.
31.17000, 37.
31.18000, 48.
31.19000, 52.
31.20000, 38.
31.21000, 43.
31.22000, 37.
31.23000, 32.
31.24000, 25.
31.25000, 31.
31.26000, 28.
31.27000, 32.
31.28000, 42.
31.29000, 32.
31.30000, 39.
31.31000, 43.
31.32000, 41.
31.33000, 43.
31.34000, 33.
31.35000, 43.
31.36000, 43.
31.37000, 35.
31.38000, 44.
31.39000, 41.
31.40000, 28.
31.41000, 43.
31.42000, 46.
31.43000, 44.
31.44000, 49.
31.45000, 58.
31.46000, 42.
31.47000, 54.
31.48000, 50.
31.49000, 36.
31.50000, 52.
31.51000, 40.
31.52000, 54.
31.53000, 54.
31.54000, 66.
31.55000, 55.
31.56000, 59.
31.57000, 51.
31.58000, 86.
31.59000, 69.
31.60000, 81.
31.61000, 90.
31.62000, 72.
31.63000, 71.
31.64000, 79.
31.65000, 97.
31.66000, 87.
31.67000, 84.
31.68000, 114.
31.69000, 100.
31.70000, 122.
31.71000, 106.
31.72000, 96.
31.73000, 109.
31.74000, 124.
31.75000, 112.
31.76000, 121.
31.77000, 110.
31.78000, 117.
31.79000, 108.
31.80000, 114.
31.81000, 106.
31.82000, 116.
31.83000, 90.
31.84000, 118.
31.85000, 121.
31.86000, 103.
31.87000, 104.
31.88000, 94.
31.89000, 100.
31.90000, 85.
31.91000, 101.
31.92000, 97.
31.93000, 99.
31.94000, 95.
31.95000, 113.
31.96000, 107.
31.97000, 96.
31.98000, 103.
31.99000, 121.
32.00000, 133.
32.01000, 147.
32.02000, 127.
32.03000, 135.
32.04000, 138.
32.05000, 148.
32.06000, 135.
32.07000, 151.
32.08000, 160.
32.09000, 170.
32.10000, 162.
32.11000, 167.
32.12000, 146.
32.13000, 162.
32.14000, 168.
32.15000, 173.
32.16000, 162.
32.17000, 190.
32.18000, 175.
32.19000, 159.
32.20000, 140.
32.21000, 152.
32.22000, 128.
32.23000, 129.
32.24000, 134.
32.25000, 132.
32.26000, 117.
32.27000, 121.
32.28000, 84.
32.29000, 88.
32.30000, 108.
32.31000, 70.
32.32000, 83.
32.33000, 68.
32.34000, 68.
32.35000, 63.
32.36000, 53.
32.37000, 60.
32.38000, 59.
32.39000, 55.
32.40000, 46.
32.41000, 40.
32.42000, 37.
32.43000, 39.
32.44000, 44.
32.45000, 32.
32.46000, 36.
32.47000, 31.
32.48000, 38.
32.49000, 35.
32.50000, 26.
32.51000, 31.
32.52000, 36.
32.53000, 37.
32.54000, 27.
32.55000, 32.
32.56000, 43.
32.57000, 33.
32.58000, 39.
32.59000, 37.
32.60000, 36.
32.61000, 25.
32.62000, 27.
32.63000, 22.
32.64000, 35.
32.65000, 35.
32.66000, 40.
32.67000, 29.
32.68000, 36.
32.69000, 32.
32.70000, 30.
32.71000, 39.
32.72000, 26.
32.73000, 27.
32.74000, 29.
32.75000, 41.
32.76000, 31.
32.77000, 49.
32.78000, 32.
32.79000, 43.
32.80000, 35.
32.81000, 34.
32.82000, 25.
32.83000, 25.
32.84000, 35.
32.85000, 43.
32.86000, 27.
32.87000, 36.
32.88000, 40.
32.89000, 39.
32.90000, 41.
32.91000, 37.
32.92000, 30.
32.93000, 30.
32.94000, 33.
32.95000, 53.
32.96000, 43.
32.97000, 33.
32.98000, 35.
32.99000, 41.
33.00000, 51.
33.01000, 32.
33.02000, 44.
33.03000, 38.
33.04000, 38.
33.05000, 50.
33.06000, 43.
33.07000, 40.
33.08000, 34.
33.09000, 47.
33.10000, 40.
33.11000, 46.
33.12000, 32.
33.13000, 27.
33.14000, 31.
33.15000, 39.
33.16000, 27.
33.17000, 38.
33.18000, 39.
33.19000, 41.
33.20000, 50.
33.21000, 37.
33.22000, 48.
33.23000, 26.
33.24000, 32.
33.25000, 44.
33.26000, 42.
33.27000, 49.
33.28000, 31.
33.29000, 51.
33.30000, 31.
33.31000, 45.
33.32000, 38.
33.33000, 37.
33.34000, 31.
33.35000, 43.
33.36000, 47.
33.37000, 35.
33.38000, 42.
33.39000, 40.
33.40000, 41.
33.41000, 38.
33.42000, 40.
33.43000, 40.
33.44000, 37.
33.45000, 35.
33.46000, 33.
33.47000, 30.
33.48000, 36.
33.49000, 47.
33.50000, 37.
33.51000, 32.
33.52000, 41.
33.53000, 32.
33.54000, 38.
33.55000, 27.
33.56000, 28.
33.57000, 25.
33.58000, 24.
33.59000, 34.
33.60000, 34.
33.61000, 29.
33.62000, 35.
33.63000, 27.
33.64000, 37.
33.65000, 26.
33.66000, 36.
33.67000, 29.
33.68000, 29.
33.69000, 27.
33.70000, 27.
33.71000, 28.
33.72000, 27.
33.73000, 25.
33.74000, 25.
33.75000, 29.
33.76000, 24.
33.77000, 33.
33.78000, 16.
33.79000, 21.
33.80000, 29.
33.81000, 22.
33.82000, 22.
33.83000, 25.
33.84000, 30.
33.85000, 27.
33.86000, 25.
33.87000, 28.
33.88000, 27.
33.89000, 25.
33.90000, 36.
33.91000, 23.
33.92000, 19.
33.93000, 23.
33.94000, 24.
33.95000, 22.
33.96000, 29.
33.97000, 34.
33.98000, 23.
33.99000, 29.
34.00000, 26.
34.01000, 20.
34.02000, 22.
34.03000, 26.
34.04000, 22.
34.05000, 17.
34.06000, 22.
34.07000, 20.
34.08000, 36.
34.09000, 40.
34.10000, 24.
34.11000, 21.
34.12000, 37.
34.13000, 27.
34.14000, 33.
34.15000, 31.
34.16000, 32.
34.17000, 42.
34.18000, 36.
34.19000, 33.
34.20000, 35.
34.21000, 30.
34.22000, 27.
34.23000, 37.
34.24000, 33.
34.25000, 26.
34.26000, 29.
34.27000, 25.
34.28000, 23.
34.29000, 45.
34.30000, 31.
34.31000, 25.
34.32000, 25.
34.33000, 33.
34.34000, 28.
34.35000, 35.
34.36000, 33.
34.37000, 23.
34.38000, 27.
34.39000, 26.
34.40000, 26.
34.41000, 21.
34.42000, 19.
34.43000, 25.
34.44000, 30.
34.45000, 35.
34.46000, 38.
34.47000, 38.
34.48000, 29.
34.49000, 27.
34.50000, 25.
34.51000, 36.
34.52000, 33.
34.53000, 29.
34.54000, 30.
34.55000, 28.
34.56000, 27.
34.57000, 44.
34.58000, 30.
34.59000, 24.
34.60000, 40.
34.61000, 52.
34.62000, 27.
34.63000, 35.
34.64000, 35.
34.65000, 30.
34.66000, 38.
34.67000, 46.
34.68000, 43.
34.69000, 41.
34.70000, 34.
34.71000, 35.
34.72000, 32.
34.73000, 41.
34.74000, 32.
34.75000, 26.
34.76000, 36.
34.77000, 36.
34.78000, 32.
34.79000, 26.
34.80000, 25.
34.81000, 25.
34.82000, 32.
34.83000, 27.
34.84000, 17.
34.85000, 27.
34.86000, 24.
34.87000, 29.
34.88000, 23.
34.89000, 20.
34.90000, 23.
34.91000, 14.
34.92000, 22.
34.93000, 25.
34.94000, 27.
34.95000, 18.
34.96000, 20.
34.97000, 21.
34.98000, 33.
34.99000, 24.
35.00000, 24.
35.01000, 24.
35.02000, 30.
35.03000, 20.
35.04000, 22.
35.05000, 19.
35.06000, 25.
35.07000, 17.
35.08000, 19.
35.09000, 22.
35.10000, 19.
35.11000, 25.
35.12000, 25.
35.13000, 24.
35.14000, 17.
35.15000, 28.
35.16000, 17.
35.17000, 26.
35.18000, 16.
35.19000, 20.
35.20000, 19.
35.21000, 17.
35.22000, 24.
35.23000, 21.
35.24000, 14.
35.25000, 26.
35.26000, 21.
35.27000, 21.
35.28000, 27.
35.29000, 15.
35.30000, 20.
35.31000, 10.
35.32000, 25.
35.33000, 21.
35.34000, 24.
35.35000, 18.
35.36000, 20.
35.37000, 25.
35.38000, 13.
35.39000, 26.
35.40000, 15.
35.41000, 23.
35.42000, 13.
35.43000, 23.
35.44000, 21.
35.45000, 36.
35.46000, 16.
35.47000, 31.
35.48000, 23.
35.49000, 15.
35.50000, 25.
35.51000, 19.
35.52000, 14.
35.53000, 17.
35.54000, 28.
35.55000, 19.
35.56000, 12.
35.57000, 19.
35.58000, 29.
35.59000, 17.
35.60000, 13.
35.61000, 19.
35.62000, 22.
35.63000, 14.
35.64000, 21.
35.65000, 17.
35.66000, 23.
35.67000, 18.
35.68000, 19.
35.69000, 17.
35.70000, 22.
35.71000, 18.
35.72000, 19.
35.73000, 16.
35.74000, 26.
35.75000, 19.
35.76000, 18.
35.77000, 18.
35.78000, 11.
35.79000, 23.
35.80000, 21.
35.81000, 22.
35.82000, 15.
35.83000, 25.
35.84000, 24.
35.85000, 24.
35.86000, 19.
35.87000, 29.
35.88000, 22.
35.89000, 20.
35.90000, 21.
35.91000, 21.
35.92000, 19.
35.93000, 25.
35.94000, 14.
35.95000, 20.
35.96000, 24.
35.97000, 18.
35.98000, 12.
35.99000, 24.
36.00000, 18.
36.01000, 13.
36.02000, 17.
36.03000, 27.
36.04000, 20.
36.05000, 38.
36.06000, 33.
36.07000, 28.
36.08000, 23.
36.09000, 38.
36.10000, 34.
36.11000, 35.
36.12000, 34.
36.13000, 39.
36.14000, 36.
36.15000, 38.
36.16000, 40.
36.17000, 38.
36.18000, 52.
36.19000, 45.
36.20000, 35.
36.21000, 38.
36.22000, 47.
36.23000, 42.
36.24000, 43.
36.25000, 47.
36.26000, 44.
36.27000, 40.
36.28000, 48.
36.29000, 52.
36.30000, 44.
36.31000, 37.
36.32000, 29.
36.33000, 43.
36.34000, 47.
36.35000, 38.
36.36000, 52.
36.37000, 37.
36.38000, 39.
36.39000, 34.
36.40000, 42.
36.41000, 29.
36.42000, 26.
36.43000, 34.
36.44000, 35.
36.45000, 27.
36.46000, 44.
36.47000, 24.
36.48000, 24.
36.49000, 24.
36.50000, 28.
36.51000, 27.
36.52000, 34.
36.53000, 18.
36.54000, 24.
36.55000, 28.
36.56000, 20.
36.57000, 14.
36.58000, 11.
36.59000, 23.
36.60000, 21.
36.61000, 10.
36.62000, 14.
36.63000, 12.
36.64000, 21.
36.65000, 18.
36.66000, 11.
36.67000, 15.
36.68000, 15.
36.69000, 16.
36.70000, 25.
36.71000, 23.
36.72000, 9.
36.73000, 15.
36.74000, 22.
36.75000, 19.
36.76000, 9.
36.77000, 19.
36.78000, 13.
36.79000, 13.
36.80000, 15.
36.81000, 17.
36.82000, 14.
36.83000, 10.
36.84000, 18.
36.85000, 19.
36.86000, 16.
36.87000, 21.
36.88000, 16.
36.89000, 15.
36.90000, 19.
36.91000, 20.
36.92000, 14.
36.93000, 15.
36.94000, 21.
36.95000, 18.
36.96000, 16.
36.97000, 18.
36.98000, 14.
36.99000, 17.
37.00000, 14.
37.01000, 19.
37.02000, 24.
37.03000, 21.
37.04000, 15.
37.05000, 29.
37.06000, 12.
37.07000, 13.
37.08000, 13.
37.09000, 15.
37.10000, 17.
37.11000, 21.
37.12000, 14.
37.13000, 23.
37.14000, 19.
37.15000, 26.
37.16000, 20.
37.17000, 21.
37.18000, 22.
37.19000, 19.
37.20000, 23.
37.21000, 17.
37.22000, 25.
37.23000, 19.
37.24000, 15.
37.25000, 14.
37.26000, 26.
37.27000, 21.
37.28000, 31.
37.29000, 25.
37.30000, 24.
37.31000, 16.
37.32000, 17.
37.33000, 12.
37.34000, 14.
37.35000, 20.
37.36000, 25.
37.37000, 19.
37.38000, 20.
37.39000, 16.
37.40000, 15.
37.41000, 13.
37.42000, 21.
37.43000, 14.
37.44000, 8.
37.45000, 17.
37.46000, 14.
37.47000, 18.
37.48000, 10.
37.49000, 10.
37.50000, 25.
37.51000, 17.
37.52000, 18.
37.53000, 12.
37.54000, 6.
37.55000, 23.
37.56000, 13.
37.57000, 12.
37.58000, 12.
37.59000, 20.
37.60000, 9.
37.61000, 14.
37.62000, 19.
37.63000, 19.
37.64000, 18.
37.65000, 15.
37.66000, 9.
37.67000, 14.
37.68000, 25.
37.69000, 16.
37.70000, 19.
37.71000, 10.
37.72000, 8.
37.73000, 12.
37.74000, 14.
37.75000, 18.
37.76000, 19.
37.77000, 18.
37.78000, 10.
37.79000, 14.
37.80000, 11.
37.81000, 10.
37.82000, 17.
37.83000, 16.
37.84000, 9.
37.85000, 9.
37.86000, 12.
37.87000, 13.
37.88000, 10.
37.89000, 8.
37.90000, 9.
37.91000, 13.
37.92000, 14.
37.93000, 11.
37.94000, 10.
37.95000, 11.
37.96000, 7.
37.97000, 12.
37.98000, 9.
37.99000, 17.
38.00000, 14.
38.01000, 8.
38.02000, 7.
38.03000, 9.
38.04000, 7.
38.05000, 13.
38.06000, 18.
38.07000, 8.
38.08000, 9.
38.09000, 8.
38.10000, 8.
38.11000, 18.
38.12000, 13.
38.13000, 11.
38.14000, 12.
38.15000, 8.
38.16000, 7.
38.17000, 10.
38.18000, 13.
38.19000, 13.
38.20000, 15.
38.21000, 14.
38.22000, 7.
38.23000, 10.
38.24000, 19.
38.25000, 6.
38.26000, 14.
38.27000, 14.
38.28000, 10.
38.29000, 14.
38.30000, 9.
38.31000, 12.
38.32000, 11.
38.33000, 14.
38.34000, 7.
38.35000, 9.
38.36000, 7.
38.37000, 12.
38.38000, 10.
38.39000, 9.
38.40000, 10.
38.41000, 11.
38.42000, 9.
38.43000, 17.
38.44000, 6.
38.45000, 11.
38.46000, 13.
38.47000, 4.
38.48000, 12.
38.49000, 9.
38.50000, 15.
38.51000, 10.
38.52000, 9.
38.53000, 9.
38.54000, 7.
38.55000, 11.
38.56000, 11.
38.57000, 8.
38.58000, 11.
38.59000, 10.
38.60000, 16.
38.61000, 11.
38.62000, 10.
38.63000, 10.
38.64000, 13.
38.65000, 13.
38.66000, 15.
38.67000, 13.
38.68000, 17.
38.69000, 14.
38.70000, 12.
38.71000, 13.
38.72000, 4.
38.73000, 13.
38.74000, 13.
38.75000, 14.
38.76000, 10.
38.77000, 11.
38.78000, 10.
38.79000, 12.
38.80000, 11.
38.81000, 10.
38.82000, 12.
38.83000, 9.
38.84000, 12.
38.85000, 4.
38.86000, 7.
38.87000, 7.
38.88000, 14.
38.89000, 9.
38.90000, 9.
38.91000, 10.
38.92000, 8.
38.93000, 6.
38.94000, 7.
38.95000, 9.
38.96000, 17.
38.97000, 8.
38.98000, 7.
38.99000, 12.
39.00000, 7.
39.01000, 6.
39.02000, 8.
39.03000, 6.
39.04000, 11.
39.05000, 13.
39.06000, 17.
39.07000, 14.
39.08000, 19.
39.09000, 14.
39.10000, 13.
39.11000, 10.
39.12000, 13.
39.13000, 10.
39.14000, 15.
39.15000, 13.
39.16000, 12.
39.17000, 6.
39.18000, 4.
39.19000, 11.
39.20000, 7.
39.21000, 6.
39.22000, 6.
39.23000, 4.
39.24000, 9.
39.25000, 10.
39.26000, 8.
39.27000, 12.
39.28000, 13.
39.29000, 6.
39.30000, 6.
39.31000, 6.
39.32000, 9.
39.33000, 7.
39.34000, 7.
39.35000, 6.
39.36000, 10.
39.37000, 10.
39.38000, 7.
39.39000, 10.
39.40000, 9.
39.41000, 9.
39.42000, 7.
39.43000, 13.
39.44000, 5.
39.45000, 6.
39.46000, 5.
39.47000, 5.
39.48000, 10.
39.49000, 11.
39.50000, 3.
39.51000, 4.
39.52000, 4.
39.53000, 8.
39.54000, 9.
39.55000, 8.
39.56000, 10.
39.57000, 7.
39.58000, 7.
39.59000, 11.
39.60000, 4.
39.61000, 4.
39.62000, 9.
39.63000, 3.
39.64000, 4.
39.65000, 8.
39.66000, 6.
39.67000, 6.
39.68000, 6.
39.69000, 12.
39.70000, 9.
39.71000, 6.
39.72000, 5.
39.73000, 8.
39.74000, 8.
39.75000, 6.
39.76000, 6.
39.77000, 5.
39.78000, 7.
39.79000, 7.
39.80000, 8.
39.81000, 6.
39.82000, 8.
39.83000, 7.
39.84000, 7.
39.85000, 3.
39.86000, 4.
39.87000, 4.
39.88000, 8.
39.89000, 12.
39.90000, 6.
39.91000, 10.
39.92000, 6.
39.93000, 8.
39.94000, 6.
39.95000, 6.
39.96000, 7.
39.97000, 13.
39.98000, 4.
39.99000, 6.
40.00000, 10.
40.01000, 8.
40.02000, 12.
40.03000, 8.
40.04000, 12.
40.05000, 6.
40.06000, 13.
40.07000, 6.
40.08000, 8.
40.09000, 3.
40.10000, 7.
40.11000, 10.
40.12000, 7.
40.13000, 3.
40.14000, 6.
40.15000, 4.
40.16000, 6.
40.17000, 9.
40.18000, 7.
40.19000, 6.
40.20000, 5.
40.21000, 5.
40.22000, 11.
40.23000, 10.
40.24000, 5.
40.25000, 10.
40.26000, 9.
40.27000, 3.
40.28000, 2.
40.29000, 9.
40.30000, 9.
40.31000, 4.
40.32000, 6.
40.33000, 4.
40.34000, 8.
40.35000, 7.
40.36000, 6.
40.37000, 7.
40.38000, 5.
40.39000, 2.
40.40000, 6.
40.41000, 4.
40.42000, 4.
40.43000, 8.
40.44000, 4.
40.45000, 7.
40.46000, 6.
40.47000, 3.
40.48000, 4.
40.49000, 5.
40.50000, 9.
40.51000, 2.
40.52000, 6.
40.53000, 6.
40.54000, 5.
40.55000, 0.
#ENDOFDATA   : 
