#FORMAT      : EMSA/MAS Spectral Data File
#VERSION     : 1.0
#TITLE       : oreas 466 3
#DATE        : 10-AUG-2026
#TIME        : 12:57
#OWNER       : XGT7200
#NPOINTS     : 4096.
#NCOLUMNS    : 1.
#XUNITS      : keV
#YUNITS      : counts
#DATATYPE    : XY
#XPERCHAN    : 0.0100000
#OFFSET      : -0.400000
#SIGNALTYPE  : EDS
#CHOFFSET    : 40.0000
#LIVETIME    : 30.000000
#REALTIME    : 39.663304
#BEAMKV      : 50.0000
#PROBECUR    : 570000.
#MAGCAM      : 100.000
#XTILTSTGE   : 0.0
#AZIMANGLE   : 0.0
#ELEVANGLE   : 45.0
#XPOSITION mm: 0.0000
#YPOSITION mm: 0.0000
#ZPOSITION mm: 0.0000
##OXINSTPT   : 4
##OXINSTSTROB: 72.13
##OXINSTELEMS: 13,14,19,20,22,26,33,37,38,40
##OXINSTLABEL: 13, 1.487, Al
##OXINSTLABEL: 26, 6.404, Fe
##OXINSTLABEL: 26, 7.058, Fe
##OXINSTLABEL: 26, 0.705, Fe
##OXINSTLABEL: 26, 0.628, Fe
##OXINSTLABEL: 14, 1.740, Si
##OXINSTLABEL: 33, 10.544, As
##OXINSTLABEL: 33, 11.726, As
##OXINSTLABEL: 33, 1.282, As
##OXINSTLABEL: 33, 1.155, As
##OXINSTLABEL: 33, 1.120, As
##OXINSTLABEL: 22, 4.511, Ti
##OXINSTLABEL: 22, 4.932, Ti
##OXINSTLABEL: 22, 0.452, Ti
##OXINSTLABEL: 22, 0.401, Ti
##OXINSTLABEL: 19, 3.314, K
##OXINSTLABEL: 19, 3.590, K
##OXINSTLABEL: 19, 0.262, K
##OXINSTLABEL: 40, 15.775, Zr
##OXINSTLABEL: 40, 17.668, Zr
##OXINSTLABEL: 40, 17.970, Zr
##OXINSTLABEL: 40, 2.042, Zr
##OXINSTLABEL: 40, 1.877, Zr
##OXINSTLABEL: 40, 2.503, Zr
##OXINSTLABEL: 40, 1.792, Zr
##OXINSTLABEL: 37, 13.396, Rb
##OXINSTLABEL: 37, 14.962, Rb
##OXINSTLABEL: 37, 1.694, Rb
##OXINSTLABEL: 37, 1.542, Rb
##OXINSTLABEL: 37, 1.482, Rb
##OXINSTLABEL: 38, 14.165, Sr
##OXINSTLABEL: 38, 15.836, Sr
##OXINSTLABEL: 38, 16.085, Sr
##OXINSTLABEL: 38, 1.807, Sr
##OXINSTLABEL: 38, 1.649, Sr
##OXINSTLABEL: 38, 1.582, Sr
##OXINSTLABEL: 20, 3.692, Ca
##OXINSTLABEL: 20, 4.013, Ca
##OXINSTLABEL: 20, 0.341, Ca
##OXINSTLABEL: 20, 0.306, Ca
#SPECTRUM    : Spectral Data Starts Here
-0.40000, 0.
-0.39000, 0.
-0.38000, 0.
-0.37000, 0.
-0.36000, 0.
-0.35000, 0.
-0.34000, 0.
-0.33000, 0.
-0.32000, 0.
-0.31000, 0.
-0.30000, 0.
-0.29000, 0.
-0.28000, 0.
-0.27000, 0.
-0.26000, 0.
-0.25000, 0.
-0.24000, 0.
-0.23000, 0.
-0.22000, 0.
-0.21000, 0.
-0.20000, 0.
-0.19000, 0.
-0.18000, 0.
-0.17000, 0.
-0.16000, 0.
-0.15000, 0.
-0.14000, 0.
-0.13000, 0.
-0.12000, 0.
-0.11000, 0.
-0.10000, 0.
-0.09000, 0.
-0.08000, 0.
-0.07000, 0.
-0.06000, 0.
-0.05000, 0.
-0.04000, 0.
-0.03000, 0.
-0.02000, 0.
-0.01000, 0.
0.00000, 0.
0.01000, 0.
0.02000, 0.
0.03000, 0.
0.04000, 0.
0.05000, 0.
0.06000, 0.
0.07000, 0.
0.08000, 0.
0.09000, 0.
0.10000, 0.
0.11000, 0.
0.12000, 0.
0.13000, 0.
0.14000, 0.
0.15000, 0.
0.16000, 0.
0.17000, 0.
0.18000, 0.
0.19000, 0.
0.20000, 0.
0.21000, 0.
0.22000, 0.
0.23000, 0.
0.24000, 0.
0.25000, 0.
0.26000, 0.
0.27000, 0.
0.28000, 0.
0.29000, 0.
0.30000, 0.
0.31000, 0.
0.32000, 1.
0.33000, 0.
0.34000, 4.
0.35000, 0.
0.36000, 6.
0.37000, 5.
0.38000, 8.
0.39000, 13.
0.40000, 23.
0.41000, 21.
0.42000, 29.
0.43000, 30.
0.44000, 45.
0.45000, 44.
0.46000, 35.
0.47000, 39.
0.48000, 38.
0.49000, 39.
0.50000, 37.
0.51000, 36.
0.52000, 37.
0.53000, 40.
0.54000, 50.
0.55000, 26.
0.56000, 37.
0.57000, 43.
0.58000, 47.
0.59000, 36.
0.60000, 34.
0.61000, 42.
0.62000, 35.
0.63000, 43.
0.64000, 41.
0.65000, 31.
0.66000, 31.
0.67000, 40.
0.68000, 46.
0.69000, 37.
0.70000, 30.
0.71000, 36.
0.72000, 40.
0.73000, 36.
0.74000, 42.
0.75000, 30.
0.76000, 34.
0.77000, 38.
0.78000, 38.
0.79000, 28.
0.80000, 34.
0.81000, 38.
0.82000, 47.
0.83000, 33.
0.84000, 27.
0.85000, 29.
0.86000, 26.
0.87000, 42.
0.88000, 34.
0.89000, 30.
0.90000, 54.
0.91000, 38.
0.92000, 42.
0.93000, 39.
0.94000, 43.
0.95000, 41.
0.96000, 45.
0.97000, 39.
0.98000, 41.
0.99000, 41.
1.00000, 42.
1.01000, 45.
1.02000, 37.
1.03000, 35.
1.04000, 34.
1.05000, 30.
1.06000, 32.
1.07000, 45.
1.08000, 34.
1.09000, 31.
1.10000, 36.
1.11000, 39.
1.12000, 33.
1.13000, 38.
1.14000, 41.
1.15000, 44.
1.16000, 35.
1.17000, 30.
1.18000, 35.
1.19000, 42.
1.20000, 42.
1.21000, 45.
1.22000, 49.
1.23000, 50.
1.24000, 53.
1.25000, 50.
1.26000, 47.
1.27000, 42.
1.28000, 57.
1.29000, 36.
1.30000, 39.
1.31000, 54.
1.32000, 43.
1.33000, 44.
1.34000, 48.
1.35000, 34.
1.36000, 47.
1.37000, 47.
1.38000, 57.
1.39000, 85.
1.40000, 110.
1.41000, 151.
1.42000, 229.
1.43000, 314.
1.44000, 435.
1.45000, 583.
1.46000, 651.
1.47000, 803.
1.48000, 894.
1.49000, 971.
1.50000, 932.
1.51000, 853.
1.52000, 736.
1.53000, 609.
1.54000, 523.
1.55000, 360.
1.56000, 287.
1.57000, 219.
1.58000, 164.
1.59000, 130.
1.60000, 115.
1.61000, 137.
1.62000, 161.
1.63000, 223.
1.64000, 355.
1.65000, 587.
1.66000, 947.
1.67000, 1441.
1.68000, 2091.
1.69000, 2862.
1.70000, 3817.
1.71000, 4703.
1.72000, 5623.
1.73000, 6326.
1.74000, 6724.
1.75000, 6695.
1.76000, 6502.
1.77000, 5852.
1.78000, 4983.
1.79000, 3970.
1.80000, 3140.
1.81000, 2311.
1.82000, 1620.
1.83000, 1144.
1.84000, 846.
1.85000, 593.
1.86000, 389.
1.87000, 314.
1.88000, 241.
1.89000, 175.
1.90000, 126.
1.91000, 96.
1.92000, 78.
1.93000, 60.
1.94000, 53.
1.95000, 49.
1.96000, 48.
1.97000, 38.
1.98000, 37.
1.99000, 45.
2.00000, 50.
2.01000, 46.
2.02000, 45.
2.03000, 48.
2.04000, 47.
2.05000, 30.
2.06000, 53.
2.07000, 25.
2.08000, 34.
2.09000, 31.
2.10000, 36.
2.11000, 38.
2.12000, 25.
2.13000, 31.
2.14000, 23.
2.15000, 21.
2.16000, 31.
2.17000, 24.
2.18000, 23.
2.19000, 24.
2.20000, 21.
2.21000, 29.
2.22000, 27.
2.23000, 19.
2.24000, 25.
2.25000, 33.
2.26000, 18.
2.27000, 37.
2.28000, 24.
2.29000, 25.
2.30000, 26.
2.31000, 32.
2.32000, 29.
2.33000, 29.
2.34000, 18.
2.35000, 29.
2.36000, 28.
2.37000, 27.
2.38000, 32.
2.39000, 23.
2.40000, 30.
2.41000, 47.
2.42000, 35.
2.43000, 27.
2.44000, 29.
2.45000, 24.
2.46000, 27.
2.47000, 30.
2.48000, 28.
2.49000, 27.
2.50000, 31.
2.51000, 30.
2.52000, 36.
2.53000, 28.
2.54000, 30.
2.55000, 32.
2.56000, 39.
2.57000, 51.
2.58000, 63.
2.59000, 72.
2.60000, 99.
2.61000, 135.
2.62000, 155.
2.63000, 220.
2.64000, 279.
2.65000, 322.
2.66000, 375.
2.67000, 437.
2.68000, 467.
2.69000, 490.
2.70000, 541.
2.71000, 546.
2.72000, 523.
2.73000, 404.
2.74000, 425.
2.75000, 357.
2.76000, 309.
2.77000, 272.
2.78000, 269.
2.79000, 208.
2.80000, 246.
2.81000, 253.
2.82000, 260.
2.83000, 243.
2.84000, 244.
2.85000, 263.
2.86000, 250.
2.87000, 209.
2.88000, 204.
2.89000, 176.
2.90000, 167.
2.91000, 155.
2.92000, 107.
2.93000, 119.
2.94000, 119.
2.95000, 89.
2.96000, 84.
2.97000, 83.
2.98000, 76.
2.99000, 66.
3.00000, 55.
3.01000, 46.
3.02000, 57.
3.03000, 57.
3.04000, 53.
3.05000, 44.
3.06000, 42.
3.07000, 33.
3.08000, 33.
3.09000, 26.
3.10000, 25.
3.11000, 31.
3.12000, 40.
3.13000, 28.
3.14000, 35.
3.15000, 38.
3.16000, 41.
3.17000, 47.
3.18000, 56.
3.19000, 84.
3.20000, 106.
3.21000, 130.
3.22000, 199.
3.23000, 249.
3.24000, 333.
3.25000, 455.
3.26000, 530.
3.27000, 610.
3.28000, 791.
3.29000, 832.
3.30000, 1017.
3.31000, 990.
3.32000, 1048.
3.33000, 1022.
3.34000, 925.
3.35000, 832.
3.36000, 718.
3.37000, 609.
3.38000, 459.
3.39000, 373.
3.40000, 275.
3.41000, 205.
3.42000, 164.
3.43000, 116.
3.44000, 74.
3.45000, 75.
3.46000, 59.
3.47000, 58.
3.48000, 53.
3.49000, 53.
3.50000, 60.
3.51000, 84.
3.52000, 74.
3.53000, 96.
3.54000, 125.
3.55000, 121.
3.56000, 138.
3.57000, 157.
3.58000, 159.
3.59000, 210.
3.60000, 207.
3.61000, 201.
3.62000, 161.
3.63000, 185.
3.64000, 197.
3.65000, 189.
3.66000, 172.
3.67000, 163.
3.68000, 174.
3.69000, 193.
3.70000, 183.
3.71000, 163.
3.72000, 149.
3.73000, 126.
3.74000, 91.
3.75000, 105.
3.76000, 72.
3.77000, 52.
3.78000, 50.
3.79000, 37.
3.80000, 33.
3.81000, 32.
3.82000, 28.
3.83000, 26.
3.84000, 24.
3.85000, 26.
3.86000, 15.
3.87000, 15.
3.88000, 22.
3.89000, 23.
3.90000, 25.
3.91000, 33.
3.92000, 37.
3.93000, 30.
3.94000, 27.
3.95000, 32.
3.96000, 34.
3.97000, 29.
3.98000, 45.
3.99000, 46.
4.00000, 46.
4.01000, 37.
4.02000, 51.
4.03000, 40.
4.04000, 45.
4.05000, 35.
4.06000, 37.
4.07000, 40.
4.08000, 39.
4.09000, 30.
4.10000, 36.
4.11000, 34.
4.12000, 31.
4.13000, 38.
4.14000, 20.
4.15000, 44.
4.16000, 21.
4.17000, 27.
4.18000, 24.
4.19000, 24.
4.20000, 26.
4.21000, 25.
4.22000, 30.
4.23000, 28.
4.24000, 28.
4.25000, 34.
4.26000, 41.
4.27000, 25.
4.28000, 40.
4.29000, 23.
4.30000, 24.
4.31000, 39.
4.32000, 42.
4.33000, 30.
4.34000, 36.
4.35000, 42.
4.36000, 61.
4.37000, 57.
4.38000, 81.
4.39000, 111.
4.40000, 123.
4.41000, 182.
4.42000, 232.
4.43000, 294.
4.44000, 337.
4.45000, 403.
4.46000, 505.
4.47000, 553.
4.48000, 586.
4.49000, 676.
4.50000, 690.
4.51000, 743.
4.52000, 680.
4.53000, 631.
4.54000, 577.
4.55000, 553.
4.56000, 485.
4.57000, 425.
4.58000, 375.
4.59000, 311.
4.60000, 256.
4.61000, 221.
4.62000, 160.
4.63000, 145.
4.64000, 137.
4.65000, 131.
4.66000, 108.
4.67000, 108.
4.68000, 76.
4.69000, 100.
4.70000, 72.
4.71000, 97.
4.72000, 77.
4.73000, 84.
4.74000, 75.
4.75000, 60.
4.76000, 67.
4.77000, 76.
4.78000, 67.
4.79000, 90.
4.80000, 83.
4.81000, 87.
4.82000, 103.
4.83000, 101.
4.84000, 118.
4.85000, 134.
4.86000, 150.
4.87000, 125.
4.88000, 161.
4.89000, 173.
4.90000, 160.
4.91000, 194.
4.92000, 184.
4.93000, 172.
4.94000, 180.
4.95000, 192.
4.96000, 179.
4.97000, 162.
4.98000, 149.
4.99000, 128.
5.00000, 121.
5.01000, 111.
5.02000, 117.
5.03000, 95.
5.04000, 61.
5.05000, 86.
5.06000, 76.
5.07000, 75.
5.08000, 63.
5.09000, 49.
5.10000, 67.
5.11000, 64.
5.12000, 56.
5.13000, 59.
5.14000, 60.
5.15000, 44.
5.16000, 52.
5.17000, 56.
5.18000, 65.
5.19000, 74.
5.20000, 64.
5.21000, 65.
5.22000, 78.
5.23000, 66.
5.24000, 73.
5.25000, 71.
5.26000, 80.
5.27000, 68.
5.28000, 86.
5.29000, 77.
5.30000, 64.
5.31000, 75.
5.32000, 69.
5.33000, 74.
5.34000, 87.
5.35000, 77.
5.36000, 91.
5.37000, 89.
5.38000, 102.
5.39000, 96.
5.40000, 76.
5.41000, 80.
5.42000, 101.
5.43000, 96.
5.44000, 106.
5.45000, 81.
5.46000, 96.
5.47000, 87.
5.48000, 68.
5.49000, 74.
5.50000, 63.
5.51000, 54.
5.52000, 74.
5.53000, 80.
5.54000, 71.
5.55000, 97.
5.56000, 48.
5.57000, 67.
5.58000, 62.
5.59000, 56.
5.60000, 74.
5.61000, 72.
5.62000, 66.
5.63000, 62.
5.64000, 54.
5.65000, 77.
5.66000, 61.
5.67000, 68.
5.68000, 55.
5.69000, 74.
5.70000, 65.
5.71000, 61.
5.72000, 64.
5.73000, 65.
5.74000, 69.
5.75000, 76.
5.76000, 68.
5.77000, 74.
5.78000, 68.
5.79000, 61.
5.80000, 84.
5.81000, 72.
5.82000, 77.
5.83000, 60.
5.84000, 93.
5.85000, 60.
5.86000, 76.
5.87000, 86.
5.88000, 75.
5.89000, 83.
5.90000, 86.
5.91000, 76.
5.92000, 97.
5.93000, 84.
5.94000, 104.
5.95000, 78.
5.96000, 76.
5.97000, 74.
5.98000, 78.
5.99000, 77.
6.00000, 75.
6.01000, 56.
6.02000, 76.
6.03000, 64.
6.04000, 67.
6.05000, 67.
6.06000, 77.
6.07000, 67.
6.08000, 101.
6.09000, 72.
6.10000, 84.
6.11000, 92.
6.12000, 90.
6.13000, 93.
6.14000, 91.
6.15000, 111.
6.16000, 112.
6.17000, 131.
6.18000, 172.
6.19000, 218.
6.20000, 228.
6.21000, 289.
6.22000, 415.
6.23000, 531.
6.24000, 741.
6.25000, 1043.
6.26000, 1505.
6.27000, 2048.
6.28000, 2831.
6.29000, 3770.
6.30000, 4997.
6.31000, 6200.
6.32000, 7758.
6.33000, 9356.
6.34000, 11055.
6.35000, 12614.
6.36000, 13708.
6.37000, 15002.
6.38000, 16019.
6.39000, 16526.
6.40000, 16532.
6.41000, 16310.
6.42000, 15412.
6.43000, 14319.
6.44000, 13005.
6.45000, 11565.
6.46000, 9796.
6.47000, 8321.
6.48000, 6629.
6.49000, 5473.
6.50000, 4134.
6.51000, 3160.
6.52000, 2321.
6.53000, 1661.
6.54000, 1181.
6.55000, 822.
6.56000, 641.
6.57000, 417.
6.58000, 321.
6.59000, 245.
6.60000, 191.
6.61000, 169.
6.62000, 130.
6.63000, 111.
6.64000, 110.
6.65000, 115.
6.66000, 116.
6.67000, 94.
6.68000, 116.
6.69000, 91.
6.70000, 104.
6.71000, 107.
6.72000, 115.
6.73000, 102.
6.74000, 110.
6.75000, 99.
6.76000, 139.
6.77000, 133.
6.78000, 117.
6.79000, 130.
6.80000, 133.
6.81000, 129.
6.82000, 150.
6.83000, 149.
6.84000, 168.
6.85000, 158.
6.86000, 187.
6.87000, 191.
6.88000, 224.
6.89000, 276.
6.90000, 317.
6.91000, 372.
6.92000, 437.
6.93000, 581.
6.94000, 724.
6.95000, 889.
6.96000, 1089.
6.97000, 1304.
6.98000, 1533.
6.99000, 1782.
7.00000, 1973.
7.01000, 2287.
7.02000, 2453.
7.03000, 2559.
7.04000, 2782.
7.05000, 2727.
7.06000, 2762.
7.07000, 2643.
7.08000, 2490.
7.09000, 2276.
7.10000, 2103.
7.11000, 1804.
7.12000, 1630.
7.13000, 1276.
7.14000, 1130.
7.15000, 875.
7.16000, 750.
7.17000, 574.
7.18000, 426.
7.19000, 328.
7.20000, 265.
7.21000, 215.
7.22000, 148.
7.23000, 129.
7.24000, 117.
7.25000, 112.
7.26000, 77.
7.27000, 65.
7.28000, 84.
7.29000, 67.
7.30000, 68.
7.31000, 69.
7.32000, 74.
7.33000, 82.
7.34000, 71.
7.35000, 83.
7.36000, 73.
7.37000, 81.
7.38000, 74.
7.39000, 82.
7.40000, 79.
7.41000, 90.
7.42000, 80.
7.43000, 82.
7.44000, 89.
7.45000, 90.
7.46000, 78.
7.47000, 90.
7.48000, 71.
7.49000, 74.
7.50000, 70.
7.51000, 82.
7.52000, 75.
7.53000, 74.
7.54000, 71.
7.55000, 68.
7.56000, 68.
7.57000, 76.
7.58000, 68.
7.59000, 59.
7.60000, 70.
7.61000, 66.
7.62000, 68.
7.63000, 66.
7.64000, 69.
7.65000, 67.
7.66000, 64.
7.67000, 55.
7.68000, 72.
7.69000, 84.
7.70000, 82.
7.71000, 58.
7.72000, 74.
7.73000, 74.
7.74000, 77.
7.75000, 73.
7.76000, 59.
7.77000, 88.
7.78000, 68.
7.79000, 98.
7.80000, 80.
7.81000, 75.
7.82000, 68.
7.83000, 81.
7.84000, 88.
7.85000, 78.
7.86000, 95.
7.87000, 99.
7.88000, 102.
7.89000, 112.
7.90000, 85.
7.91000, 130.
7.92000, 116.
7.93000, 106.
7.94000, 90.
7.95000, 101.
7.96000, 105.
7.97000, 128.
7.98000, 106.
7.99000, 115.
8.00000, 132.
8.01000, 127.
8.02000, 98.
8.03000, 112.
8.04000, 127.
8.05000, 134.
8.06000, 133.
8.07000, 145.
8.08000, 149.
8.09000, 129.
8.10000, 125.
8.11000, 144.
8.12000, 132.
8.13000, 154.
8.14000, 146.
8.15000, 133.
8.16000, 129.
8.17000, 147.
8.18000, 142.
8.19000, 145.
8.20000, 137.
8.21000, 135.
8.22000, 114.
8.23000, 108.
8.24000, 106.
8.25000, 77.
8.26000, 116.
8.27000, 112.
8.28000, 104.
8.29000, 114.
8.30000, 114.
8.31000, 116.
8.32000, 100.
8.33000, 114.
8.34000, 118.
8.35000, 122.
8.36000, 112.
8.37000, 109.
8.38000, 135.
8.39000, 123.
8.40000, 118.
8.41000, 120.
8.42000, 109.
8.43000, 94.
8.44000, 105.
8.45000, 113.
8.46000, 105.
8.47000, 107.
8.48000, 108.
8.49000, 102.
8.50000, 109.
8.51000, 106.
8.52000, 101.
8.53000, 100.
8.54000, 102.
8.55000, 109.
8.56000, 119.
8.57000, 125.
8.58000, 119.
8.59000, 138.
8.60000, 125.
8.61000, 126.
8.62000, 128.
8.63000, 125.
8.64000, 116.
8.65000, 119.
8.66000, 124.
8.67000, 121.
8.68000, 113.
8.69000, 140.
8.70000, 93.
8.71000, 105.
8.72000, 109.
8.73000, 117.
8.74000, 118.
8.75000, 99.
8.76000, 95.
8.77000, 89.
8.78000, 111.
8.79000, 99.
8.80000, 97.
8.81000, 115.
8.82000, 110.
8.83000, 109.
8.84000, 88.
8.85000, 107.
8.86000, 98.
8.87000, 106.
8.88000, 123.
8.89000, 96.
8.90000, 108.
8.91000, 107.
8.92000, 96.
8.93000, 114.
8.94000, 100.
8.95000, 115.
8.96000, 113.
8.97000, 107.
8.98000, 106.
8.99000, 87.
9.00000, 91.
9.01000, 135.
9.02000, 106.
9.03000, 106.
9.04000, 125.
9.05000, 96.
9.06000, 98.
9.07000, 125.
9.08000, 105.
9.09000, 108.
9.10000, 114.
9.11000, 113.
9.12000, 89.
9.13000, 117.
9.14000, 103.
9.15000, 108.
9.16000, 105.
9.17000, 128.
9.18000, 113.
9.19000, 126.
9.20000, 125.
9.21000, 124.
9.22000, 134.
9.23000, 131.
9.24000, 131.
9.25000, 126.
9.26000, 119.
9.27000, 128.
9.28000, 129.
9.29000, 171.
9.30000, 136.
9.31000, 131.
9.32000, 121.
9.33000, 112.
9.34000, 137.
9.35000, 121.
9.36000, 123.
9.37000, 117.
9.38000, 120.
9.39000, 104.
9.40000, 100.
9.41000, 105.
9.42000, 131.
9.43000, 114.
9.44000, 116.
9.45000, 103.
9.46000, 106.
9.47000, 116.
9.48000, 119.
9.49000, 117.
9.50000, 125.
9.51000, 130.
9.52000, 143.
9.53000, 119.
9.54000, 121.
9.55000, 127.
9.56000, 147.
9.57000, 135.
9.58000, 113.
9.59000, 126.
9.60000, 142.
9.61000, 137.
9.62000, 130.
9.63000, 131.
9.64000, 143.
9.65000, 140.
9.66000, 125.
9.67000, 141.
9.68000, 154.
9.69000, 128.
9.70000, 138.
9.71000, 151.
9.72000, 123.
9.73000, 126.
9.74000, 130.
9.75000, 135.
9.76000, 122.
9.77000, 111.
9.78000, 127.
9.79000, 146.
9.80000, 105.
9.81000, 112.
9.82000, 140.
9.83000, 144.
9.84000, 142.
9.85000, 133.
9.86000, 124.
9.87000, 113.
9.88000, 115.
9.89000, 135.
9.90000, 128.
9.91000, 116.
9.92000, 130.
9.93000, 141.
9.94000, 113.
9.95000, 124.
9.96000, 143.
9.97000, 140.
9.98000, 119.
9.99000, 101.
10.00000, 127.
10.01000, 119.
10.02000, 118.
10.03000, 127.
10.04000, 123.
10.05000, 126.
10.06000, 118.
10.07000, 127.
10.08000, 153.
10.09000, 121.
10.10000, 118.
10.11000, 121.
10.12000, 120.
10.13000, 133.
10.14000, 117.
10.15000, 117.
10.16000, 149.
10.17000, 119.
10.18000, 110.
10.19000, 130.
10.20000, 113.
10.21000, 117.
10.22000, 113.
10.23000, 120.
10.24000, 117.
10.25000, 108.
10.26000, 120.
10.27000, 145.
10.28000, 130.
10.29000, 120.
10.30000, 95.
10.31000, 132.
10.32000, 143.
10.33000, 135.
10.34000, 138.
10.35000, 160.
10.36000, 155.
10.37000, 189.
10.38000, 198.
10.39000, 262.
10.40000, 226.
10.41000, 252.
10.42000, 297.
10.43000, 325.
10.44000, 347.
10.45000, 369.
10.46000, 416.
10.47000, 418.
10.48000, 477.
10.49000, 503.
10.50000, 525.
10.51000, 513.
10.52000, 507.
10.53000, 501.
10.54000, 515.
10.55000, 449.
10.56000, 461.
10.57000, 423.
10.58000, 424.
10.59000, 375.
10.60000, 334.
10.61000, 352.
10.62000, 274.
10.63000, 248.
10.64000, 227.
10.65000, 235.
10.66000, 207.
10.67000, 173.
10.68000, 162.
10.69000, 136.
10.70000, 147.
10.71000, 140.
10.72000, 127.
10.73000, 148.
10.74000, 155.
10.75000, 126.
10.76000, 128.
10.77000, 125.
10.78000, 135.
10.79000, 129.
10.80000, 129.
10.81000, 138.
10.82000, 134.
10.83000, 145.
10.84000, 133.
10.85000, 143.
10.86000, 158.
10.87000, 126.
10.88000, 138.
10.89000, 147.
10.90000, 147.
10.91000, 142.
10.92000, 109.
10.93000, 130.
10.94000, 120.
10.95000, 121.
10.96000, 124.
10.97000, 128.
10.98000, 116.
10.99000, 124.
11.00000, 138.
11.01000, 116.
11.02000, 133.
11.03000, 117.
11.04000, 121.
11.05000, 120.
11.06000, 128.
11.07000, 125.
11.08000, 125.
11.09000, 109.
11.10000, 124.
11.11000, 114.
11.12000, 151.
11.13000, 125.
11.14000, 107.
11.15000, 130.
11.16000, 126.
11.17000, 112.
11.18000, 109.
11.19000, 132.
11.20000, 146.
11.21000, 129.
11.22000, 127.
11.23000, 146.
11.24000, 125.
11.25000, 158.
11.26000, 154.
11.27000, 152.
11.28000, 142.
11.29000, 127.
11.30000, 156.
11.31000, 114.
11.32000, 141.
11.33000, 133.
11.34000, 133.
11.35000, 123.
11.36000, 139.
11.37000, 138.
11.38000, 119.
11.39000, 131.
11.40000, 141.
11.41000, 130.
11.42000, 128.
11.43000, 144.
11.44000, 138.
11.45000, 125.
11.46000, 123.
11.47000, 126.
11.48000, 126.
11.49000, 121.
11.50000, 130.
11.51000, 126.
11.52000, 159.
11.53000, 138.
11.54000, 141.
11.55000, 151.
11.56000, 149.
11.57000, 163.
11.58000, 158.
11.59000, 172.
11.60000, 160.
11.61000, 181.
11.62000, 158.
11.63000, 173.
11.64000, 157.
11.65000, 179.
11.66000, 171.
11.67000, 211.
11.68000, 178.
11.69000, 215.
11.70000, 204.
11.71000, 187.
11.72000, 184.
11.73000, 189.
11.74000, 213.
11.75000, 192.
11.76000, 200.
11.77000, 184.
11.78000, 194.
11.79000, 186.
11.80000, 158.
11.81000, 160.
11.82000, 163.
11.83000, 141.
11.84000, 165.
11.85000, 142.
11.86000, 121.
11.87000, 157.
11.88000, 134.
11.89000, 147.
11.90000, 122.
11.91000, 131.
11.92000, 113.
11.93000, 124.
11.94000, 158.
11.95000, 148.
11.96000, 139.
11.97000, 129.
11.98000, 127.
11.99000, 125.
12.00000, 143.
12.01000, 154.
12.02000, 142.
12.03000, 114.
12.04000, 144.
12.05000, 143.
12.06000, 141.
12.07000, 142.
12.08000, 120.
12.09000, 124.
12.10000, 143.
12.11000, 122.
12.12000, 128.
12.13000, 149.
12.14000, 147.
12.15000, 118.
12.16000, 145.
12.17000, 126.
12.18000, 150.
12.19000, 139.
12.20000, 132.
12.21000, 145.
12.22000, 149.
12.23000, 136.
12.24000, 119.
12.25000, 136.
12.26000, 136.
12.27000, 142.
12.28000, 134.
12.29000, 140.
12.30000, 122.
12.31000, 161.
12.32000, 134.
12.33000, 143.
12.34000, 129.
12.35000, 144.
12.36000, 150.
12.37000, 137.
12.38000, 127.
12.39000, 151.
12.40000, 139.
12.41000, 143.
12.42000, 141.
12.43000, 145.
12.44000, 139.
12.45000, 136.
12.46000, 149.
12.47000, 141.
12.48000, 141.
12.49000, 148.
12.50000, 140.
12.51000, 133.
12.52000, 150.
12.53000, 149.
12.54000, 134.
12.55000, 137.
12.56000, 149.
12.57000, 134.
12.58000, 154.
12.59000, 153.
12.60000, 137.
12.61000, 157.
12.62000, 156.
12.63000, 172.
12.64000, 145.
12.65000, 173.
12.66000, 138.
12.67000, 182.
12.68000, 148.
12.69000, 143.
12.70000, 177.
12.71000, 165.
12.72000, 165.
12.73000, 198.
12.74000, 193.
12.75000, 162.
12.76000, 176.
12.77000, 163.
12.78000, 176.
12.79000, 154.
12.80000, 175.
12.81000, 202.
12.82000, 179.
12.83000, 192.
12.84000, 176.
12.85000, 191.
12.86000, 179.
12.87000, 202.
12.88000, 176.
12.89000, 195.
12.90000, 159.
12.91000, 170.
12.92000, 181.
12.93000, 172.
12.94000, 201.
12.95000, 156.
12.96000, 164.
12.97000, 158.
12.98000, 158.
12.99000, 163.
13.00000, 150.
13.01000, 151.
13.02000, 171.
13.03000, 146.
13.04000, 153.
13.05000, 151.
13.06000, 147.
13.07000, 149.
13.08000, 139.
13.09000, 123.
13.10000, 134.
13.11000, 163.
13.12000, 149.
13.13000, 158.
13.14000, 146.
13.15000, 167.
13.16000, 140.
13.17000, 175.
13.18000, 171.
13.19000, 155.
13.20000, 159.
13.21000, 180.
13.22000, 154.
13.23000, 185.
13.24000, 192.
13.25000, 216.
13.26000, 204.
13.27000, 245.
13.28000, 243.
13.29000, 257.
13.30000, 265.
13.31000, 280.
13.32000, 265.
13.33000, 279.
13.34000, 279.
13.35000, 288.
13.36000, 297.
13.37000, 291.
13.38000, 281.
13.39000, 270.
13.40000, 272.
13.41000, 308.
13.42000, 250.
13.43000, 267.
13.44000, 259.
13.45000, 263.
13.46000, 212.
13.47000, 217.
13.48000, 216.
13.49000, 173.
13.50000, 179.
13.51000, 190.
13.52000, 178.
13.53000, 192.
13.54000, 155.
13.55000, 150.
13.56000, 169.
13.57000, 164.
13.58000, 149.
13.59000, 172.
13.60000, 149.
13.61000, 142.
13.62000, 151.
13.63000, 175.
13.64000, 125.
13.65000, 152.
13.66000, 152.
13.67000, 121.
13.68000, 159.
13.69000, 162.
13.70000, 142.
13.71000, 138.
13.72000, 148.
13.73000, 167.
13.74000, 134.
13.75000, 152.
13.76000, 142.
13.77000, 153.
13.78000, 151.
13.79000, 142.
13.80000, 145.
13.81000, 144.
13.82000, 146.
13.83000, 142.
13.84000, 136.
13.85000, 153.
13.86000, 153.
13.87000, 142.
13.88000, 140.
13.89000, 156.
13.90000, 133.
13.91000, 173.
13.92000, 154.
13.93000, 149.
13.94000, 182.
13.95000, 158.
13.96000, 154.
13.97000, 171.
13.98000, 164.
13.99000, 221.
14.00000, 184.
14.01000, 197.
14.02000, 193.
14.03000, 201.
14.04000, 244.
14.05000, 208.
14.06000, 242.
14.07000, 218.
14.08000, 228.
14.09000, 236.
14.10000, 231.
14.11000, 236.
14.12000, 246.
14.13000, 265.
14.14000, 217.
14.15000, 252.
14.16000, 263.
14.17000, 248.
14.18000, 215.
14.19000, 234.
14.20000, 230.
14.21000, 216.
14.22000, 183.
14.23000, 190.
14.24000, 184.
14.25000, 198.
14.26000, 145.
14.27000, 160.
14.28000, 164.
14.29000, 152.
14.30000, 161.
14.31000, 142.
14.32000, 146.
14.33000, 140.
14.34000, 148.
14.35000, 165.
14.36000, 147.
14.37000, 158.
14.38000, 132.
14.39000, 146.
14.40000, 141.
14.41000, 147.
14.42000, 136.
14.43000, 145.
14.44000, 143.
14.45000, 163.
14.46000, 145.
14.47000, 145.
14.48000, 121.
14.49000, 128.
14.50000, 148.
14.51000, 160.
14.52000, 145.
14.53000, 130.
14.54000, 147.
14.55000, 140.
14.56000, 142.
14.57000, 147.
14.58000, 144.
14.59000, 144.
14.60000, 143.
14.61000, 131.
14.62000, 153.
14.63000, 133.
14.64000, 116.
14.65000, 137.
14.66000, 136.
14.67000, 146.
14.68000, 154.
14.69000, 145.
14.70000, 150.
14.71000, 169.
14.72000, 152.
14.73000, 147.
14.74000, 123.
14.75000, 162.
14.76000, 162.
14.77000, 179.
14.78000, 136.
14.79000, 165.
14.80000, 162.
14.81000, 170.
14.82000, 157.
14.83000, 167.
14.84000, 193.
14.85000, 201.
14.86000, 173.
14.87000, 188.
14.88000, 207.
14.89000, 206.
14.90000, 200.
14.91000, 211.
14.92000, 177.
14.93000, 201.
14.94000, 205.
14.95000, 163.
14.96000, 201.
14.97000, 194.
14.98000, 174.
14.99000, 176.
15.00000, 195.
15.01000, 174.
15.02000, 167.
15.03000, 168.
15.04000, 170.
15.05000, 168.
15.06000, 155.
15.07000, 166.
15.08000, 134.
15.09000, 159.
15.10000, 165.
15.11000, 147.
15.12000, 142.
15.13000, 143.
15.14000, 159.
15.15000, 141.
15.16000, 147.
15.17000, 138.
15.18000, 158.
15.19000, 167.
15.20000, 163.
15.21000, 151.
15.22000, 139.
15.23000, 150.
15.24000, 149.
15.25000, 149.
15.26000, 166.
15.27000, 154.
15.28000, 140.
15.29000, 139.
15.30000, 143.
15.31000, 151.
15.32000, 144.
15.33000, 149.
15.34000, 149.
15.35000, 146.
15.36000, 165.
15.37000, 129.
15.38000, 143.
15.39000, 138.
15.40000, 140.
15.41000, 141.
15.42000, 132.
15.43000, 143.
15.44000, 133.
15.45000, 150.
15.46000, 178.
15.47000, 134.
15.48000, 169.
15.49000, 169.
15.50000, 164.
15.51000, 187.
15.52000, 183.
15.53000, 184.
15.54000, 183.
15.55000, 213.
15.56000, 212.
15.57000, 212.
15.58000, 237.
15.59000, 232.
15.60000, 257.
15.61000, 267.
15.62000, 285.
15.63000, 352.
15.64000, 352.
15.65000, 355.
15.66000, 360.
15.67000, 390.
15.68000, 392.
15.69000, 409.
15.70000, 377.
15.71000, 391.
15.72000, 414.
15.73000, 434.
15.74000, 410.
15.75000, 398.
15.76000, 398.
15.77000, 364.
15.78000, 388.
15.79000, 360.
15.80000, 387.
15.81000, 351.
15.82000, 325.
15.83000, 283.
15.84000, 276.
15.85000, 272.
15.86000, 275.
15.87000, 238.
15.88000, 221.
15.89000, 196.
15.90000, 206.
15.91000, 165.
15.92000, 207.
15.93000, 176.
15.94000, 178.
15.95000, 149.
15.96000, 136.
15.97000, 159.
15.98000, 141.
15.99000, 150.
16.00000, 131.
16.01000, 173.
16.02000, 147.
16.03000, 133.
16.04000, 136.
16.05000, 144.
16.06000, 139.
16.07000, 131.
16.08000, 150.
16.09000, 136.
16.10000, 159.
16.11000, 161.
16.12000, 155.
16.13000, 162.
16.14000, 124.
16.15000, 147.
16.16000, 174.
16.17000, 138.
16.18000, 155.
16.19000, 135.
16.20000, 157.
16.21000, 126.
16.22000, 160.
16.23000, 147.
16.24000, 146.
16.25000, 159.
16.26000, 140.
16.27000, 131.
16.28000, 163.
16.29000, 158.
16.30000, 137.
16.31000, 139.
16.32000, 131.
16.33000, 140.
16.34000, 133.
16.35000, 139.
16.36000, 164.
16.37000, 160.
16.38000, 161.
16.39000, 169.
16.40000, 192.
16.41000, 182.
16.42000, 185.
16.43000, 186.
16.44000, 200.
16.45000, 197.
16.46000, 207.
16.47000, 219.
16.48000, 209.
16.49000, 214.
16.50000, 241.
16.51000, 191.
16.52000, 214.
16.53000, 239.
16.54000, 235.
16.55000, 207.
16.56000, 237.
16.57000, 220.
16.58000, 233.
16.59000, 220.
16.60000, 172.
16.61000, 221.
16.62000, 245.
16.63000, 197.
16.64000, 218.
16.65000, 194.
16.66000, 210.
16.67000, 195.
16.68000, 203.
16.69000, 195.
16.70000, 184.
16.71000, 168.
16.72000, 166.
16.73000, 161.
16.74000, 165.
16.75000, 157.
16.76000, 138.
16.77000, 168.
16.78000, 144.
16.79000, 144.
16.80000, 134.
16.81000, 131.
16.82000, 139.
16.83000, 127.
16.84000, 135.
16.85000, 133.
16.86000, 128.
16.87000, 152.
16.88000, 160.
16.89000, 135.
16.90000, 130.
16.91000, 170.
16.92000, 151.
16.93000, 131.
16.94000, 138.
16.95000, 144.
16.96000, 141.
16.97000, 135.
16.98000, 128.
16.99000, 155.
17.00000, 136.
17.01000, 150.
17.02000, 182.
17.03000, 146.
17.04000, 160.
17.05000, 136.
17.06000, 118.
17.07000, 171.
17.08000, 158.
17.09000, 149.
17.10000, 142.
17.11000, 152.
17.12000, 146.
17.13000, 144.
17.14000, 142.
17.15000, 163.
17.16000, 160.
17.17000, 155.
17.18000, 157.
17.19000, 118.
17.20000, 132.
17.21000, 153.
17.22000, 161.
17.23000, 156.
17.24000, 146.
17.25000, 155.
17.26000, 142.
17.27000, 146.
17.28000, 170.
17.29000, 155.
17.30000, 144.
17.31000, 143.
17.32000, 141.
17.33000, 169.
17.34000, 163.
17.35000, 179.
17.36000, 149.
17.37000, 157.
17.38000, 158.
17.39000, 164.
17.40000, 169.
17.41000, 151.
17.42000, 187.
17.43000, 164.
17.44000, 146.
17.45000, 177.
17.46000, 163.
17.47000, 178.
17.48000, 184.
17.49000, 190.
17.50000, 157.
17.51000, 166.
17.52000, 211.
17.53000, 190.
17.54000, 207.
17.55000, 214.
17.56000, 192.
17.57000, 229.
17.58000, 200.
17.59000, 198.
17.60000, 246.
17.61000, 248.
17.62000, 199.
17.63000, 230.
17.64000, 218.
17.65000, 204.
17.66000, 220.
17.67000, 203.
17.68000, 219.
17.69000, 208.
17.70000, 222.
17.71000, 193.
17.72000, 187.
17.73000, 175.
17.74000, 189.
17.75000, 187.
17.76000, 207.
17.77000, 181.
17.78000, 194.
17.79000, 191.
17.80000, 199.
17.81000, 169.
17.82000, 214.
17.83000, 185.
17.84000, 203.
17.85000, 165.
17.86000, 211.
17.87000, 221.
17.88000, 198.
17.89000, 192.
17.90000, 198.
17.91000, 184.
17.92000, 195.
17.93000, 185.
17.94000, 185.
17.95000, 192.
17.96000, 220.
17.97000, 204.
17.98000, 173.
17.99000, 198.
18.00000, 215.
18.01000, 222.
18.02000, 226.
18.03000, 208.
18.04000, 196.
18.05000, 207.
18.06000, 203.
18.07000, 230.
18.08000, 200.
18.09000, 209.
18.10000, 234.
18.11000, 226.
18.12000, 277.
18.13000, 237.
18.14000, 239.
18.15000, 258.
18.16000, 220.
18.17000, 246.
18.18000, 223.
18.19000, 263.
18.20000, 269.
18.21000, 253.
18.22000, 280.
18.23000, 279.
18.24000, 252.
18.25000, 286.
18.26000, 287.
18.27000, 305.
18.28000, 282.
18.29000, 303.
18.30000, 293.
18.31000, 309.
18.32000, 317.
18.33000, 320.
18.34000, 325.
18.35000, 331.
18.36000, 349.
18.37000, 350.
18.38000, 371.
18.39000, 384.
18.40000, 359.
18.41000, 392.
18.42000, 377.
18.43000, 418.
18.44000, 418.
18.45000, 471.
18.46000, 421.
18.47000, 472.
18.48000, 475.
18.49000, 510.
18.50000, 538.
18.51000, 514.
18.52000, 530.
18.53000, 575.
18.54000, 572.
18.55000, 560.
18.56000, 610.
18.57000, 665.
18.58000, 669.
18.59000, 666.
18.60000, 663.
18.61000, 708.
18.62000, 736.
18.63000, 760.
18.64000, 791.
18.65000, 794.
18.66000, 734.
18.67000, 775.
18.68000, 812.
18.69000, 806.
18.70000, 795.
18.71000, 808.
18.72000, 811.
18.73000, 822.
18.74000, 866.
18.75000, 869.
18.76000, 897.
18.77000, 897.
18.78000, 909.
18.79000, 915.
18.80000, 906.
18.81000, 907.
18.82000, 909.
18.83000, 859.
18.84000, 958.
18.85000, 898.
18.86000, 882.
18.87000, 846.
18.88000, 860.
18.89000, 899.
18.90000, 859.
18.91000, 900.
18.92000, 876.
18.93000, 781.
18.94000, 805.
18.95000, 774.
18.96000, 841.
18.97000, 841.
18.98000, 768.
18.99000, 737.
19.00000, 720.
19.01000, 736.
19.02000, 707.
19.03000, 710.
19.04000, 693.
19.05000, 663.
19.06000, 652.
19.07000, 656.
19.08000, 580.
19.09000, 600.
19.10000, 551.
19.11000, 559.
19.12000, 514.
19.13000, 523.
19.14000, 522.
19.15000, 558.
19.16000, 484.
19.17000, 463.
19.18000, 438.
19.19000, 411.
19.20000, 420.
19.21000, 434.
19.22000, 406.
19.23000, 417.
19.24000, 398.
19.25000, 379.
19.26000, 381.
19.27000, 339.
19.28000, 364.
19.29000, 316.
19.30000, 360.
19.31000, 318.
19.32000, 293.
19.33000, 278.
19.34000, 317.
19.35000, 275.
19.36000, 302.
19.37000, 289.
19.38000, 261.
19.39000, 265.
19.40000, 272.
19.41000, 285.
19.42000, 255.
19.43000, 268.
19.44000, 254.
19.45000, 209.
19.46000, 285.
19.47000, 236.
19.48000, 229.
19.49000, 234.
19.50000, 244.
19.51000, 230.
19.52000, 207.
19.53000, 217.
19.54000, 230.
19.55000, 239.
19.56000, 191.
19.57000, 215.
19.58000, 222.
19.59000, 176.
19.60000, 189.
19.61000, 209.
19.62000, 215.
19.63000, 184.
19.64000, 212.
19.65000, 197.
19.66000, 185.
19.67000, 171.
19.68000, 198.
19.69000, 188.
19.70000, 177.
19.71000, 170.
19.72000, 169.
19.73000, 175.
19.74000, 167.
19.75000, 150.
19.76000, 157.
19.77000, 179.
19.78000, 169.
19.79000, 170.
19.80000, 190.
19.81000, 184.
19.82000, 159.
19.83000, 167.
19.84000, 169.
19.85000, 168.
19.86000, 199.
19.87000, 190.
19.88000, 184.
19.89000, 194.
19.90000, 209.
19.91000, 261.
19.92000, 226.
19.93000, 248.
19.94000, 270.
19.95000, 307.
19.96000, 269.
19.97000, 313.
19.98000, 346.
19.99000, 384.
20.00000, 374.
20.01000, 408.
20.02000, 404.
20.03000, 405.
20.04000, 401.
20.05000, 498.
20.06000, 503.
20.07000, 470.
20.08000, 498.
20.09000, 526.
20.10000, 550.
20.11000, 482.
20.12000, 545.
20.13000, 486.
20.14000, 561.
20.15000, 489.
20.16000, 540.
20.17000, 564.
20.18000, 515.
20.19000, 465.
20.20000, 519.
20.21000, 489.
20.22000, 462.
20.23000, 411.
20.24000, 393.
20.25000, 376.
20.26000, 382.
20.27000, 329.
20.28000, 359.
20.29000, 313.
20.30000, 284.
20.31000, 262.
20.32000, 264.
20.33000, 247.
20.34000, 223.
20.35000, 213.
20.36000, 201.
20.37000, 163.
20.38000, 187.
20.39000, 144.
20.40000, 162.
20.41000, 158.
20.42000, 185.
20.43000, 159.
20.44000, 130.
20.45000, 137.
20.46000, 141.
20.47000, 143.
20.48000, 146.
20.49000, 135.
20.50000, 157.
20.51000, 161.
20.52000, 143.
20.53000, 159.
20.54000, 159.
20.55000, 158.
20.56000, 177.
20.57000, 147.
20.58000, 154.
20.59000, 164.
20.60000, 144.
20.61000, 178.
20.62000, 171.
20.63000, 162.
20.64000, 210.
20.65000, 165.
20.66000, 181.
20.67000, 186.
20.68000, 153.
20.69000, 160.
20.70000, 184.
20.71000, 180.
20.72000, 196.
20.73000, 190.
20.74000, 176.
20.75000, 175.
20.76000, 202.
20.77000, 198.
20.78000, 205.
20.79000, 191.
20.80000, 188.
20.81000, 217.
20.82000, 182.
20.83000, 224.
20.84000, 208.
20.85000, 228.
20.86000, 191.
20.87000, 233.
20.88000, 189.
20.89000, 235.
20.90000, 219.
20.91000, 224.
20.92000, 219.
20.93000, 235.
20.94000, 238.
20.95000, 237.
20.96000, 206.
20.97000, 220.
20.98000, 242.
20.99000, 259.
21.00000, 247.
21.01000, 224.
21.02000, 222.
21.03000, 258.
21.04000, 246.
21.05000, 217.
21.06000, 233.
21.07000, 239.
21.08000, 245.
21.09000, 257.
21.10000, 239.
21.11000, 240.
21.12000, 224.
21.13000, 244.
21.14000, 209.
21.15000, 248.
21.16000, 219.
21.17000, 221.
21.18000, 229.
21.19000, 232.
21.20000, 215.
21.21000, 244.
21.22000, 214.
21.23000, 216.
21.24000, 195.
21.25000, 202.
21.26000, 190.
21.27000, 211.
21.28000, 212.
21.29000, 218.
21.30000, 181.
21.31000, 185.
21.32000, 167.
21.33000, 193.
21.34000, 166.
21.35000, 178.
21.36000, 177.
21.37000, 196.
21.38000, 175.
21.39000, 186.
21.40000, 161.
21.41000, 146.
21.42000, 160.
21.43000, 168.
21.44000, 143.
21.45000, 148.
21.46000, 149.
21.47000, 177.
21.48000, 158.
21.49000, 168.
21.50000, 147.
21.51000, 153.
21.52000, 148.
21.53000, 157.
21.54000, 149.
21.55000, 145.
21.56000, 137.
21.57000, 127.
21.58000, 119.
21.59000, 110.
21.60000, 130.
21.61000, 126.
21.62000, 139.
21.63000, 108.
21.64000, 103.
21.65000, 127.
21.66000, 109.
21.67000, 111.
21.68000, 97.
21.69000, 122.
21.70000, 118.
21.71000, 123.
21.72000, 125.
21.73000, 135.
21.74000, 105.
21.75000, 117.
21.76000, 106.
21.77000, 101.
21.78000, 110.
21.79000, 115.
21.80000, 118.
21.81000, 101.
21.82000, 96.
21.83000, 111.
21.84000, 107.
21.85000, 95.
21.86000, 97.
21.87000, 94.
21.88000, 110.
21.89000, 103.
21.90000, 99.
21.91000, 109.
21.92000, 101.
21.93000, 78.
21.94000, 87.
21.95000, 103.
21.96000, 102.
21.97000, 92.
21.98000, 87.
21.99000, 89.
22.00000, 108.
22.01000, 83.
22.02000, 93.
22.03000, 84.
22.04000, 83.
22.05000, 93.
22.06000, 82.
22.07000, 77.
22.08000, 105.
22.09000, 97.
22.10000, 88.
22.11000, 106.
22.12000, 87.
22.13000, 99.
22.14000, 89.
22.15000, 95.
22.16000, 95.
22.17000, 85.
22.18000, 108.
22.19000, 72.
22.20000, 83.
22.21000, 84.
22.22000, 82.
22.23000, 76.
22.24000, 70.
22.25000, 95.
22.26000, 79.
22.27000, 74.
22.28000, 87.
22.29000, 82.
22.30000, 67.
22.31000, 105.
22.32000, 74.
22.33000, 88.
22.34000, 81.
22.35000, 93.
22.36000, 80.
22.37000, 86.
22.38000, 91.
22.39000, 86.
22.40000, 91.
22.41000, 79.
22.42000, 76.
22.43000, 91.
22.44000, 89.
22.45000, 95.
22.46000, 88.
22.47000, 104.
22.48000, 100.
22.49000, 90.
22.50000, 98.
22.51000, 93.
22.52000, 93.
22.53000, 118.
22.54000, 124.
22.55000, 108.
22.56000, 115.
22.57000, 121.
22.58000, 108.
22.59000, 109.
22.60000, 122.
22.61000, 141.
22.62000, 136.
22.63000, 161.
22.64000, 134.
22.65000, 125.
22.66000, 178.
22.67000, 147.
22.68000, 152.
22.69000, 126.
22.70000, 136.
22.71000, 124.
22.72000, 121.
22.73000, 129.
22.74000, 116.
22.75000, 112.
22.76000, 117.
22.77000, 101.
22.78000, 107.
22.79000, 93.
22.80000, 82.
22.81000, 117.
22.82000, 73.
22.83000, 87.
22.84000, 84.
22.85000, 96.
22.86000, 95.
22.87000, 83.
22.88000, 75.
22.89000, 90.
22.90000, 87.
22.91000, 73.
22.92000, 62.
22.93000, 60.
22.94000, 77.
22.95000, 77.
22.96000, 72.
22.97000, 82.
22.98000, 95.
22.99000, 84.
23.00000, 87.
23.01000, 84.
23.02000, 90.
23.03000, 75.
23.04000, 67.
23.05000, 81.
23.06000, 91.
23.07000, 73.
23.08000, 74.
23.09000, 90.
23.10000, 77.
23.11000, 82.
23.12000, 76.
23.13000, 83.
23.14000, 86.
23.15000, 80.
23.16000, 66.
23.17000, 61.
23.18000, 88.
23.19000, 83.
23.20000, 86.
23.21000, 92.
23.22000, 77.
23.23000, 89.
23.24000, 60.
23.25000, 62.
23.26000, 93.
23.27000, 80.
23.28000, 91.
23.29000, 66.
23.30000, 68.
23.31000, 59.
23.32000, 85.
23.33000, 78.
23.34000, 51.
23.35000, 70.
23.36000, 59.
23.37000, 69.
23.38000, 70.
23.39000, 60.
23.40000, 62.
23.41000, 76.
23.42000, 61.
23.43000, 63.
23.44000, 57.
23.45000, 56.
23.46000, 91.
23.47000, 71.
23.48000, 60.
23.49000, 77.
23.50000, 66.
23.51000, 74.
23.52000, 55.
23.53000, 62.
23.54000, 55.
23.55000, 77.
23.56000, 70.
23.57000, 71.
23.58000, 47.
23.59000, 62.
23.60000, 75.
23.61000, 74.
23.62000, 54.
23.63000, 70.
23.64000, 58.
23.65000, 65.
23.66000, 43.
23.67000, 69.
23.68000, 61.
23.69000, 67.
23.70000, 50.
23.71000, 62.
23.72000, 62.
23.73000, 66.
23.74000, 60.
23.75000, 73.
23.76000, 57.
23.77000, 68.
23.78000, 77.
23.79000, 57.
23.80000, 72.
23.81000, 59.
23.82000, 59.
23.83000, 61.
23.84000, 60.
23.85000, 56.
23.86000, 74.
23.87000, 60.
23.88000, 74.
23.89000, 62.
23.90000, 59.
23.91000, 74.
23.92000, 52.
23.93000, 74.
23.94000, 54.
23.95000, 61.
23.96000, 77.
23.97000, 58.
23.98000, 54.
23.99000, 72.
24.00000, 55.
24.01000, 56.
24.02000, 60.
24.03000, 72.
24.04000, 66.
24.05000, 63.
24.06000, 58.
24.07000, 71.
24.08000, 64.
24.09000, 55.
24.10000, 52.
24.11000, 67.
24.12000, 55.
24.13000, 55.
24.14000, 48.
24.15000, 71.
24.16000, 68.
24.17000, 45.
24.18000, 67.
24.19000, 57.
24.20000, 70.
24.21000, 59.
24.22000, 55.
24.23000, 64.
24.24000, 53.
24.25000, 64.
24.26000, 63.
24.27000, 61.
24.28000, 65.
24.29000, 62.
24.30000, 59.
24.31000, 46.
24.32000, 56.
24.33000, 61.
24.34000, 61.
24.35000, 49.
24.36000, 66.
24.37000, 45.
24.38000, 70.
24.39000, 63.
24.40000, 57.
24.41000, 57.
24.42000, 61.
24.43000, 68.
24.44000, 65.
24.45000, 71.
24.46000, 54.
24.47000, 66.
24.48000, 63.
24.49000, 68.
24.50000, 44.
24.51000, 65.
24.52000, 63.
24.53000, 72.
24.54000, 53.
24.55000, 68.
24.56000, 59.
24.57000, 62.
24.58000, 62.
24.59000, 80.
24.60000, 51.
24.61000, 59.
24.62000, 50.
24.63000, 77.
24.64000, 63.
24.65000, 56.
24.66000, 59.
24.67000, 51.
24.68000, 59.
24.69000, 45.
24.70000, 58.
24.71000, 58.
24.72000, 56.
24.73000, 46.
24.74000, 54.
24.75000, 60.
24.76000, 52.
24.77000, 56.
24.78000, 62.
24.79000, 60.
24.80000, 75.
24.81000, 49.
24.82000, 59.
24.83000, 57.
24.84000, 63.
24.85000, 43.
24.86000, 45.
24.87000, 62.
24.88000, 62.
24.89000, 53.
24.90000, 53.
24.91000, 68.
24.92000, 58.
24.93000, 56.
24.94000, 66.
24.95000, 66.
24.96000, 48.
24.97000, 69.
24.98000, 61.
24.99000, 77.
25.00000, 58.
25.01000, 63.
25.02000, 71.
25.03000, 57.
25.04000, 63.
25.05000, 63.
25.06000, 66.
25.07000, 61.
25.08000, 68.
25.09000, 64.
25.10000, 68.
25.11000, 62.
25.12000, 68.
25.13000, 69.
25.14000, 79.
25.15000, 70.
25.16000, 59.
25.17000, 58.
25.18000, 75.
25.19000, 64.
25.20000, 61.
25.21000, 89.
25.22000, 62.
25.23000, 69.
25.24000, 72.
25.25000, 66.
25.26000, 62.
25.27000, 73.
25.28000, 60.
25.29000, 83.
25.30000, 59.
25.31000, 71.
25.32000, 70.
25.33000, 71.
25.34000, 66.
25.35000, 80.
25.36000, 78.
25.37000, 68.
25.38000, 68.
25.39000, 55.
25.40000, 68.
25.41000, 61.
25.42000, 51.
25.43000, 55.
25.44000, 69.
25.45000, 58.
25.46000, 49.
25.47000, 48.
25.48000, 68.
25.49000, 70.
25.50000, 61.
25.51000, 52.
25.52000, 73.
25.53000, 51.
25.54000, 61.
25.55000, 72.
25.56000, 51.
25.57000, 63.
25.58000, 63.
25.59000, 70.
25.60000, 59.
25.61000, 54.
25.62000, 53.
25.63000, 63.
25.64000, 75.
25.65000, 57.
25.66000, 68.
25.67000, 52.
25.68000, 61.
25.69000, 64.
25.70000, 61.
25.71000, 56.
25.72000, 75.
25.73000, 67.
25.74000, 57.
25.75000, 54.
25.76000, 54.
25.77000, 58.
25.78000, 65.
25.79000, 59.
25.80000, 57.
25.81000, 52.
25.82000, 45.
25.83000, 47.
25.84000, 64.
25.85000, 54.
25.86000, 59.
25.87000, 43.
25.88000, 53.
25.89000, 62.
25.90000, 51.
25.91000, 52.
25.92000, 55.
25.93000, 55.
25.94000, 56.
25.95000, 64.
25.96000, 52.
25.97000, 69.
25.98000, 60.
25.99000, 50.
26.00000, 56.
26.01000, 60.
26.02000, 44.
26.03000, 52.
26.04000, 49.
26.05000, 60.
26.06000, 52.
26.07000, 46.
26.08000, 51.
26.09000, 63.
26.10000, 67.
26.11000, 59.
26.12000, 55.
26.13000, 56.
26.14000, 62.
26.15000, 51.
26.16000, 64.
26.17000, 46.
26.18000, 41.
26.19000, 53.
26.20000, 55.
26.21000, 59.
26.22000, 53.
26.23000, 50.
26.24000, 49.
26.25000, 51.
26.26000, 44.
26.27000, 36.
26.28000, 50.
26.29000, 53.
26.30000, 51.
26.31000, 59.
26.32000, 54.
26.33000, 76.
26.34000, 43.
26.35000, 65.
26.36000, 65.
26.37000, 49.
26.38000, 54.
26.39000, 50.
26.40000, 51.
26.41000, 61.
26.42000, 59.
26.43000, 58.
26.44000, 55.
26.45000, 65.
26.46000, 55.
26.47000, 56.
26.48000, 52.
26.49000, 53.
26.50000, 60.
26.51000, 58.
26.52000, 48.
26.53000, 59.
26.54000, 50.
26.55000, 58.
26.56000, 51.
26.57000, 37.
26.58000, 67.
26.59000, 50.
26.60000, 53.
26.61000, 48.
26.62000, 52.
26.63000, 64.
26.64000, 61.
26.65000, 57.
26.66000, 50.
26.67000, 49.
26.68000, 52.
26.69000, 54.
26.70000, 52.
26.71000, 51.
26.72000, 53.
26.73000, 43.
26.74000, 48.
26.75000, 56.
26.76000, 52.
26.77000, 59.
26.78000, 51.
26.79000, 50.
26.80000, 62.
26.81000, 40.
26.82000, 54.
26.83000, 45.
26.84000, 49.
26.85000, 47.
26.86000, 51.
26.87000, 40.
26.88000, 51.
26.89000, 58.
26.90000, 42.
26.91000, 44.
26.92000, 54.
26.93000, 46.
26.94000, 43.
26.95000, 51.
26.96000, 61.
26.97000, 50.
26.98000, 43.
26.99000, 57.
27.00000, 36.
27.01000, 36.
27.02000, 46.
27.03000, 60.
27.04000, 54.
27.05000, 49.
27.06000, 45.
27.07000, 47.
27.08000, 59.
27.09000, 51.
27.10000, 57.
27.11000, 38.
27.12000, 49.
27.13000, 54.
27.14000, 47.
27.15000, 47.
27.16000, 53.
27.17000, 54.
27.18000, 51.
27.19000, 44.
27.20000, 53.
27.21000, 50.
27.22000, 54.
27.23000, 50.
27.24000, 39.
27.25000, 53.
27.26000, 45.
27.27000, 43.
27.28000, 51.
27.29000, 38.
27.30000, 50.
27.31000, 50.
27.32000, 43.
27.33000, 72.
27.34000, 47.
27.35000, 54.
27.36000, 55.
27.37000, 52.
27.38000, 50.
27.39000, 38.
27.40000, 53.
27.41000, 46.
27.42000, 46.
27.43000, 36.
27.44000, 48.
27.45000, 43.
27.46000, 43.
27.47000, 42.
27.48000, 46.
27.49000, 48.
27.50000, 44.
27.51000, 45.
27.52000, 50.
27.53000, 61.
27.54000, 37.
27.55000, 49.
27.56000, 37.
27.57000, 31.
27.58000, 44.
27.59000, 44.
27.60000, 50.
27.61000, 61.
27.62000, 31.
27.63000, 54.
27.64000, 38.
27.65000, 48.
27.66000, 47.
27.67000, 43.
27.68000, 41.
27.69000, 41.
27.70000, 43.
27.71000, 51.
27.72000, 49.
27.73000, 42.
27.74000, 45.
27.75000, 49.
27.76000, 50.
27.77000, 53.
27.78000, 38.
27.79000, 47.
27.80000, 47.
27.81000, 45.
27.82000, 46.
27.83000, 46.
27.84000, 42.
27.85000, 43.
27.86000, 42.
27.87000, 38.
27.88000, 36.
27.89000, 50.
27.90000, 34.
27.91000, 49.
27.92000, 46.
27.93000, 51.
27.94000, 47.
27.95000, 36.
27.96000, 41.
27.97000, 37.
27.98000, 31.
27.99000, 53.
28.00000, 50.
28.01000, 44.
28.02000, 44.
28.03000, 38.
28.04000, 36.
28.05000, 42.
28.06000, 47.
28.07000, 40.
28.08000, 51.
28.09000, 54.
28.10000, 47.
28.11000, 40.
28.12000, 32.
28.13000, 42.
28.14000, 45.
28.15000, 40.
28.16000, 49.
28.17000, 44.
28.18000, 52.
28.19000, 48.
28.20000, 47.
28.21000, 36.
28.22000, 43.
28.23000, 44.
28.24000, 36.
28.25000, 42.
28.26000, 47.
28.27000, 40.
28.28000, 53.
28.29000, 39.
28.30000, 33.
28.31000, 36.
28.32000, 55.
28.33000, 41.
28.34000, 50.
28.35000, 55.
28.36000, 41.
28.37000, 57.
28.38000, 51.
28.39000, 43.
28.40000, 37.
28.41000, 35.
28.42000, 35.
28.43000, 46.
28.44000, 40.
28.45000, 27.
28.46000, 40.
28.47000, 31.
28.48000, 46.
28.49000, 36.
28.50000, 41.
28.51000, 38.
28.52000, 47.
28.53000, 40.
28.54000, 42.
28.55000, 53.
28.56000, 50.
28.57000, 39.
28.58000, 36.
28.59000, 48.
28.60000, 36.
28.61000, 32.
28.62000, 41.
28.63000, 38.
28.64000, 47.
28.65000, 32.
28.66000, 46.
28.67000, 44.
28.68000, 52.
28.69000, 25.
28.70000, 38.
28.71000, 36.
28.72000, 34.
28.73000, 41.
28.74000, 30.
28.75000, 34.
28.76000, 33.
28.77000, 45.
28.78000, 36.
28.79000, 45.
28.80000, 33.
28.81000, 36.
28.82000, 53.
28.83000, 34.
28.84000, 34.
28.85000, 36.
28.86000, 40.
28.87000, 33.
28.88000, 39.
28.89000, 41.
28.90000, 34.
28.91000, 30.
28.92000, 38.
28.93000, 40.
28.94000, 36.
28.95000, 33.
28.96000, 37.
28.97000, 33.
28.98000, 37.
28.99000, 39.
29.00000, 45.
29.01000, 40.
29.02000, 41.
29.03000, 34.
29.04000, 29.
29.05000, 44.
29.06000, 36.
29.07000, 42.
29.08000, 42.
29.09000, 39.
29.10000, 44.
29.11000, 25.
29.12000, 36.
29.13000, 50.
29.14000, 22.
29.15000, 41.
29.16000, 32.
29.17000, 40.
29.18000, 28.
29.19000, 36.
29.20000, 29.
29.21000, 40.
29.22000, 43.
29.23000, 43.
29.24000, 35.
29.25000, 41.
29.26000, 32.
29.27000, 33.
29.28000, 49.
29.29000, 29.
29.30000, 27.
29.31000, 33.
29.32000, 47.
29.33000, 35.
29.34000, 38.
29.35000, 43.
29.36000, 34.
29.37000, 26.
29.38000, 37.
29.39000, 36.
29.40000, 39.
29.41000, 29.
29.42000, 29.
29.43000, 48.
29.44000, 37.
29.45000, 34.
29.46000, 36.
29.47000, 37.
29.48000, 35.
29.49000, 27.
29.50000, 30.
29.51000, 34.
29.52000, 41.
29.53000, 32.
29.54000, 39.
29.55000, 46.
29.56000, 32.
29.57000, 38.
29.58000, 38.
29.59000, 36.
29.60000, 43.
29.61000, 34.
29.62000, 42.
29.63000, 40.
29.64000, 37.
29.65000, 35.
29.66000, 31.
29.67000, 33.
29.68000, 33.
29.69000, 29.
29.70000, 45.
29.71000, 44.
29.72000, 40.
29.73000, 39.
29.74000, 27.
29.75000, 32.
29.76000, 33.
29.77000, 42.
29.78000, 40.
29.79000, 36.
29.80000, 36.
29.81000, 36.
29.82000, 35.
29.83000, 41.
29.84000, 26.
29.85000, 32.
29.86000, 35.
29.87000, 42.
29.88000, 30.
29.89000, 40.
29.90000, 21.
29.91000, 34.
29.92000, 22.
29.93000, 29.
29.94000, 47.
29.95000, 30.
29.96000, 29.
29.97000, 39.
29.98000, 30.
29.99000, 23.
30.00000, 35.
30.01000, 34.
30.02000, 33.
30.03000, 40.
30.04000, 31.
30.05000, 29.
30.06000, 35.
30.07000, 29.
30.08000, 38.
30.09000, 36.
30.10000, 32.
30.11000, 37.
30.12000, 36.
30.13000, 29.
30.14000, 39.
30.15000, 37.
30.16000, 29.
30.17000, 27.
30.18000, 51.
30.19000, 28.
30.20000, 19.
30.21000, 37.
30.22000, 33.
30.23000, 25.
30.24000, 27.
30.25000, 33.
30.26000, 29.
30.27000, 30.
30.28000, 30.
30.29000, 36.
30.30000, 30.
30.31000, 27.
30.32000, 29.
30.33000, 40.
30.34000, 31.
30.35000, 36.
30.36000, 20.
30.37000, 34.
30.38000, 40.
30.39000, 45.
30.40000, 29.
30.41000, 26.
30.42000, 25.
30.43000, 30.
30.44000, 40.
30.45000, 24.
30.46000, 25.
30.47000, 23.
30.48000, 37.
30.49000, 34.
30.50000, 31.
30.51000, 32.
30.52000, 30.
30.53000, 26.
30.54000, 42.
30.55000, 28.
30.56000, 27.
30.57000, 32.
30.58000, 25.
30.59000, 36.
30.60000, 34.
30.61000, 34.
30.62000, 39.
30.63000, 30.
30.64000, 35.
30.65000, 28.
30.66000, 18.
30.67000, 26.
30.68000, 40.
30.69000, 23.
30.70000, 25.
30.71000, 26.
30.72000, 32.
30.73000, 23.
30.74000, 27.
30.75000, 36.
30.76000, 28.
30.77000, 41.
30.78000, 29.
30.79000, 40.
30.80000, 28.
30.81000, 32.
30.82000, 27.
30.83000, 29.
30.84000, 34.
30.85000, 25.
30.86000, 22.
30.87000, 24.
30.88000, 24.
30.89000, 40.
30.90000, 32.
30.91000, 35.
30.92000, 37.
30.93000, 29.
30.94000, 36.
30.95000, 27.
30.96000, 30.
30.97000, 31.
30.98000, 33.
30.99000, 33.
31.00000, 30.
31.01000, 26.
31.02000, 39.
31.03000, 31.
31.04000, 29.
31.05000, 23.
31.06000, 27.
31.07000, 27.
31.08000, 27.
31.09000, 44.
31.10000, 29.
31.11000, 27.
31.12000, 37.
31.13000, 29.
31.14000, 32.
31.15000, 29.
31.16000, 33.
31.17000, 37.
31.18000, 32.
31.19000, 25.
31.20000, 27.
31.21000, 29.
31.22000, 33.
31.23000, 29.
31.24000, 23.
31.25000, 27.
31.26000, 27.
31.27000, 25.
31.28000, 22.
31.29000, 31.
31.30000, 26.
31.31000, 34.
31.32000, 25.
31.33000, 25.
31.34000, 27.
31.35000, 28.
31.36000, 23.
31.37000, 29.
31.38000, 26.
31.39000, 24.
31.40000, 27.
31.41000, 30.
31.42000, 21.
31.43000, 21.
31.44000, 25.
31.45000, 25.
31.46000, 29.
31.47000, 22.
31.48000, 21.
31.49000, 24.
31.50000, 31.
31.51000, 29.
31.52000, 26.
31.53000, 31.
31.54000, 32.
31.55000, 30.
31.56000, 40.
31.57000, 28.
31.58000, 28.
31.59000, 30.
31.60000, 37.
31.61000, 27.
31.62000, 29.
31.63000, 22.
31.64000, 32.
31.65000, 34.
31.66000, 22.
31.67000, 35.
31.68000, 28.
31.69000, 25.
31.70000, 28.
31.71000, 37.
31.72000, 29.
31.73000, 28.
31.74000, 38.
31.75000, 33.
31.76000, 34.
31.77000, 27.
31.78000, 39.
31.79000, 31.
31.80000, 24.
31.81000, 36.
31.82000, 26.
31.83000, 32.
31.84000, 31.
31.85000, 28.
31.86000, 30.
31.87000, 28.
31.88000, 34.
31.89000, 23.
31.90000, 30.
31.91000, 32.
31.92000, 28.
31.93000, 29.
31.94000, 30.
31.95000, 26.
31.96000, 25.
31.97000, 22.
31.98000, 37.
31.99000, 27.
32.00000, 29.
32.01000, 33.
32.02000, 41.
32.03000, 30.
32.04000, 28.
32.05000, 33.
32.06000, 40.
32.07000, 35.
32.08000, 29.
32.09000, 36.
32.10000, 38.
32.11000, 29.
32.12000, 39.
32.13000, 27.
32.14000, 32.
32.15000, 32.
32.16000, 32.
32.17000, 36.
32.18000, 30.
32.19000, 31.
32.20000, 36.
32.21000, 34.
32.22000, 46.
32.23000, 26.
32.24000, 28.
32.25000, 29.
32.26000, 31.
32.27000, 25.
32.28000, 16.
32.29000, 24.
32.30000, 33.
32.31000, 30.
32.32000, 26.
32.33000, 31.
32.34000, 20.
32.35000, 22.
32.36000, 19.
32.37000, 25.
32.38000, 27.
32.39000, 25.
32.40000, 26.
32.41000, 25.
32.42000, 9.
32.43000, 17.
32.44000, 20.
32.45000, 20.
32.46000, 26.
32.47000, 32.
32.48000, 33.
32.49000, 22.
32.50000, 24.
32.51000, 14.
32.52000, 27.
32.53000, 24.
32.54000, 27.
32.55000, 14.
32.56000, 20.
32.57000, 25.
32.58000, 23.
32.59000, 18.
32.60000, 23.
32.61000, 26.
32.62000, 25.
32.63000, 18.
32.64000, 14.
32.65000, 18.
32.66000, 28.
32.67000, 21.
32.68000, 27.
32.69000, 22.
32.70000, 32.
32.71000, 25.
32.72000, 30.
32.73000, 23.
32.74000, 18.
32.75000, 28.
32.76000, 18.
32.77000, 20.
32.78000, 22.
32.79000, 33.
32.80000, 28.
32.81000, 24.
32.82000, 22.
32.83000, 16.
32.84000, 23.
32.85000, 29.
32.86000, 22.
32.87000, 21.
32.88000, 21.
32.89000, 21.
32.90000, 40.
32.91000, 24.
32.92000, 27.
32.93000, 29.
32.94000, 26.
32.95000, 28.
32.96000, 23.
32.97000, 23.
32.98000, 22.
32.99000, 23.
33.00000, 27.
33.01000, 21.
33.02000, 21.
33.03000, 22.
33.04000, 26.
33.05000, 19.
33.06000, 35.
33.07000, 25.
33.08000, 27.
33.09000, 19.
33.10000, 12.
33.11000, 23.
33.12000, 22.
33.13000, 24.
33.14000, 26.
33.15000, 26.
33.16000, 23.
33.17000, 24.
33.18000, 20.
33.19000, 27.
33.20000, 29.
33.21000, 21.
33.22000, 25.
33.23000, 29.
33.24000, 25.
33.25000, 18.
33.26000, 15.
33.27000, 26.
33.28000, 22.
33.29000, 20.
33.30000, 25.
33.31000, 14.
33.32000, 20.
33.33000, 22.
33.34000, 19.
33.35000, 27.
33.36000, 26.
33.37000, 23.
33.38000, 23.
33.39000, 21.
33.40000, 21.
33.41000, 24.
33.42000, 18.
33.43000, 20.
33.44000, 20.
33.45000, 27.
33.46000, 18.
33.47000, 14.
33.48000, 23.
33.49000, 20.
33.50000, 26.
33.51000, 16.
33.52000, 23.
33.53000, 25.
33.54000, 11.
33.55000, 19.
33.56000, 15.
33.57000, 16.
33.58000, 26.
33.59000, 14.
33.60000, 16.
33.61000, 22.
33.62000, 26.
33.63000, 15.
33.64000, 23.
33.65000, 16.
33.66000, 19.
33.67000, 23.
33.68000, 16.
33.69000, 21.
33.70000, 14.
33.71000, 23.
33.72000, 18.
33.73000, 17.
33.74000, 22.
33.75000, 25.
33.76000, 19.
33.77000, 25.
33.78000, 18.
33.79000, 13.
33.80000, 26.
33.81000, 21.
33.82000, 22.
33.83000, 25.
33.84000, 29.
33.85000, 18.
33.86000, 17.
33.87000, 19.
33.88000, 29.
33.89000, 14.
33.90000, 13.
33.91000, 28.
33.92000, 15.
33.93000, 17.
33.94000, 19.
33.95000, 21.
33.96000, 17.
33.97000, 20.
33.98000, 18.
33.99000, 24.
34.00000, 18.
34.01000, 13.
34.02000, 18.
34.03000, 14.
34.04000, 19.
34.05000, 21.
34.06000, 11.
34.07000, 21.
34.08000, 17.
34.09000, 24.
34.10000, 17.
34.11000, 19.
34.12000, 22.
34.13000, 20.
34.14000, 14.
34.15000, 17.
34.16000, 23.
34.17000, 19.
34.18000, 17.
34.19000, 30.
34.20000, 17.
34.21000, 20.
34.22000, 27.
34.23000, 25.
34.24000, 20.
34.25000, 16.
34.26000, 22.
34.27000, 25.
34.28000, 19.
34.29000, 15.
34.30000, 19.
34.31000, 19.
34.32000, 18.
34.33000, 20.
34.34000, 16.
34.35000, 16.
34.36000, 8.
34.37000, 19.
34.38000, 14.
34.39000, 21.
34.40000, 15.
34.41000, 18.
34.42000, 15.
34.43000, 14.
34.44000, 12.
34.45000, 15.
34.46000, 35.
34.47000, 23.
34.48000, 14.
34.49000, 19.
34.50000, 22.
34.51000, 17.
34.52000, 9.
34.53000, 22.
34.54000, 22.
34.55000, 22.
34.56000, 20.
34.57000, 15.
34.58000, 20.
34.59000, 18.
34.60000, 20.
34.61000, 21.
34.62000, 16.
34.63000, 16.
34.64000, 19.
34.65000, 15.
34.66000, 26.
34.67000, 23.
34.68000, 28.
34.69000, 16.
34.70000, 24.
34.71000, 21.
34.72000, 17.
34.73000, 15.
34.74000, 15.
34.75000, 23.
34.76000, 26.
34.77000, 18.
34.78000, 16.
34.79000, 14.
34.80000, 21.
34.81000, 17.
34.82000, 18.
34.83000, 13.
34.84000, 16.
34.85000, 14.
34.86000, 15.
34.87000, 17.
34.88000, 19.
34.89000, 16.
34.90000, 16.
34.91000, 13.
34.92000, 14.
34.93000, 16.
34.94000, 15.
34.95000, 18.
34.96000, 14.
34.97000, 18.
34.98000, 20.
34.99000, 19.
35.00000, 7.
35.01000, 20.
35.02000, 17.
35.03000, 15.
35.04000, 15.
35.05000, 15.
35.06000, 9.
35.07000, 9.
35.08000, 14.
35.09000, 19.
35.10000, 16.
35.11000, 20.
35.12000, 21.
35.13000, 9.
35.14000, 18.
35.15000, 18.
35.16000, 12.
35.17000, 16.
35.18000, 20.
35.19000, 8.
35.20000, 12.
35.21000, 17.
35.22000, 12.
35.23000, 17.
35.24000, 15.
35.25000, 16.
35.26000, 10.
35.27000, 18.
35.28000, 11.
35.29000, 12.
35.30000, 12.
35.31000, 15.
35.32000, 14.
35.33000, 14.
35.34000, 11.
35.35000, 16.
35.36000, 15.
35.37000, 13.
35.38000, 19.
35.39000, 14.
35.40000, 14.
35.41000, 10.
35.42000, 16.
35.43000, 16.
35.44000, 12.
35.45000, 9.
35.46000, 13.
35.47000, 13.
35.48000, 13.
35.49000, 13.
35.50000, 8.
35.51000, 17.
35.52000, 20.
35.53000, 20.
35.54000, 22.
35.55000, 15.
35.56000, 12.
35.57000, 16.
35.58000, 19.
35.59000, 4.
35.60000, 15.
35.61000, 14.
35.62000, 5.
35.63000, 15.
35.64000, 14.
35.65000, 18.
35.66000, 18.
35.67000, 13.
35.68000, 10.
35.69000, 10.
35.70000, 18.
35.71000, 10.
35.72000, 9.
35.73000, 10.
35.74000, 15.
35.75000, 11.
35.76000, 16.
35.77000, 9.
35.78000, 15.
35.79000, 15.
35.80000, 15.
35.81000, 17.
35.82000, 13.
35.83000, 13.
35.84000, 6.
35.85000, 20.
35.86000, 24.
35.87000, 9.
35.88000, 19.
35.89000, 14.
35.90000, 14.
35.91000, 13.
35.92000, 14.
35.93000, 20.
35.94000, 14.
35.95000, 12.
35.96000, 12.
35.97000, 22.
35.98000, 11.
35.99000, 10.
36.00000, 7.
36.01000, 11.
36.02000, 15.
36.03000, 14.
36.04000, 14.
36.05000, 18.
36.06000, 13.
36.07000, 11.
36.08000, 13.
36.09000, 11.
36.10000, 18.
36.11000, 19.
36.12000, 12.
36.13000, 12.
36.14000, 9.
36.15000, 13.
36.16000, 16.
36.17000, 9.
36.18000, 18.
36.19000, 16.
36.20000, 16.
36.21000, 13.
36.22000, 16.
36.23000, 16.
36.24000, 16.
36.25000, 16.
36.26000, 11.
36.27000, 15.
36.28000, 17.
36.29000, 10.
36.30000, 15.
36.31000, 10.
36.32000, 21.
36.33000, 10.
36.34000, 15.
36.35000, 15.
36.36000, 17.
36.37000, 13.
36.38000, 9.
36.39000, 13.
36.40000, 14.
36.41000, 10.
36.42000, 9.
36.43000, 17.
36.44000, 11.
36.45000, 10.
36.46000, 13.
36.47000, 10.
36.48000, 14.
36.49000, 11.
36.50000, 14.
36.51000, 16.
36.52000, 18.
36.53000, 9.
36.54000, 15.
36.55000, 12.
36.56000, 13.
36.57000, 13.
36.58000, 7.
36.59000, 12.
36.60000, 7.
36.61000, 13.
36.62000, 7.
36.63000, 13.
36.64000, 13.
36.65000, 12.
36.66000, 13.
36.67000, 10.
36.68000, 7.
36.69000, 8.
36.70000, 9.
36.71000, 11.
36.72000, 11.
36.73000, 13.
36.74000, 13.
36.75000, 14.
36.76000, 15.
36.77000, 8.
36.78000, 11.
36.79000, 16.
36.80000, 9.
36.81000, 9.
36.82000, 18.
36.83000, 13.
36.84000, 11.
36.85000, 8.
36.86000, 11.
36.87000, 11.
36.88000, 14.
36.89000, 13.
36.90000, 21.
36.91000, 16.
36.92000, 9.
36.93000, 8.
36.94000, 12.
36.95000, 15.
36.96000, 12.
36.97000, 12.
36.98000, 12.
36.99000, 9.
37.00000, 12.
37.01000, 8.
37.02000, 15.
37.03000, 4.
37.04000, 9.
37.05000, 9.
37.06000, 6.
37.07000, 11.
37.08000, 9.
37.09000, 10.
37.10000, 6.
37.11000, 13.
37.12000, 10.
37.13000, 8.
37.14000, 10.
37.15000, 10.
37.16000, 7.
37.17000, 13.
37.18000, 7.
37.19000, 8.
37.20000, 11.
37.21000, 6.
37.22000, 9.
37.23000, 10.
37.24000, 9.
37.25000, 10.
37.26000, 14.
37.27000, 11.
37.28000, 10.
37.29000, 13.
37.30000, 10.
37.31000, 12.
37.32000, 7.
37.33000, 11.
37.34000, 18.
37.35000, 11.
37.36000, 14.
37.37000, 16.
37.38000, 9.
37.39000, 10.
37.40000, 10.
37.41000, 12.
37.42000, 14.
37.43000, 16.
37.44000, 5.
37.45000, 9.
37.46000, 12.
37.47000, 10.
37.48000, 7.
37.49000, 11.
37.50000, 16.
37.51000, 11.
37.52000, 9.
37.53000, 15.
37.54000, 12.
37.55000, 8.
37.56000, 9.
37.57000, 6.
37.58000, 9.
37.59000, 13.
37.60000, 5.
37.61000, 9.
37.62000, 11.
37.63000, 13.
37.64000, 13.
37.65000, 9.
37.66000, 10.
37.67000, 3.
37.68000, 7.
37.69000, 12.
37.70000, 6.
37.71000, 7.
37.72000, 5.
37.73000, 9.
37.74000, 8.
37.75000, 10.
37.76000, 12.
37.77000, 10.
37.78000, 11.
37.79000, 6.
37.80000, 7.
37.81000, 10.
37.82000, 18.
37.83000, 9.
37.84000, 10.
37.85000, 7.
37.86000, 8.
37.87000, 10.
37.88000, 9.
37.89000, 12.
37.90000, 5.
37.91000, 11.
37.92000, 9.
37.93000, 11.
37.94000, 8.
37.95000, 12.
37.96000, 7.
37.97000, 11.
37.98000, 3.
37.99000, 7.
38.00000, 5.
38.01000, 7.
38.02000, 10.
38.03000, 12.
38.04000, 6.
38.05000, 8.
38.06000, 10.
38.07000, 9.
38.08000, 13.
38.09000, 6.
38.10000, 10.
38.11000, 10.
38.12000, 7.
38.13000, 10.
38.14000, 8.
38.15000, 7.
38.16000, 8.
38.17000, 9.
38.18000, 8.
38.19000, 5.
38.20000, 11.
38.21000, 8.
38.22000, 9.
38.23000, 9.
38.24000, 4.
38.25000, 10.
38.26000, 10.
38.27000, 5.
38.28000, 4.
38.29000, 13.
38.30000, 3.
38.31000, 9.
38.32000, 9.
38.33000, 9.
38.34000, 3.
38.35000, 6.
38.36000, 5.
38.37000, 10.
38.38000, 6.
38.39000, 8.
38.40000, 9.
38.41000, 6.
38.42000, 11.
38.43000, 7.
38.44000, 10.
38.45000, 3.
38.46000, 8.
38.47000, 5.
38.48000, 11.
38.49000, 8.
38.50000, 7.
38.51000, 4.
38.52000, 6.
38.53000, 7.
38.54000, 9.
38.55000, 6.
38.56000, 5.
38.57000, 12.
38.58000, 8.
38.59000, 8.
38.60000, 7.
38.61000, 8.
38.62000, 7.
38.63000, 12.
38.64000, 8.
38.65000, 14.
38.66000, 10.
38.67000, 10.
38.68000, 6.
38.69000, 10.
38.70000, 6.
38.71000, 6.
38.72000, 7.
38.73000, 12.
38.74000, 6.
38.75000, 8.
38.76000, 6.
38.77000, 13.
38.78000, 8.
38.79000, 8.
38.80000, 9.
38.81000, 8.
38.82000, 9.
38.83000, 8.
38.84000, 5.
38.85000, 11.
38.86000, 8.
38.87000, 8.
38.88000, 7.
38.89000, 6.
38.90000, 7.
38.91000, 5.
38.92000, 3.
38.93000, 4.
38.94000, 7.
38.95000, 9.
38.96000, 9.
38.97000, 6.
38.98000, 7.
38.99000, 5.
39.00000, 7.
39.01000, 8.
39.02000, 13.
39.03000, 5.
39.04000, 6.
39.05000, 6.
39.06000, 4.
39.07000, 7.
39.08000, 5.
39.09000, 6.
39.10000, 4.
39.11000, 9.
39.12000, 10.
39.13000, 5.
39.14000, 4.
39.15000, 12.
39.16000, 5.
39.17000, 7.
39.18000, 2.
39.19000, 5.
39.20000, 10.
39.21000, 4.
39.22000, 7.
39.23000, 3.
39.24000, 4.
39.25000, 10.
39.26000, 7.
39.27000, 10.
39.28000, 5.
39.29000, 7.
39.30000, 4.
39.31000, 4.
39.32000, 8.
39.33000, 9.
39.34000, 5.
39.35000, 6.
39.36000, 4.
39.37000, 5.
39.38000, 4.
39.39000, 5.
39.40000, 6.
39.41000, 4.
39.42000, 6.
39.43000, 8.
39.44000, 9.
39.45000, 7.
39.46000, 7.
39.47000, 4.
39.48000, 9.
39.49000, 5.
39.50000, 2.
39.51000, 6.
39.52000, 5.
39.53000, 3.
39.54000, 4.
39.55000, 5.
39.56000, 7.
39.57000, 6.
39.58000, 3.
39.59000, 10.
39.60000, 5.
39.61000, 9.
39.62000, 6.
39.63000, 3.
39.64000, 8.
39.65000, 7.
39.66000, 7.
39.67000, 9.
39.68000, 6.
39.69000, 5.
39.70000, 0.
39.71000, 6.
39.72000, 9.
39.73000, 8.
39.74000, 6.
39.75000, 0.
39.76000, 10.
39.77000, 9.
39.78000, 3.
39.79000, 8.
39.80000, 6.
39.81000, 8.
39.82000, 7.
39.83000, 10.
39.84000, 10.
39.85000, 6.
39.86000, 4.
39.87000, 5.
39.88000, 7.
39.89000, 2.
39.90000, 4.
39.91000, 4.
39.92000, 2.
39.93000, 3.
39.94000, 6.
39.95000, 4.
39.96000, 1.
39.97000, 5.
39.98000, 7.
39.99000, 8.
40.00000, 9.
40.01000, 6.
40.02000, 5.
40.03000, 3.
40.04000, 4.
40.05000, 10.
40.06000, 6.
40.07000, 6.
40.08000, 3.
40.09000, 7.
40.10000, 5.
40.11000, 5.
40.12000, 5.
40.13000, 7.
40.14000, 5.
40.15000, 4.
40.16000, 7.
40.17000, 4.
40.18000, 7.
40.19000, 5.
40.20000, 2.
40.21000, 2.
40.22000, 7.
40.23000, 3.
40.24000, 6.
40.25000, 7.
40.26000, 6.
40.27000, 2.
40.28000, 4.
40.29000, 4.
40.30000, 0.
40.31000, 3.
40.32000, 12.
40.33000, 2.
40.34000, 4.
40.35000, 0.
40.36000, 4.
40.37000, 5.
40.38000, 4.
40.39000, 7.
40.40000, 2.
40.41000, 6.
40.42000, 5.
40.43000, 2.
40.44000, 8.
40.45000, 3.
40.46000, 4.
40.47000, 5.
40.48000, 5.
40.49000, 2.
40.50000, 5.
40.51000, 5.
40.52000, 3.
40.53000, 3.
40.54000, 3.
40.55000, 0.
#ENDOFDATA   : 
