#FORMAT      : EMSA/MAS Spectral Data File
#VERSION     : 1.0
#TITLE       : oreas 466 2
#DATE        : 10-AUG-2026
#TIME        : 12:56
#OWNER       : XGT7200
#NPOINTS     : 4096.
#NCOLUMNS    : 1.
#XUNITS      : keV
#YUNITS      : counts
#DATATYPE    : XY
#XPERCHAN    : 0.0100000
#OFFSET      : -0.400000
#SIGNALTYPE  : EDS
#CHOFFSET    : 40.0000
#LIVETIME    : 30.000000
#REALTIME    : 39.825947
#BEAMKV      : 50.0000
#PROBECUR    : 570000.
#MAGCAM      : 100.000
#XTILTSTGE   : 0.0
#AZIMANGLE   : 0.0
#ELEVANGLE   : 45.0
#XPOSITION mm: 0.0000
#YPOSITION mm: 0.0000
#ZPOSITION mm: 0.0000
##OXINSTPT   : 4
##OXINSTSTROB: 72.29
##OXINSTELEMS: 13,14,19,20,22,26,33,37,38,40,41
##OXINSTLABEL: 13, 1.487, Al
##OXINSTLABEL: 26, 6.404, Fe
##OXINSTLABEL: 26, 7.058, Fe
##OXINSTLABEL: 26, 0.705, Fe
##OXINSTLABEL: 26, 0.628, Fe
##OXINSTLABEL: 14, 1.740, Si
##OXINSTLABEL: 22, 4.511, Ti
##OXINSTLABEL: 22, 4.932, Ti
##OXINSTLABEL: 22, 0.452, Ti
##OXINSTLABEL: 22, 0.401, Ti
##OXINSTLABEL: 33, 10.544, As
##OXINSTLABEL: 33, 11.726, As
##OXINSTLABEL: 33, 1.282, As
##OXINSTLABEL: 33, 1.155, As
##OXINSTLABEL: 33, 1.120, As
##OXINSTLABEL: 37, 13.396, Rb
##OXINSTLABEL: 37, 14.962, Rb
##OXINSTLABEL: 37, 1.694, Rb
##OXINSTLABEL: 37, 1.542, Rb
##OXINSTLABEL: 37, 1.482, Rb
##OXINSTLABEL: 40, 15.775, Zr
##OXINSTLABEL: 40, 17.668, Zr
##OXINSTLABEL: 40, 17.970, Zr
##OXINSTLABEL: 40, 2.042, Zr
##OXINSTLABEL: 40, 1.877, Zr
##OXINSTLABEL: 40, 2.503, Zr
##OXINSTLABEL: 40, 1.792, Zr
##OXINSTLABEL: 19, 3.314, K
##OXINSTLABEL: 19, 3.590, K
##OXINSTLABEL: 19, 0.262, K
##OXINSTLABEL: 38, 14.165, Sr
##OXINSTLABEL: 38, 15.836, Sr
##OXINSTLABEL: 38, 16.085, Sr
##OXINSTLABEL: 38, 1.807, Sr
##OXINSTLABEL: 38, 1.649, Sr
##OXINSTLABEL: 38, 1.582, Sr
##OXINSTLABEL: 20, 3.692, Ca
##OXINSTLABEL: 20, 4.013, Ca
##OXINSTLABEL: 20, 0.341, Ca
##OXINSTLABEL: 20, 0.306, Ca
##OXINSTLABEL: 41, 16.615, Nb
##OXINSTLABEL: 41, 18.623, Nb
##OXINSTLABEL: 41, 18.953, Nb
##OXINSTLABEL: 41, 2.166, Nb
##OXINSTLABEL: 41, 1.996, Nb
##OXINSTLABEL: 41, 2.664, Nb
##OXINSTLABEL: 41, 1.902, Nb
#SPECTRUM    : Spectral Data Starts Here
-0.40000, 0.
-0.39000, 0.
-0.38000, 0.
-0.37000, 0.
-0.36000, 0.
-0.35000, 0.
-0.34000, 0.
-0.33000, 0.
-0.32000, 0.
-0.31000, 0.
-0.30000, 0.
-0.29000, 0.
-0.28000, 0.
-0.27000, 0.
-0.26000, 0.
-0.25000, 0.
-0.24000, 0.
-0.23000, 0.
-0.22000, 0.
-0.21000, 0.
-0.20000, 0.
-0.19000, 0.
-0.18000, 0.
-0.17000, 0.
-0.16000, 0.
-0.15000, 0.
-0.14000, 0.
-0.13000, 0.
-0.12000, 0.
-0.11000, 0.
-0.10000, 0.
-0.09000, 0.
-0.08000, 0.
-0.07000, 0.
-0.06000, 0.
-0.05000, 0.
-0.04000, 0.
-0.03000, 0.
-0.02000, 0.
-0.01000, 0.
0.00000, 0.
0.01000, 0.
0.02000, 0.
0.03000, 0.
0.04000, 0.
0.05000, 0.
0.06000, 0.
0.07000, 0.
0.08000, 0.
0.09000, 0.
0.10000, 0.
0.11000, 0.
0.12000, 0.
0.13000, 0.
0.14000, 0.
0.15000, 0.
0.16000, 0.
0.17000, 0.
0.18000, 0.
0.19000, 0.
0.20000, 0.
0.21000, 0.
0.22000, 0.
0.23000, 0.
0.24000, 0.
0.25000, 0.
0.26000, 0.
0.27000, 0.
0.28000, 0.
0.29000, 0.
0.30000, 0.
0.31000, 0.
0.32000, 0.
0.33000, 0.
0.34000, 2.
0.35000, 1.
0.36000, 4.
0.37000, 9.
0.38000, 10.
0.39000, 14.
0.40000, 23.
0.41000, 29.
0.42000, 38.
0.43000, 29.
0.44000, 33.
0.45000, 47.
0.46000, 47.
0.47000, 57.
0.48000, 50.
0.49000, 45.
0.50000, 54.
0.51000, 51.
0.52000, 39.
0.53000, 46.
0.54000, 44.
0.55000, 44.
0.56000, 31.
0.57000, 45.
0.58000, 42.
0.59000, 41.
0.60000, 48.
0.61000, 34.
0.62000, 46.
0.63000, 39.
0.64000, 38.
0.65000, 48.
0.66000, 31.
0.67000, 38.
0.68000, 39.
0.69000, 39.
0.70000, 44.
0.71000, 29.
0.72000, 40.
0.73000, 35.
0.74000, 50.
0.75000, 29.
0.76000, 38.
0.77000, 38.
0.78000, 39.
0.79000, 39.
0.80000, 39.
0.81000, 46.
0.82000, 30.
0.83000, 39.
0.84000, 39.
0.85000, 33.
0.86000, 38.
0.87000, 33.
0.88000, 45.
0.89000, 34.
0.90000, 31.
0.91000, 41.
0.92000, 34.
0.93000, 54.
0.94000, 44.
0.95000, 30.
0.96000, 40.
0.97000, 44.
0.98000, 29.
0.99000, 51.
1.00000, 39.
1.01000, 40.
1.02000, 43.
1.03000, 46.
1.04000, 35.
1.05000, 40.
1.06000, 44.
1.07000, 43.
1.08000, 42.
1.09000, 42.
1.10000, 39.
1.11000, 39.
1.12000, 28.
1.13000, 27.
1.14000, 39.
1.15000, 52.
1.16000, 25.
1.17000, 38.
1.18000, 35.
1.19000, 40.
1.20000, 39.
1.21000, 40.
1.22000, 45.
1.23000, 40.
1.24000, 46.
1.25000, 52.
1.26000, 37.
1.27000, 38.
1.28000, 47.
1.29000, 45.
1.30000, 39.
1.31000, 43.
1.32000, 50.
1.33000, 37.
1.34000, 39.
1.35000, 37.
1.36000, 40.
1.37000, 51.
1.38000, 48.
1.39000, 75.
1.40000, 104.
1.41000, 146.
1.42000, 212.
1.43000, 301.
1.44000, 453.
1.45000, 565.
1.46000, 647.
1.47000, 788.
1.48000, 881.
1.49000, 944.
1.50000, 861.
1.51000, 799.
1.52000, 689.
1.53000, 590.
1.54000, 446.
1.55000, 359.
1.56000, 293.
1.57000, 226.
1.58000, 187.
1.59000, 133.
1.60000, 100.
1.61000, 112.
1.62000, 153.
1.63000, 240.
1.64000, 344.
1.65000, 503.
1.66000, 879.
1.67000, 1393.
1.68000, 2047.
1.69000, 2748.
1.70000, 3749.
1.71000, 4628.
1.72000, 5658.
1.73000, 6225.
1.74000, 6712.
1.75000, 6665.
1.76000, 6389.
1.77000, 5761.
1.78000, 4864.
1.79000, 3953.
1.80000, 3126.
1.81000, 2327.
1.82000, 1575.
1.83000, 1211.
1.84000, 851.
1.85000, 550.
1.86000, 472.
1.87000, 312.
1.88000, 221.
1.89000, 186.
1.90000, 129.
1.91000, 91.
1.92000, 68.
1.93000, 60.
1.94000, 41.
1.95000, 55.
1.96000, 36.
1.97000, 51.
1.98000, 53.
1.99000, 47.
2.00000, 57.
2.01000, 49.
2.02000, 37.
2.03000, 45.
2.04000, 46.
2.05000, 44.
2.06000, 34.
2.07000, 36.
2.08000, 41.
2.09000, 28.
2.10000, 31.
2.11000, 31.
2.12000, 20.
2.13000, 34.
2.14000, 28.
2.15000, 26.
2.16000, 33.
2.17000, 19.
2.18000, 27.
2.19000, 26.
2.20000, 34.
2.21000, 26.
2.22000, 20.
2.23000, 19.
2.24000, 18.
2.25000, 22.
2.26000, 29.
2.27000, 28.
2.28000, 30.
2.29000, 39.
2.30000, 34.
2.31000, 32.
2.32000, 27.
2.33000, 32.
2.34000, 36.
2.35000, 39.
2.36000, 35.
2.37000, 24.
2.38000, 39.
2.39000, 27.
2.40000, 33.
2.41000, 28.
2.42000, 27.
2.43000, 32.
2.44000, 25.
2.45000, 23.
2.46000, 26.
2.47000, 26.
2.48000, 20.
2.49000, 27.
2.50000, 36.
2.51000, 34.
2.52000, 35.
2.53000, 26.
2.54000, 30.
2.55000, 47.
2.56000, 35.
2.57000, 48.
2.58000, 57.
2.59000, 73.
2.60000, 79.
2.61000, 129.
2.62000, 168.
2.63000, 189.
2.64000, 231.
2.65000, 314.
2.66000, 368.
2.67000, 413.
2.68000, 454.
2.69000, 463.
2.70000, 507.
2.71000, 518.
2.72000, 475.
2.73000, 426.
2.74000, 363.
2.75000, 340.
2.76000, 292.
2.77000, 269.
2.78000, 271.
2.79000, 221.
2.80000, 235.
2.81000, 253.
2.82000, 264.
2.83000, 241.
2.84000, 243.
2.85000, 272.
2.86000, 231.
2.87000, 257.
2.88000, 211.
2.89000, 182.
2.90000, 157.
2.91000, 147.
2.92000, 122.
2.93000, 117.
2.94000, 111.
2.95000, 113.
2.96000, 63.
2.97000, 78.
2.98000, 82.
2.99000, 73.
3.00000, 60.
3.01000, 67.
3.02000, 59.
3.03000, 55.
3.04000, 39.
3.05000, 43.
3.06000, 34.
3.07000, 47.
3.08000, 28.
3.09000, 31.
3.10000, 41.
3.11000, 37.
3.12000, 33.
3.13000, 32.
3.14000, 28.
3.15000, 43.
3.16000, 37.
3.17000, 52.
3.18000, 50.
3.19000, 87.
3.20000, 94.
3.21000, 132.
3.22000, 185.
3.23000, 276.
3.24000, 343.
3.25000, 452.
3.26000, 588.
3.27000, 669.
3.28000, 766.
3.29000, 918.
3.30000, 1025.
3.31000, 1043.
3.32000, 1040.
3.33000, 1017.
3.34000, 1002.
3.35000, 834.
3.36000, 733.
3.37000, 613.
3.38000, 467.
3.39000, 375.
3.40000, 281.
3.41000, 209.
3.42000, 162.
3.43000, 120.
3.44000, 78.
3.45000, 72.
3.46000, 72.
3.47000, 60.
3.48000, 54.
3.49000, 56.
3.50000, 85.
3.51000, 79.
3.52000, 88.
3.53000, 81.
3.54000, 123.
3.55000, 122.
3.56000, 157.
3.57000, 159.
3.58000, 183.
3.59000, 179.
3.60000, 213.
3.61000, 213.
3.62000, 217.
3.63000, 233.
3.64000, 271.
3.65000, 248.
3.66000, 290.
3.67000, 300.
3.68000, 277.
3.69000, 260.
3.70000, 252.
3.71000, 257.
3.72000, 225.
3.73000, 219.
3.74000, 142.
3.75000, 139.
3.76000, 124.
3.77000, 80.
3.78000, 60.
3.79000, 53.
3.80000, 37.
3.81000, 30.
3.82000, 34.
3.83000, 21.
3.84000, 26.
3.85000, 19.
3.86000, 24.
3.87000, 16.
3.88000, 31.
3.89000, 24.
3.90000, 26.
3.91000, 25.
3.92000, 19.
3.93000, 34.
3.94000, 29.
3.95000, 34.
3.96000, 45.
3.97000, 41.
3.98000, 46.
3.99000, 44.
4.00000, 58.
4.01000, 55.
4.02000, 66.
4.03000, 57.
4.04000, 41.
4.05000, 55.
4.06000, 35.
4.07000, 35.
4.08000, 34.
4.09000, 34.
4.10000, 29.
4.11000, 39.
4.12000, 27.
4.13000, 28.
4.14000, 29.
4.15000, 36.
4.16000, 24.
4.17000, 36.
4.18000, 14.
4.19000, 25.
4.20000, 20.
4.21000, 32.
4.22000, 32.
4.23000, 31.
4.24000, 32.
4.25000, 27.
4.26000, 18.
4.27000, 27.
4.28000, 32.
4.29000, 34.
4.30000, 22.
4.31000, 42.
4.32000, 39.
4.33000, 38.
4.34000, 26.
4.35000, 51.
4.36000, 68.
4.37000, 77.
4.38000, 95.
4.39000, 113.
4.40000, 139.
4.41000, 179.
4.42000, 235.
4.43000, 304.
4.44000, 346.
4.45000, 474.
4.46000, 550.
4.47000, 631.
4.48000, 665.
4.49000, 710.
4.50000, 794.
4.51000, 802.
4.52000, 775.
4.53000, 779.
4.54000, 631.
4.55000, 600.
4.56000, 519.
4.57000, 401.
4.58000, 392.
4.59000, 319.
4.60000, 244.
4.61000, 213.
4.62000, 192.
4.63000, 138.
4.64000, 154.
4.65000, 119.
4.66000, 118.
4.67000, 120.
4.68000, 104.
4.69000, 114.
4.70000, 83.
4.71000, 104.
4.72000, 68.
4.73000, 75.
4.74000, 90.
4.75000, 81.
4.76000, 81.
4.77000, 67.
4.78000, 79.
4.79000, 91.
4.80000, 90.
4.81000, 119.
4.82000, 103.
4.83000, 133.
4.84000, 123.
4.85000, 142.
4.86000, 159.
4.87000, 175.
4.88000, 165.
4.89000, 188.
4.90000, 178.
4.91000, 195.
4.92000, 192.
4.93000, 199.
4.94000, 218.
4.95000, 181.
4.96000, 200.
4.97000, 188.
4.98000, 152.
4.99000, 176.
5.00000, 118.
5.01000, 108.
5.02000, 122.
5.03000, 74.
5.04000, 75.
5.05000, 56.
5.06000, 66.
5.07000, 61.
5.08000, 66.
5.09000, 48.
5.10000, 56.
5.11000, 66.
5.12000, 62.
5.13000, 54.
5.14000, 54.
5.15000, 68.
5.16000, 53.
5.17000, 64.
5.18000, 72.
5.19000, 64.
5.20000, 82.
5.21000, 70.
5.22000, 82.
5.23000, 54.
5.24000, 74.
5.25000, 66.
5.26000, 72.
5.27000, 90.
5.28000, 83.
5.29000, 76.
5.30000, 82.
5.31000, 91.
5.32000, 77.
5.33000, 86.
5.34000, 76.
5.35000, 91.
5.36000, 94.
5.37000, 114.
5.38000, 90.
5.39000, 102.
5.40000, 118.
5.41000, 97.
5.42000, 103.
5.43000, 107.
5.44000, 102.
5.45000, 100.
5.46000, 93.
5.47000, 75.
5.48000, 69.
5.49000, 73.
5.50000, 87.
5.51000, 75.
5.52000, 90.
5.53000, 66.
5.54000, 74.
5.55000, 78.
5.56000, 77.
5.57000, 69.
5.58000, 56.
5.59000, 67.
5.60000, 86.
5.61000, 82.
5.62000, 65.
5.63000, 61.
5.64000, 73.
5.65000, 77.
5.66000, 56.
5.67000, 70.
5.68000, 77.
5.69000, 61.
5.70000, 63.
5.71000, 64.
5.72000, 63.
5.73000, 71.
5.74000, 67.
5.75000, 70.
5.76000, 65.
5.77000, 69.
5.78000, 61.
5.79000, 70.
5.80000, 86.
5.81000, 73.
5.82000, 67.
5.83000, 74.
5.84000, 61.
5.85000, 74.
5.86000, 63.
5.87000, 86.
5.88000, 72.
5.89000, 75.
5.90000, 89.
5.91000, 78.
5.92000, 74.
5.93000, 78.
5.94000, 79.
5.95000, 95.
5.96000, 75.
5.97000, 79.
5.98000, 72.
5.99000, 80.
6.00000, 82.
6.01000, 68.
6.02000, 72.
6.03000, 57.
6.04000, 72.
6.05000, 68.
6.06000, 73.
6.07000, 71.
6.08000, 91.
6.09000, 83.
6.10000, 86.
6.11000, 92.
6.12000, 84.
6.13000, 93.
6.14000, 85.
6.15000, 103.
6.16000, 122.
6.17000, 120.
6.18000, 150.
6.19000, 205.
6.20000, 214.
6.21000, 278.
6.22000, 402.
6.23000, 562.
6.24000, 805.
6.25000, 1107.
6.26000, 1501.
6.27000, 2142.
6.28000, 2804.
6.29000, 3776.
6.30000, 5061.
6.31000, 6247.
6.32000, 7926.
6.33000, 9561.
6.34000, 11357.
6.35000, 12752.
6.36000, 14425.
6.37000, 15535.
6.38000, 16245.
6.39000, 17214.
6.40000, 17160.
6.41000, 17056.
6.42000, 15939.
6.43000, 14917.
6.44000, 13287.
6.45000, 11995.
6.46000, 10024.
6.47000, 8522.
6.48000, 6911.
6.49000, 5461.
6.50000, 4096.
6.51000, 3189.
6.52000, 2372.
6.53000, 1744.
6.54000, 1257.
6.55000, 869.
6.56000, 585.
6.57000, 434.
6.58000, 328.
6.59000, 235.
6.60000, 173.
6.61000, 164.
6.62000, 145.
6.63000, 109.
6.64000, 109.
6.65000, 108.
6.66000, 96.
6.67000, 112.
6.68000, 110.
6.69000, 105.
6.70000, 101.
6.71000, 112.
6.72000, 108.
6.73000, 112.
6.74000, 101.
6.75000, 112.
6.76000, 117.
6.77000, 112.
6.78000, 100.
6.79000, 119.
6.80000, 125.
6.81000, 122.
6.82000, 126.
6.83000, 158.
6.84000, 142.
6.85000, 163.
6.86000, 166.
6.87000, 217.
6.88000, 227.
6.89000, 239.
6.90000, 351.
6.91000, 393.
6.92000, 477.
6.93000, 630.
6.94000, 784.
6.95000, 974.
6.96000, 1130.
6.97000, 1305.
6.98000, 1584.
6.99000, 1823.
7.00000, 2093.
7.01000, 2255.
7.02000, 2553.
7.03000, 2658.
7.04000, 2556.
7.05000, 2808.
7.06000, 2802.
7.07000, 2649.
7.08000, 2536.
7.09000, 2371.
7.10000, 2116.
7.11000, 1811.
7.12000, 1609.
7.13000, 1378.
7.14000, 1192.
7.15000, 922.
7.16000, 715.
7.17000, 598.
7.18000, 407.
7.19000, 362.
7.20000, 290.
7.21000, 197.
7.22000, 173.
7.23000, 149.
7.24000, 117.
7.25000, 65.
7.26000, 85.
7.27000, 72.
7.28000, 59.
7.29000, 78.
7.30000, 82.
7.31000, 63.
7.32000, 69.
7.33000, 61.
7.34000, 78.
7.35000, 69.
7.36000, 76.
7.37000, 70.
7.38000, 79.
7.39000, 71.
7.40000, 71.
7.41000, 64.
7.42000, 82.
7.43000, 83.
7.44000, 78.
7.45000, 69.
7.46000, 73.
7.47000, 89.
7.48000, 94.
7.49000, 71.
7.50000, 87.
7.51000, 68.
7.52000, 76.
7.53000, 81.
7.54000, 72.
7.55000, 73.
7.56000, 68.
7.57000, 82.
7.58000, 95.
7.59000, 69.
7.60000, 68.
7.61000, 70.
7.62000, 87.
7.63000, 72.
7.64000, 75.
7.65000, 69.
7.66000, 80.
7.67000, 64.
7.68000, 64.
7.69000, 75.
7.70000, 67.
7.71000, 64.
7.72000, 73.
7.73000, 85.
7.74000, 58.
7.75000, 64.
7.76000, 69.
7.77000, 74.
7.78000, 79.
7.79000, 69.
7.80000, 88.
7.81000, 78.
7.82000, 81.
7.83000, 88.
7.84000, 67.
7.85000, 87.
7.86000, 105.
7.87000, 90.
7.88000, 107.
7.89000, 91.
7.90000, 95.
7.91000, 113.
7.92000, 119.
7.93000, 102.
7.94000, 129.
7.95000, 111.
7.96000, 114.
7.97000, 124.
7.98000, 106.
7.99000, 119.
8.00000, 110.
8.01000, 126.
8.02000, 133.
8.03000, 127.
8.04000, 127.
8.05000, 150.
8.06000, 130.
8.07000, 141.
8.08000, 131.
8.09000, 139.
8.10000, 157.
8.11000, 155.
8.12000, 144.
8.13000, 131.
8.14000, 126.
8.15000, 139.
8.16000, 149.
8.17000, 154.
8.18000, 134.
8.19000, 125.
8.20000, 120.
8.21000, 110.
8.22000, 129.
8.23000, 111.
8.24000, 108.
8.25000, 110.
8.26000, 104.
8.27000, 105.
8.28000, 117.
8.29000, 93.
8.30000, 114.
8.31000, 101.
8.32000, 117.
8.33000, 134.
8.34000, 116.
8.35000, 107.
8.36000, 109.
8.37000, 114.
8.38000, 124.
8.39000, 130.
8.40000, 120.
8.41000, 111.
8.42000, 123.
8.43000, 123.
8.44000, 104.
8.45000, 99.
8.46000, 121.
8.47000, 107.
8.48000, 116.
8.49000, 113.
8.50000, 117.
8.51000, 105.
8.52000, 102.
8.53000, 98.
8.54000, 100.
8.55000, 109.
8.56000, 117.
8.57000, 127.
8.58000, 128.
8.59000, 112.
8.60000, 128.
8.61000, 144.
8.62000, 116.
8.63000, 115.
8.64000, 156.
8.65000, 117.
8.66000, 108.
8.67000, 121.
8.68000, 132.
8.69000, 116.
8.70000, 120.
8.71000, 137.
8.72000, 102.
8.73000, 116.
8.74000, 102.
8.75000, 98.
8.76000, 114.
8.77000, 105.
8.78000, 122.
8.79000, 104.
8.80000, 122.
8.81000, 99.
8.82000, 100.
8.83000, 108.
8.84000, 101.
8.85000, 108.
8.86000, 90.
8.87000, 96.
8.88000, 118.
8.89000, 103.
8.90000, 100.
8.91000, 107.
8.92000, 100.
8.93000, 122.
8.94000, 117.
8.95000, 114.
8.96000, 86.
8.97000, 115.
8.98000, 97.
8.99000, 120.
9.00000, 98.
9.01000, 105.
9.02000, 116.
9.03000, 125.
9.04000, 100.
9.05000, 116.
9.06000, 118.
9.07000, 103.
9.08000, 124.
9.09000, 109.
9.10000, 123.
9.11000, 106.
9.12000, 104.
9.13000, 125.
9.14000, 115.
9.15000, 122.
9.16000, 115.
9.17000, 134.
9.18000, 116.
9.19000, 136.
9.20000, 127.
9.21000, 124.
9.22000, 116.
9.23000, 118.
9.24000, 137.
9.25000, 125.
9.26000, 130.
9.27000, 116.
9.28000, 143.
9.29000, 120.
9.30000, 110.
9.31000, 134.
9.32000, 126.
9.33000, 109.
9.34000, 119.
9.35000, 115.
9.36000, 122.
9.37000, 136.
9.38000, 119.
9.39000, 129.
9.40000, 112.
9.41000, 118.
9.42000, 107.
9.43000, 126.
9.44000, 112.
9.45000, 134.
9.46000, 95.
9.47000, 133.
9.48000, 120.
9.49000, 137.
9.50000, 110.
9.51000, 117.
9.52000, 122.
9.53000, 140.
9.54000, 114.
9.55000, 124.
9.56000, 133.
9.57000, 154.
9.58000, 147.
9.59000, 133.
9.60000, 114.
9.61000, 126.
9.62000, 156.
9.63000, 142.
9.64000, 110.
9.65000, 166.
9.66000, 139.
9.67000, 141.
9.68000, 155.
9.69000, 140.
9.70000, 128.
9.71000, 138.
9.72000, 123.
9.73000, 127.
9.74000, 134.
9.75000, 152.
9.76000, 128.
9.77000, 153.
9.78000, 122.
9.79000, 128.
9.80000, 128.
9.81000, 137.
9.82000, 96.
9.83000, 121.
9.84000, 105.
9.85000, 125.
9.86000, 129.
9.87000, 121.
9.88000, 137.
9.89000, 120.
9.90000, 142.
9.91000, 117.
9.92000, 108.
9.93000, 128.
9.94000, 144.
9.95000, 124.
9.96000, 136.
9.97000, 129.
9.98000, 121.
9.99000, 111.
10.00000, 131.
10.01000, 127.
10.02000, 123.
10.03000, 130.
10.04000, 121.
10.05000, 115.
10.06000, 112.
10.07000, 129.
10.08000, 121.
10.09000, 129.
10.10000, 124.
10.11000, 124.
10.12000, 138.
10.13000, 113.
10.14000, 135.
10.15000, 113.
10.16000, 127.
10.17000, 117.
10.18000, 143.
10.19000, 126.
10.20000, 122.
10.21000, 132.
10.22000, 151.
10.23000, 125.
10.24000, 114.
10.25000, 110.
10.26000, 113.
10.27000, 130.
10.28000, 123.
10.29000, 132.
10.30000, 139.
10.31000, 122.
10.32000, 151.
10.33000, 127.
10.34000, 148.
10.35000, 135.
10.36000, 177.
10.37000, 167.
10.38000, 178.
10.39000, 205.
10.40000, 239.
10.41000, 261.
10.42000, 291.
10.43000, 323.
10.44000, 326.
10.45000, 399.
10.46000, 387.
10.47000, 447.
10.48000, 440.
10.49000, 475.
10.50000, 468.
10.51000, 489.
10.52000, 496.
10.53000, 518.
10.54000, 512.
10.55000, 487.
10.56000, 429.
10.57000, 443.
10.58000, 407.
10.59000, 389.
10.60000, 338.
10.61000, 322.
10.62000, 284.
10.63000, 279.
10.64000, 216.
10.65000, 206.
10.66000, 188.
10.67000, 173.
10.68000, 162.
10.69000, 143.
10.70000, 156.
10.71000, 161.
10.72000, 153.
10.73000, 153.
10.74000, 137.
10.75000, 113.
10.76000, 139.
10.77000, 141.
10.78000, 134.
10.79000, 139.
10.80000, 154.
10.81000, 138.
10.82000, 120.
10.83000, 123.
10.84000, 145.
10.85000, 142.
10.86000, 139.
10.87000, 123.
10.88000, 138.
10.89000, 151.
10.90000, 136.
10.91000, 132.
10.92000, 149.
10.93000, 127.
10.94000, 133.
10.95000, 126.
10.96000, 148.
10.97000, 102.
10.98000, 119.
10.99000, 130.
11.00000, 116.
11.01000, 124.
11.02000, 121.
11.03000, 133.
11.04000, 133.
11.05000, 131.
11.06000, 142.
11.07000, 105.
11.08000, 137.
11.09000, 137.
11.10000, 127.
11.11000, 131.
11.12000, 135.
11.13000, 126.
11.14000, 124.
11.15000, 116.
11.16000, 115.
11.17000, 135.
11.18000, 141.
11.19000, 119.
11.20000, 147.
11.21000, 129.
11.22000, 99.
11.23000, 130.
11.24000, 151.
11.25000, 140.
11.26000, 141.
11.27000, 115.
11.28000, 139.
11.29000, 113.
11.30000, 135.
11.31000, 138.
11.32000, 149.
11.33000, 136.
11.34000, 130.
11.35000, 139.
11.36000, 149.
11.37000, 142.
11.38000, 154.
11.39000, 149.
11.40000, 141.
11.41000, 139.
11.42000, 135.
11.43000, 134.
11.44000, 156.
11.45000, 123.
11.46000, 139.
11.47000, 144.
11.48000, 142.
11.49000, 131.
11.50000, 124.
11.51000, 136.
11.52000, 136.
11.53000, 154.
11.54000, 141.
11.55000, 166.
11.56000, 138.
11.57000, 141.
11.58000, 161.
11.59000, 167.
11.60000, 183.
11.61000, 135.
11.62000, 187.
11.63000, 175.
11.64000, 182.
11.65000, 208.
11.66000, 163.
11.67000, 202.
11.68000, 195.
11.69000, 206.
11.70000, 197.
11.71000, 176.
11.72000, 202.
11.73000, 193.
11.74000, 205.
11.75000, 173.
11.76000, 183.
11.77000, 170.
11.78000, 171.
11.79000, 156.
11.80000, 173.
11.81000, 168.
11.82000, 146.
11.83000, 167.
11.84000, 162.
11.85000, 155.
11.86000, 141.
11.87000, 153.
11.88000, 151.
11.89000, 145.
11.90000, 164.
11.91000, 153.
11.92000, 132.
11.93000, 134.
11.94000, 125.
11.95000, 154.
11.96000, 145.
11.97000, 133.
11.98000, 136.
11.99000, 129.
12.00000, 130.
12.01000, 130.
12.02000, 130.
12.03000, 130.
12.04000, 144.
12.05000, 119.
12.06000, 137.
12.07000, 133.
12.08000, 134.
12.09000, 148.
12.10000, 126.
12.11000, 111.
12.12000, 144.
12.13000, 148.
12.14000, 160.
12.15000, 137.
12.16000, 116.
12.17000, 127.
12.18000, 141.
12.19000, 120.
12.20000, 147.
12.21000, 125.
12.22000, 136.
12.23000, 125.
12.24000, 142.
12.25000, 143.
12.26000, 127.
12.27000, 150.
12.28000, 148.
12.29000, 154.
12.30000, 126.
12.31000, 112.
12.32000, 114.
12.33000, 125.
12.34000, 123.
12.35000, 131.
12.36000, 153.
12.37000, 143.
12.38000, 134.
12.39000, 140.
12.40000, 109.
12.41000, 134.
12.42000, 150.
12.43000, 140.
12.44000, 148.
12.45000, 151.
12.46000, 133.
12.47000, 138.
12.48000, 154.
12.49000, 156.
12.50000, 148.
12.51000, 168.
12.52000, 162.
12.53000, 132.
12.54000, 148.
12.55000, 154.
12.56000, 139.
12.57000, 138.
12.58000, 133.
12.59000, 135.
12.60000, 135.
12.61000, 159.
12.62000, 126.
12.63000, 139.
12.64000, 135.
12.65000, 135.
12.66000, 146.
12.67000, 167.
12.68000, 158.
12.69000, 140.
12.70000, 167.
12.71000, 154.
12.72000, 164.
12.73000, 155.
12.74000, 160.
12.75000, 160.
12.76000, 167.
12.77000, 183.
12.78000, 200.
12.79000, 192.
12.80000, 169.
12.81000, 184.
12.82000, 189.
12.83000, 180.
12.84000, 181.
12.85000, 185.
12.86000, 168.
12.87000, 177.
12.88000, 170.
12.89000, 173.
12.90000, 166.
12.91000, 180.
12.92000, 180.
12.93000, 155.
12.94000, 177.
12.95000, 172.
12.96000, 176.
12.97000, 160.
12.98000, 164.
12.99000, 178.
13.00000, 187.
13.01000, 180.
13.02000, 138.
13.03000, 130.
13.04000, 167.
13.05000, 155.
13.06000, 132.
13.07000, 137.
13.08000, 156.
13.09000, 153.
13.10000, 165.
13.11000, 131.
13.12000, 164.
13.13000, 158.
13.14000, 152.
13.15000, 163.
13.16000, 171.
13.17000, 148.
13.18000, 153.
13.19000, 176.
13.20000, 183.
13.21000, 177.
13.22000, 185.
13.23000, 186.
13.24000, 174.
13.25000, 201.
13.26000, 238.
13.27000, 214.
13.28000, 219.
13.29000, 235.
13.30000, 261.
13.31000, 263.
13.32000, 282.
13.33000, 283.
13.34000, 283.
13.35000, 310.
13.36000, 315.
13.37000, 280.
13.38000, 273.
13.39000, 280.
13.40000, 281.
13.41000, 255.
13.42000, 255.
13.43000, 206.
13.44000, 209.
13.45000, 241.
13.46000, 211.
13.47000, 215.
13.48000, 208.
13.49000, 204.
13.50000, 196.
13.51000, 175.
13.52000, 169.
13.53000, 202.
13.54000, 174.
13.55000, 169.
13.56000, 151.
13.57000, 155.
13.58000, 145.
13.59000, 156.
13.60000, 142.
13.61000, 152.
13.62000, 125.
13.63000, 136.
13.64000, 133.
13.65000, 151.
13.66000, 151.
13.67000, 141.
13.68000, 154.
13.69000, 127.
13.70000, 131.
13.71000, 131.
13.72000, 149.
13.73000, 138.
13.74000, 137.
13.75000, 145.
13.76000, 148.
13.77000, 137.
13.78000, 155.
13.79000, 159.
13.80000, 137.
13.81000, 155.
13.82000, 157.
13.83000, 131.
13.84000, 157.
13.85000, 142.
13.86000, 139.
13.87000, 150.
13.88000, 154.
13.89000, 154.
13.90000, 122.
13.91000, 162.
13.92000, 158.
13.93000, 166.
13.94000, 146.
13.95000, 172.
13.96000, 197.
13.97000, 149.
13.98000, 172.
13.99000, 200.
14.00000, 181.
14.01000, 204.
14.02000, 194.
14.03000, 213.
14.04000, 202.
14.05000, 233.
14.06000, 213.
14.07000, 239.
14.08000, 250.
14.09000, 230.
14.10000, 256.
14.11000, 239.
14.12000, 254.
14.13000, 255.
14.14000, 219.
14.15000, 280.
14.16000, 249.
14.17000, 229.
14.18000, 211.
14.19000, 223.
14.20000, 206.
14.21000, 219.
14.22000, 186.
14.23000, 185.
14.24000, 191.
14.25000, 181.
14.26000, 167.
14.27000, 180.
14.28000, 166.
14.29000, 160.
14.30000, 156.
14.31000, 127.
14.32000, 122.
14.33000, 149.
14.34000, 162.
14.35000, 150.
14.36000, 139.
14.37000, 160.
14.38000, 152.
14.39000, 119.
14.40000, 142.
14.41000, 167.
14.42000, 139.
14.43000, 128.
14.44000, 133.
14.45000, 129.
14.46000, 122.
14.47000, 119.
14.48000, 134.
14.49000, 151.
14.50000, 122.
14.51000, 164.
14.52000, 149.
14.53000, 143.
14.54000, 120.
14.55000, 147.
14.56000, 135.
14.57000, 147.
14.58000, 171.
14.59000, 154.
14.60000, 127.
14.61000, 152.
14.62000, 151.
14.63000, 139.
14.64000, 135.
14.65000, 154.
14.66000, 139.
14.67000, 141.
14.68000, 137.
14.69000, 121.
14.70000, 150.
14.71000, 158.
14.72000, 141.
14.73000, 124.
14.74000, 169.
14.75000, 160.
14.76000, 151.
14.77000, 150.
14.78000, 147.
14.79000, 155.
14.80000, 157.
14.81000, 168.
14.82000, 185.
14.83000, 192.
14.84000, 180.
14.85000, 183.
14.86000, 189.
14.87000, 193.
14.88000, 198.
14.89000, 191.
14.90000, 187.
14.91000, 172.
14.92000, 184.
14.93000, 206.
14.94000, 200.
14.95000, 192.
14.96000, 205.
14.97000, 186.
14.98000, 155.
14.99000, 170.
15.00000, 169.
15.01000, 187.
15.02000, 155.
15.03000, 168.
15.04000, 171.
15.05000, 175.
15.06000, 183.
15.07000, 147.
15.08000, 153.
15.09000, 127.
15.10000, 169.
15.11000, 130.
15.12000, 161.
15.13000, 143.
15.14000, 157.
15.15000, 154.
15.16000, 157.
15.17000, 130.
15.18000, 144.
15.19000, 138.
15.20000, 133.
15.21000, 129.
15.22000, 136.
15.23000, 152.
15.24000, 136.
15.25000, 139.
15.26000, 175.
15.27000, 151.
15.28000, 160.
15.29000, 155.
15.30000, 160.
15.31000, 135.
15.32000, 146.
15.33000, 124.
15.34000, 131.
15.35000, 143.
15.36000, 133.
15.37000, 163.
15.38000, 128.
15.39000, 139.
15.40000, 149.
15.41000, 147.
15.42000, 134.
15.43000, 152.
15.44000, 143.
15.45000, 143.
15.46000, 140.
15.47000, 151.
15.48000, 143.
15.49000, 176.
15.50000, 150.
15.51000, 175.
15.52000, 168.
15.53000, 182.
15.54000, 193.
15.55000, 205.
15.56000, 206.
15.57000, 205.
15.58000, 223.
15.59000, 233.
15.60000, 255.
15.61000, 257.
15.62000, 315.
15.63000, 258.
15.64000, 326.
15.65000, 318.
15.66000, 330.
15.67000, 392.
15.68000, 323.
15.69000, 351.
15.70000, 395.
15.71000, 387.
15.72000, 396.
15.73000, 391.
15.74000, 362.
15.75000, 383.
15.76000, 388.
15.77000, 375.
15.78000, 355.
15.79000, 332.
15.80000, 329.
15.81000, 315.
15.82000, 319.
15.83000, 305.
15.84000, 261.
15.85000, 248.
15.86000, 244.
15.87000, 201.
15.88000, 232.
15.89000, 206.
15.90000, 176.
15.91000, 181.
15.92000, 162.
15.93000, 194.
15.94000, 169.
15.95000, 142.
15.96000, 185.
15.97000, 151.
15.98000, 161.
15.99000, 148.
16.00000, 137.
16.01000, 155.
16.02000, 149.
16.03000, 124.
16.04000, 151.
16.05000, 142.
16.06000, 168.
16.07000, 150.
16.08000, 146.
16.09000, 165.
16.10000, 181.
16.11000, 133.
16.12000, 159.
16.13000, 128.
16.14000, 145.
16.15000, 146.
16.16000, 150.
16.17000, 147.
16.18000, 160.
16.19000, 144.
16.20000, 161.
16.21000, 152.
16.22000, 164.
16.23000, 152.
16.24000, 152.
16.25000, 138.
16.26000, 149.
16.27000, 135.
16.28000, 140.
16.29000, 163.
16.30000, 143.
16.31000, 165.
16.32000, 150.
16.33000, 160.
16.34000, 160.
16.35000, 166.
16.36000, 139.
16.37000, 155.
16.38000, 164.
16.39000, 170.
16.40000, 194.
16.41000, 189.
16.42000, 183.
16.43000, 202.
16.44000, 199.
16.45000, 207.
16.46000, 211.
16.47000, 198.
16.48000, 240.
16.49000, 236.
16.50000, 214.
16.51000, 264.
16.52000, 243.
16.53000, 220.
16.54000, 245.
16.55000, 250.
16.56000, 251.
16.57000, 234.
16.58000, 220.
16.59000, 257.
16.60000, 243.
16.61000, 254.
16.62000, 242.
16.63000, 231.
16.64000, 226.
16.65000, 201.
16.66000, 204.
16.67000, 182.
16.68000, 192.
16.69000, 183.
16.70000, 170.
16.71000, 202.
16.72000, 189.
16.73000, 167.
16.74000, 166.
16.75000, 153.
16.76000, 147.
16.77000, 166.
16.78000, 164.
16.79000, 148.
16.80000, 155.
16.81000, 142.
16.82000, 141.
16.83000, 152.
16.84000, 120.
16.85000, 143.
16.86000, 131.
16.87000, 148.
16.88000, 151.
16.89000, 140.
16.90000, 148.
16.91000, 127.
16.92000, 148.
16.93000, 145.
16.94000, 145.
16.95000, 171.
16.96000, 183.
16.97000, 132.
16.98000, 153.
16.99000, 167.
17.00000, 165.
17.01000, 160.
17.02000, 139.
17.03000, 143.
17.04000, 162.
17.05000, 157.
17.06000, 158.
17.07000, 149.
17.08000, 143.
17.09000, 171.
17.10000, 150.
17.11000, 145.
17.12000, 147.
17.13000, 136.
17.14000, 158.
17.15000, 177.
17.16000, 137.
17.17000, 151.
17.18000, 152.
17.19000, 160.
17.20000, 132.
17.21000, 170.
17.22000, 159.
17.23000, 155.
17.24000, 127.
17.25000, 139.
17.26000, 145.
17.27000, 153.
17.28000, 155.
17.29000, 167.
17.30000, 136.
17.31000, 164.
17.32000, 156.
17.33000, 178.
17.34000, 174.
17.35000, 156.
17.36000, 158.
17.37000, 181.
17.38000, 148.
17.39000, 168.
17.40000, 168.
17.41000, 159.
17.42000, 165.
17.43000, 157.
17.44000, 160.
17.45000, 152.
17.46000, 147.
17.47000, 177.
17.48000, 192.
17.49000, 206.
17.50000, 179.
17.51000, 193.
17.52000, 175.
17.53000, 187.
17.54000, 188.
17.55000, 208.
17.56000, 169.
17.57000, 191.
17.58000, 185.
17.59000, 188.
17.60000, 183.
17.61000, 205.
17.62000, 210.
17.63000, 222.
17.64000, 178.
17.65000, 230.
17.66000, 207.
17.67000, 210.
17.68000, 236.
17.69000, 200.
17.70000, 208.
17.71000, 197.
17.72000, 204.
17.73000, 206.
17.74000, 201.
17.75000, 186.
17.76000, 203.
17.77000, 192.
17.78000, 187.
17.79000, 186.
17.80000, 196.
17.81000, 211.
17.82000, 185.
17.83000, 216.
17.84000, 185.
17.85000, 197.
17.86000, 206.
17.87000, 208.
17.88000, 189.
17.89000, 203.
17.90000, 164.
17.91000, 180.
17.92000, 212.
17.93000, 205.
17.94000, 196.
17.95000, 166.
17.96000, 204.
17.97000, 223.
17.98000, 215.
17.99000, 190.
18.00000, 222.
18.01000, 221.
18.02000, 238.
18.03000, 199.
18.04000, 191.
18.05000, 210.
18.06000, 218.
18.07000, 215.
18.08000, 233.
18.09000, 204.
18.10000, 253.
18.11000, 224.
18.12000, 221.
18.13000, 243.
18.14000, 236.
18.15000, 238.
18.16000, 230.
18.17000, 220.
18.18000, 258.
18.19000, 254.
18.20000, 271.
18.21000, 247.
18.22000, 269.
18.23000, 257.
18.24000, 290.
18.25000, 292.
18.26000, 285.
18.27000, 268.
18.28000, 271.
18.29000, 308.
18.30000, 289.
18.31000, 333.
18.32000, 332.
18.33000, 309.
18.34000, 304.
18.35000, 366.
18.36000, 333.
18.37000, 337.
18.38000, 387.
18.39000, 331.
18.40000, 401.
18.41000, 427.
18.42000, 456.
18.43000, 379.
18.44000, 423.
18.45000, 444.
18.46000, 462.
18.47000, 462.
18.48000, 471.
18.49000, 484.
18.50000, 536.
18.51000, 528.
18.52000, 523.
18.53000, 592.
18.54000, 564.
18.55000, 602.
18.56000, 580.
18.57000, 608.
18.58000, 629.
18.59000, 685.
18.60000, 692.
18.61000, 709.
18.62000, 716.
18.63000, 733.
18.64000, 729.
18.65000, 764.
18.66000, 847.
18.67000, 732.
18.68000, 755.
18.69000, 812.
18.70000, 852.
18.71000, 829.
18.72000, 878.
18.73000, 804.
18.74000, 898.
18.75000, 830.
18.76000, 858.
18.77000, 878.
18.78000, 949.
18.79000, 886.
18.80000, 899.
18.81000, 885.
18.82000, 850.
18.83000, 847.
18.84000, 916.
18.85000, 947.
18.86000, 883.
18.87000, 877.
18.88000, 863.
18.89000, 884.
18.90000, 890.
18.91000, 877.
18.92000, 870.
18.93000, 893.
18.94000, 893.
18.95000, 822.
18.96000, 854.
18.97000, 784.
18.98000, 815.
18.99000, 796.
19.00000, 766.
19.01000, 702.
19.02000, 675.
19.03000, 695.
19.04000, 674.
19.05000, 670.
19.06000, 645.
19.07000, 642.
19.08000, 614.
19.09000, 601.
19.10000, 569.
19.11000, 601.
19.12000, 551.
19.13000, 556.
19.14000, 535.
19.15000, 528.
19.16000, 506.
19.17000, 496.
19.18000, 474.
19.19000, 440.
19.20000, 414.
19.21000, 407.
19.22000, 416.
19.23000, 410.
19.24000, 365.
19.25000, 411.
19.26000, 379.
19.27000, 349.
19.28000, 330.
19.29000, 332.
19.30000, 335.
19.31000, 362.
19.32000, 290.
19.33000, 342.
19.34000, 325.
19.35000, 300.
19.36000, 273.
19.37000, 290.
19.38000, 270.
19.39000, 273.
19.40000, 240.
19.41000, 277.
19.42000, 252.
19.43000, 291.
19.44000, 218.
19.45000, 239.
19.46000, 246.
19.47000, 202.
19.48000, 258.
19.49000, 233.
19.50000, 202.
19.51000, 207.
19.52000, 211.
19.53000, 222.
19.54000, 221.
19.55000, 188.
19.56000, 221.
19.57000, 210.
19.58000, 206.
19.59000, 195.
19.60000, 211.
19.61000, 186.
19.62000, 187.
19.63000, 193.
19.64000, 179.
19.65000, 194.
19.66000, 203.
19.67000, 206.
19.68000, 181.
19.69000, 189.
19.70000, 155.
19.71000, 151.
19.72000, 150.
19.73000, 179.
19.74000, 167.
19.75000, 165.
19.76000, 152.
19.77000, 145.
19.78000, 170.
19.79000, 155.
19.80000, 187.
19.81000, 168.
19.82000, 211.
19.83000, 170.
19.84000, 165.
19.85000, 170.
19.86000, 192.
19.87000, 192.
19.88000, 184.
19.89000, 190.
19.90000, 231.
19.91000, 281.
19.92000, 264.
19.93000, 264.
19.94000, 280.
19.95000, 260.
19.96000, 287.
19.97000, 329.
19.98000, 388.
19.99000, 327.
20.00000, 379.
20.01000, 447.
20.02000, 423.
20.03000, 408.
20.04000, 448.
20.05000, 481.
20.06000, 433.
20.07000, 501.
20.08000, 502.
20.09000, 503.
20.10000, 541.
20.11000, 529.
20.12000, 588.
20.13000, 527.
20.14000, 529.
20.15000, 542.
20.16000, 546.
20.17000, 545.
20.18000, 498.
20.19000, 516.
20.20000, 538.
20.21000, 456.
20.22000, 443.
20.23000, 482.
20.24000, 386.
20.25000, 407.
20.26000, 376.
20.27000, 336.
20.28000, 322.
20.29000, 309.
20.30000, 304.
20.31000, 273.
20.32000, 236.
20.33000, 209.
20.34000, 216.
20.35000, 243.
20.36000, 201.
20.37000, 203.
20.38000, 179.
20.39000, 166.
20.40000, 155.
20.41000, 150.
20.42000, 156.
20.43000, 151.
20.44000, 160.
20.45000, 154.
20.46000, 152.
20.47000, 154.
20.48000, 157.
20.49000, 164.
20.50000, 137.
20.51000, 134.
20.52000, 155.
20.53000, 160.
20.54000, 144.
20.55000, 127.
20.56000, 153.
20.57000, 164.
20.58000, 149.
20.59000, 160.
20.60000, 165.
20.61000, 150.
20.62000, 157.
20.63000, 162.
20.64000, 193.
20.65000, 184.
20.66000, 157.
20.67000, 159.
20.68000, 190.
20.69000, 180.
20.70000, 192.
20.71000, 168.
20.72000, 202.
20.73000, 188.
20.74000, 180.
20.75000, 198.
20.76000, 181.
20.77000, 225.
20.78000, 203.
20.79000, 204.
20.80000, 197.
20.81000, 220.
20.82000, 204.
20.83000, 199.
20.84000, 207.
20.85000, 219.
20.86000, 216.
20.87000, 219.
20.88000, 216.
20.89000, 256.
20.90000, 212.
20.91000, 206.
20.92000, 225.
20.93000, 223.
20.94000, 209.
20.95000, 251.
20.96000, 236.
20.97000, 233.
20.98000, 268.
20.99000, 228.
21.00000, 248.
21.01000, 225.
21.02000, 236.
21.03000, 207.
21.04000, 272.
21.05000, 245.
21.06000, 232.
21.07000, 249.
21.08000, 246.
21.09000, 231.
21.10000, 238.
21.11000, 226.
21.12000, 218.
21.13000, 256.
21.14000, 220.
21.15000, 227.
21.16000, 230.
21.17000, 237.
21.18000, 217.
21.19000, 233.
21.20000, 206.
21.21000, 211.
21.22000, 216.
21.23000, 229.
21.24000, 205.
21.25000, 190.
21.26000, 205.
21.27000, 210.
21.28000, 192.
21.29000, 190.
21.30000, 210.
21.31000, 180.
21.32000, 207.
21.33000, 199.
21.34000, 174.
21.35000, 197.
21.36000, 195.
21.37000, 147.
21.38000, 164.
21.39000, 163.
21.40000, 173.
21.41000, 166.
21.42000, 163.
21.43000, 166.
21.44000, 161.
21.45000, 157.
21.46000, 157.
21.47000, 159.
21.48000, 159.
21.49000, 160.
21.50000, 149.
21.51000, 165.
21.52000, 131.
21.53000, 126.
21.54000, 134.
21.55000, 134.
21.56000, 136.
21.57000, 139.
21.58000, 132.
21.59000, 125.
21.60000, 128.
21.61000, 124.
21.62000, 128.
21.63000, 108.
21.64000, 131.
21.65000, 135.
21.66000, 117.
21.67000, 124.
21.68000, 116.
21.69000, 112.
21.70000, 102.
21.71000, 95.
21.72000, 114.
21.73000, 113.
21.74000, 113.
21.75000, 98.
21.76000, 97.
21.77000, 113.
21.78000, 114.
21.79000, 86.
21.80000, 91.
21.81000, 78.
21.82000, 103.
21.83000, 105.
21.84000, 120.
21.85000, 93.
21.86000, 110.
21.87000, 86.
21.88000, 99.
21.89000, 101.
21.90000, 110.
21.91000, 116.
21.92000, 107.
21.93000, 94.
21.94000, 104.
21.95000, 103.
21.96000, 92.
21.97000, 91.
21.98000, 93.
21.99000, 88.
22.00000, 104.
22.01000, 94.
22.02000, 95.
22.03000, 105.
22.04000, 92.
22.05000, 92.
22.06000, 100.
22.07000, 89.
22.08000, 101.
22.09000, 89.
22.10000, 98.
22.11000, 84.
22.12000, 81.
22.13000, 99.
22.14000, 91.
22.15000, 82.
22.16000, 98.
22.17000, 98.
22.18000, 99.
22.19000, 83.
22.20000, 87.
22.21000, 79.
22.22000, 80.
22.23000, 92.
22.24000, 98.
22.25000, 100.
22.26000, 91.
22.27000, 73.
22.28000, 77.
22.29000, 90.
22.30000, 79.
22.31000, 80.
22.32000, 98.
22.33000, 68.
22.34000, 85.
22.35000, 98.
22.36000, 65.
22.37000, 81.
22.38000, 87.
22.39000, 86.
22.40000, 81.
22.41000, 82.
22.42000, 88.
22.43000, 64.
22.44000, 82.
22.45000, 94.
22.46000, 78.
22.47000, 111.
22.48000, 83.
22.49000, 98.
22.50000, 110.
22.51000, 102.
22.52000, 92.
22.53000, 107.
22.54000, 124.
22.55000, 129.
22.56000, 92.
22.57000, 110.
22.58000, 135.
22.59000, 121.
22.60000, 130.
22.61000, 117.
22.62000, 150.
22.63000, 138.
22.64000, 136.
22.65000, 130.
22.66000, 127.
22.67000, 129.
22.68000, 150.
22.69000, 142.
22.70000, 135.
22.71000, 144.
22.72000, 118.
22.73000, 128.
22.74000, 119.
22.75000, 121.
22.76000, 120.
22.77000, 105.
22.78000, 108.
22.79000, 109.
22.80000, 90.
22.81000, 115.
22.82000, 92.
22.83000, 95.
22.84000, 88.
22.85000, 99.
22.86000, 86.
22.87000, 87.
22.88000, 76.
22.89000, 70.
22.90000, 65.
22.91000, 77.
22.92000, 87.
22.93000, 76.
22.94000, 88.
22.95000, 88.
22.96000, 75.
22.97000, 60.
22.98000, 84.
22.99000, 70.
23.00000, 70.
23.01000, 63.
23.02000, 74.
23.03000, 80.
23.04000, 85.
23.05000, 83.
23.06000, 89.
23.07000, 82.
23.08000, 69.
23.09000, 85.
23.10000, 81.
23.11000, 84.
23.12000, 95.
23.13000, 99.
23.14000, 74.
23.15000, 66.
23.16000, 78.
23.17000, 80.
23.18000, 70.
23.19000, 70.
23.20000, 77.
23.21000, 81.
23.22000, 89.
23.23000, 81.
23.24000, 68.
23.25000, 68.
23.26000, 75.
23.27000, 74.
23.28000, 69.
23.29000, 63.
23.30000, 72.
23.31000, 64.
23.32000, 85.
23.33000, 76.
23.34000, 80.
23.35000, 77.
23.36000, 72.
23.37000, 66.
23.38000, 64.
23.39000, 55.
23.40000, 71.
23.41000, 66.
23.42000, 66.
23.43000, 73.
23.44000, 59.
23.45000, 75.
23.46000, 65.
23.47000, 63.
23.48000, 59.
23.49000, 69.
23.50000, 71.
23.51000, 59.
23.52000, 60.
23.53000, 62.
23.54000, 61.
23.55000, 56.
23.56000, 75.
23.57000, 73.
23.58000, 73.
23.59000, 55.
23.60000, 70.
23.61000, 63.
23.62000, 65.
23.63000, 72.
23.64000, 61.
23.65000, 67.
23.66000, 73.
23.67000, 45.
23.68000, 63.
23.69000, 73.
23.70000, 64.
23.71000, 68.
23.72000, 77.
23.73000, 62.
23.74000, 49.
23.75000, 71.
23.76000, 69.
23.77000, 66.
23.78000, 68.
23.79000, 69.
23.80000, 64.
23.81000, 58.
23.82000, 65.
23.83000, 62.
23.84000, 71.
23.85000, 42.
23.86000, 53.
23.87000, 60.
23.88000, 53.
23.89000, 65.
23.90000, 68.
23.91000, 73.
23.92000, 77.
23.93000, 74.
23.94000, 62.
23.95000, 65.
23.96000, 68.
23.97000, 56.
23.98000, 63.
23.99000, 64.
24.00000, 64.
24.01000, 58.
24.02000, 58.
24.03000, 46.
24.04000, 65.
24.05000, 66.
24.06000, 65.
24.07000, 77.
24.08000, 59.
24.09000, 60.
24.10000, 64.
24.11000, 59.
24.12000, 51.
24.13000, 66.
24.14000, 57.
24.15000, 65.
24.16000, 67.
24.17000, 63.
24.18000, 54.
24.19000, 67.
24.20000, 73.
24.21000, 64.
24.22000, 59.
24.23000, 58.
24.24000, 45.
24.25000, 68.
24.26000, 51.
24.27000, 60.
24.28000, 63.
24.29000, 87.
24.30000, 63.
24.31000, 58.
24.32000, 66.
24.33000, 49.
24.34000, 71.
24.35000, 68.
24.36000, 61.
24.37000, 72.
24.38000, 49.
24.39000, 60.
24.40000, 65.
24.41000, 54.
24.42000, 51.
24.43000, 66.
24.44000, 53.
24.45000, 62.
24.46000, 62.
24.47000, 69.
24.48000, 52.
24.49000, 67.
24.50000, 55.
24.51000, 66.
24.52000, 56.
24.53000, 51.
24.54000, 68.
24.55000, 63.
24.56000, 60.
24.57000, 68.
24.58000, 58.
24.59000, 55.
24.60000, 47.
24.61000, 56.
24.62000, 65.
24.63000, 61.
24.64000, 56.
24.65000, 60.
24.66000, 70.
24.67000, 47.
24.68000, 66.
24.69000, 51.
24.70000, 51.
24.71000, 65.
24.72000, 65.
24.73000, 65.
24.74000, 58.
24.75000, 55.
24.76000, 66.
24.77000, 62.
24.78000, 72.
24.79000, 61.
24.80000, 76.
24.81000, 48.
24.82000, 64.
24.83000, 53.
24.84000, 63.
24.85000, 57.
24.86000, 67.
24.87000, 71.
24.88000, 59.
24.89000, 58.
24.90000, 58.
24.91000, 65.
24.92000, 53.
24.93000, 76.
24.94000, 69.
24.95000, 68.
24.96000, 58.
24.97000, 68.
24.98000, 70.
24.99000, 86.
25.00000, 54.
25.01000, 66.
25.02000, 70.
25.03000, 66.
25.04000, 63.
25.05000, 63.
25.06000, 52.
25.07000, 76.
25.08000, 65.
25.09000, 55.
25.10000, 69.
25.11000, 71.
25.12000, 71.
25.13000, 68.
25.14000, 55.
25.15000, 70.
25.16000, 70.
25.17000, 60.
25.18000, 81.
25.19000, 65.
25.20000, 69.
25.21000, 68.
25.22000, 79.
25.23000, 72.
25.24000, 57.
25.25000, 61.
25.26000, 70.
25.27000, 66.
25.28000, 56.
25.29000, 64.
25.30000, 70.
25.31000, 75.
25.32000, 64.
25.33000, 69.
25.34000, 67.
25.35000, 59.
25.36000, 63.
25.37000, 67.
25.38000, 56.
25.39000, 55.
25.40000, 63.
25.41000, 72.
25.42000, 59.
25.43000, 64.
25.44000, 57.
25.45000, 57.
25.46000, 60.
25.47000, 64.
25.48000, 61.
25.49000, 78.
25.50000, 59.
25.51000, 50.
25.52000, 65.
25.53000, 58.
25.54000, 48.
25.55000, 51.
25.56000, 60.
25.57000, 65.
25.58000, 54.
25.59000, 53.
25.60000, 73.
25.61000, 47.
25.62000, 50.
25.63000, 67.
25.64000, 74.
25.65000, 49.
25.66000, 54.
25.67000, 51.
25.68000, 56.
25.69000, 53.
25.70000, 53.
25.71000, 58.
25.72000, 68.
25.73000, 49.
25.74000, 57.
25.75000, 64.
25.76000, 63.
25.77000, 51.
25.78000, 70.
25.79000, 54.
25.80000, 60.
25.81000, 70.
25.82000, 68.
25.83000, 41.
25.84000, 41.
25.85000, 58.
25.86000, 54.
25.87000, 50.
25.88000, 59.
25.89000, 56.
25.90000, 65.
25.91000, 53.
25.92000, 44.
25.93000, 43.
25.94000, 40.
25.95000, 35.
25.96000, 51.
25.97000, 59.
25.98000, 50.
25.99000, 70.
26.00000, 47.
26.01000, 52.
26.02000, 54.
26.03000, 43.
26.04000, 46.
26.05000, 66.
26.06000, 29.
26.07000, 60.
26.08000, 63.
26.09000, 58.
26.10000, 63.
26.11000, 48.
26.12000, 42.
26.13000, 46.
26.14000, 48.
26.15000, 51.
26.16000, 56.
26.17000, 54.
26.18000, 49.
26.19000, 60.
26.20000, 45.
26.21000, 72.
26.22000, 49.
26.23000, 57.
26.24000, 59.
26.25000, 53.
26.26000, 44.
26.27000, 54.
26.28000, 55.
26.29000, 52.
26.30000, 47.
26.31000, 57.
26.32000, 49.
26.33000, 64.
26.34000, 64.
26.35000, 47.
26.36000, 61.
26.37000, 47.
26.38000, 48.
26.39000, 64.
26.40000, 56.
26.41000, 80.
26.42000, 52.
26.43000, 50.
26.44000, 42.
26.45000, 43.
26.46000, 61.
26.47000, 54.
26.48000, 48.
26.49000, 58.
26.50000, 48.
26.51000, 48.
26.52000, 48.
26.53000, 52.
26.54000, 59.
26.55000, 55.
26.56000, 56.
26.57000, 61.
26.58000, 52.
26.59000, 48.
26.60000, 46.
26.61000, 58.
26.62000, 61.
26.63000, 65.
26.64000, 47.
26.65000, 65.
26.66000, 66.
26.67000, 54.
26.68000, 53.
26.69000, 60.
26.70000, 54.
26.71000, 62.
26.72000, 49.
26.73000, 55.
26.74000, 54.
26.75000, 59.
26.76000, 51.
26.77000, 52.
26.78000, 43.
26.79000, 41.
26.80000, 51.
26.81000, 59.
26.82000, 50.
26.83000, 46.
26.84000, 48.
26.85000, 46.
26.86000, 54.
26.87000, 50.
26.88000, 47.
26.89000, 62.
26.90000, 54.
26.91000, 43.
26.92000, 40.
26.93000, 44.
26.94000, 51.
26.95000, 43.
26.96000, 44.
26.97000, 47.
26.98000, 67.
26.99000, 55.
27.00000, 40.
27.01000, 40.
27.02000, 51.
27.03000, 49.
27.04000, 50.
27.05000, 47.
27.06000, 65.
27.07000, 37.
27.08000, 42.
27.09000, 47.
27.10000, 48.
27.11000, 43.
27.12000, 43.
27.13000, 44.
27.14000, 46.
27.15000, 55.
27.16000, 58.
27.17000, 43.
27.18000, 52.
27.19000, 49.
27.20000, 59.
27.21000, 45.
27.22000, 44.
27.23000, 30.
27.24000, 51.
27.25000, 45.
27.26000, 43.
27.27000, 45.
27.28000, 57.
27.29000, 61.
27.30000, 48.
27.31000, 48.
27.32000, 45.
27.33000, 54.
27.34000, 53.
27.35000, 57.
27.36000, 48.
27.37000, 48.
27.38000, 43.
27.39000, 57.
27.40000, 57.
27.41000, 46.
27.42000, 45.
27.43000, 43.
27.44000, 38.
27.45000, 51.
27.46000, 41.
27.47000, 40.
27.48000, 52.
27.49000, 43.
27.50000, 45.
27.51000, 42.
27.52000, 50.
27.53000, 43.
27.54000, 45.
27.55000, 33.
27.56000, 47.
27.57000, 42.
27.58000, 47.
27.59000, 47.
27.60000, 48.
27.61000, 62.
27.62000, 49.
27.63000, 47.
27.64000, 56.
27.65000, 55.
27.66000, 41.
27.67000, 49.
27.68000, 44.
27.69000, 40.
27.70000, 35.
27.71000, 40.
27.72000, 51.
27.73000, 53.
27.74000, 60.
27.75000, 42.
27.76000, 52.
27.77000, 42.
27.78000, 40.
27.79000, 51.
27.80000, 46.
27.81000, 58.
27.82000, 48.
27.83000, 44.
27.84000, 55.
27.85000, 50.
27.86000, 37.
27.87000, 35.
27.88000, 40.
27.89000, 48.
27.90000, 49.
27.91000, 47.
27.92000, 40.
27.93000, 50.
27.94000, 33.
27.95000, 47.
27.96000, 51.
27.97000, 50.
27.98000, 33.
27.99000, 37.
28.00000, 33.
28.01000, 47.
28.02000, 42.
28.03000, 55.
28.04000, 49.
28.05000, 36.
28.06000, 52.
28.07000, 41.
28.08000, 39.
28.09000, 46.
28.10000, 38.
28.11000, 49.
28.12000, 44.
28.13000, 53.
28.14000, 42.
28.15000, 40.
28.16000, 42.
28.17000, 51.
28.18000, 45.
28.19000, 36.
28.20000, 38.
28.21000, 44.
28.22000, 33.
28.23000, 35.
28.24000, 34.
28.25000, 32.
28.26000, 55.
28.27000, 39.
28.28000, 41.
28.29000, 47.
28.30000, 48.
28.31000, 50.
28.32000, 53.
28.33000, 39.
28.34000, 40.
28.35000, 43.
28.36000, 43.
28.37000, 41.
28.38000, 43.
28.39000, 52.
28.40000, 27.
28.41000, 36.
28.42000, 47.
28.43000, 53.
28.44000, 35.
28.45000, 53.
28.46000, 42.
28.47000, 35.
28.48000, 52.
28.49000, 34.
28.50000, 34.
28.51000, 35.
28.52000, 38.
28.53000, 54.
28.54000, 35.
28.55000, 39.
28.56000, 39.
28.57000, 41.
28.58000, 40.
28.59000, 36.
28.60000, 43.
28.61000, 46.
28.62000, 32.
28.63000, 46.
28.64000, 40.
28.65000, 51.
28.66000, 32.
28.67000, 39.
28.68000, 32.
28.69000, 32.
28.70000, 34.
28.71000, 46.
28.72000, 51.
28.73000, 26.
28.74000, 31.
28.75000, 43.
28.76000, 35.
28.77000, 35.
28.78000, 43.
28.79000, 38.
28.80000, 33.
28.81000, 37.
28.82000, 30.
28.83000, 38.
28.84000, 45.
28.85000, 38.
28.86000, 49.
28.87000, 37.
28.88000, 38.
28.89000, 43.
28.90000, 48.
28.91000, 39.
28.92000, 33.
28.93000, 41.
28.94000, 29.
28.95000, 50.
28.96000, 51.
28.97000, 33.
28.98000, 48.
28.99000, 37.
29.00000, 39.
29.01000, 48.
29.02000, 37.
29.03000, 44.
29.04000, 33.
29.05000, 42.
29.06000, 35.
29.07000, 40.
29.08000, 47.
29.09000, 43.
29.10000, 45.
29.11000, 35.
29.12000, 44.
29.13000, 37.
29.14000, 37.
29.15000, 33.
29.16000, 46.
29.17000, 42.
29.18000, 59.
29.19000, 38.
29.20000, 37.
29.21000, 45.
29.22000, 42.
29.23000, 42.
29.24000, 36.
29.25000, 42.
29.26000, 44.
29.27000, 32.
29.28000, 29.
29.29000, 35.
29.30000, 55.
29.31000, 41.
29.32000, 42.
29.33000, 51.
29.34000, 26.
29.35000, 31.
29.36000, 33.
29.37000, 34.
29.38000, 38.
29.39000, 42.
29.40000, 38.
29.41000, 38.
29.42000, 39.
29.43000, 38.
29.44000, 40.
29.45000, 38.
29.46000, 34.
29.47000, 42.
29.48000, 29.
29.49000, 48.
29.50000, 42.
29.51000, 39.
29.52000, 39.
29.53000, 29.
29.54000, 41.
29.55000, 29.
29.56000, 30.
29.57000, 43.
29.58000, 44.
29.59000, 51.
29.60000, 29.
29.61000, 35.
29.62000, 33.
29.63000, 37.
29.64000, 45.
29.65000, 33.
29.66000, 34.
29.67000, 37.
29.68000, 41.
29.69000, 35.
29.70000, 43.
29.71000, 34.
29.72000, 31.
29.73000, 25.
29.74000, 51.
29.75000, 29.
29.76000, 36.
29.77000, 43.
29.78000, 25.
29.79000, 28.
29.80000, 38.
29.81000, 35.
29.82000, 39.
29.83000, 39.
29.84000, 31.
29.85000, 29.
29.86000, 34.
29.87000, 31.
29.88000, 28.
29.89000, 28.
29.90000, 38.
29.91000, 41.
29.92000, 37.
29.93000, 31.
29.94000, 42.
29.95000, 29.
29.96000, 34.
29.97000, 31.
29.98000, 26.
29.99000, 41.
30.00000, 35.
30.01000, 34.
30.02000, 37.
30.03000, 37.
30.04000, 46.
30.05000, 35.
30.06000, 31.
30.07000, 30.
30.08000, 32.
30.09000, 33.
30.10000, 37.
30.11000, 40.
30.12000, 24.
30.13000, 30.
30.14000, 26.
30.15000, 43.
30.16000, 38.
30.17000, 37.
30.18000, 27.
30.19000, 37.
30.20000, 49.
30.21000, 35.
30.22000, 40.
30.23000, 38.
30.24000, 25.
30.25000, 32.
30.26000, 34.
30.27000, 32.
30.28000, 41.
30.29000, 29.
30.30000, 29.
30.31000, 41.
30.32000, 31.
30.33000, 25.
30.34000, 28.
30.35000, 27.
30.36000, 34.
30.37000, 30.
30.38000, 40.
30.39000, 37.
30.40000, 38.
30.41000, 33.
30.42000, 44.
30.43000, 23.
30.44000, 31.
30.45000, 36.
30.46000, 33.
30.47000, 26.
30.48000, 34.
30.49000, 33.
30.50000, 34.
30.51000, 33.
30.52000, 26.
30.53000, 37.
30.54000, 29.
30.55000, 38.
30.56000, 23.
30.57000, 31.
30.58000, 40.
30.59000, 30.
30.60000, 32.
30.61000, 39.
30.62000, 33.
30.63000, 35.
30.64000, 32.
30.65000, 27.
30.66000, 32.
30.67000, 22.
30.68000, 34.
30.69000, 32.
30.70000, 33.
30.71000, 30.
30.72000, 27.
30.73000, 30.
30.74000, 25.
30.75000, 35.
30.76000, 36.
30.77000, 32.
30.78000, 24.
30.79000, 32.
30.80000, 25.
30.81000, 36.
30.82000, 35.
30.83000, 33.
30.84000, 24.
30.85000, 35.
30.86000, 28.
30.87000, 30.
30.88000, 35.
30.89000, 30.
30.90000, 28.
30.91000, 39.
30.92000, 39.
30.93000, 32.
30.94000, 30.
30.95000, 30.
30.96000, 32.
30.97000, 32.
30.98000, 26.
30.99000, 28.
31.00000, 27.
31.01000, 36.
31.02000, 28.
31.03000, 37.
31.04000, 30.
31.05000, 26.
31.06000, 29.
31.07000, 36.
31.08000, 29.
31.09000, 35.
31.10000, 27.
31.11000, 27.
31.12000, 36.
31.13000, 21.
31.14000, 37.
31.15000, 25.
31.16000, 31.
31.17000, 29.
31.18000, 24.
31.19000, 24.
31.20000, 33.
31.21000, 36.
31.22000, 20.
31.23000, 26.
31.24000, 35.
31.25000, 26.
31.26000, 31.
31.27000, 17.
31.28000, 37.
31.29000, 29.
31.30000, 34.
31.31000, 34.
31.32000, 34.
31.33000, 23.
31.34000, 34.
31.35000, 31.
31.36000, 25.
31.37000, 30.
31.38000, 33.
31.39000, 27.
31.40000, 37.
31.41000, 21.
31.42000, 26.
31.43000, 30.
31.44000, 32.
31.45000, 24.
31.46000, 41.
31.47000, 32.
31.48000, 24.
31.49000, 26.
31.50000, 22.
31.51000, 19.
31.52000, 27.
31.53000, 34.
31.54000, 30.
31.55000, 31.
31.56000, 33.
31.57000, 27.
31.58000, 27.
31.59000, 35.
31.60000, 25.
31.61000, 30.
31.62000, 22.
31.63000, 45.
31.64000, 32.
31.65000, 41.
31.66000, 30.
31.67000, 34.
31.68000, 29.
31.69000, 26.
31.70000, 34.
31.71000, 31.
31.72000, 33.
31.73000, 40.
31.74000, 35.
31.75000, 29.
31.76000, 32.
31.77000, 37.
31.78000, 30.
31.79000, 35.
31.80000, 30.
31.81000, 29.
31.82000, 31.
31.83000, 31.
31.84000, 32.
31.85000, 25.
31.86000, 28.
31.87000, 26.
31.88000, 31.
31.89000, 26.
31.90000, 28.
31.91000, 31.
31.92000, 25.
31.93000, 34.
31.94000, 31.
31.95000, 31.
31.96000, 35.
31.97000, 30.
31.98000, 39.
31.99000, 31.
32.00000, 33.
32.01000, 25.
32.02000, 25.
32.03000, 35.
32.04000, 33.
32.05000, 28.
32.06000, 39.
32.07000, 36.
32.08000, 35.
32.09000, 49.
32.10000, 32.
32.11000, 30.
32.12000, 26.
32.13000, 43.
32.14000, 29.
32.15000, 46.
32.16000, 30.
32.17000, 32.
32.18000, 31.
32.19000, 40.
32.20000, 33.
32.21000, 31.
32.22000, 28.
32.23000, 36.
32.24000, 33.
32.25000, 28.
32.26000, 31.
32.27000, 26.
32.28000, 29.
32.29000, 34.
32.30000, 34.
32.31000, 21.
32.32000, 23.
32.33000, 23.
32.34000, 29.
32.35000, 35.
32.36000, 30.
32.37000, 21.
32.38000, 24.
32.39000, 25.
32.40000, 21.
32.41000, 20.
32.42000, 21.
32.43000, 20.
32.44000, 29.
32.45000, 26.
32.46000, 30.
32.47000, 24.
32.48000, 29.
32.49000, 22.
32.50000, 21.
32.51000, 20.
32.52000, 17.
32.53000, 27.
32.54000, 22.
32.55000, 29.
32.56000, 24.
32.57000, 35.
32.58000, 21.
32.59000, 28.
32.60000, 27.
32.61000, 21.
32.62000, 21.
32.63000, 18.
32.64000, 23.
32.65000, 22.
32.66000, 24.
32.67000, 19.
32.68000, 10.
32.69000, 22.
32.70000, 20.
32.71000, 33.
32.72000, 25.
32.73000, 18.
32.74000, 32.
32.75000, 23.
32.76000, 22.
32.77000, 24.
32.78000, 24.
32.79000, 25.
32.80000, 24.
32.81000, 16.
32.82000, 23.
32.83000, 21.
32.84000, 27.
32.85000, 24.
32.86000, 29.
32.87000, 26.
32.88000, 30.
32.89000, 30.
32.90000, 17.
32.91000, 20.
32.92000, 17.
32.93000, 24.
32.94000, 23.
32.95000, 27.
32.96000, 27.
32.97000, 22.
32.98000, 22.
32.99000, 31.
33.00000, 20.
33.01000, 16.
33.02000, 20.
33.03000, 29.
33.04000, 23.
33.05000, 18.
33.06000, 29.
33.07000, 26.
33.08000, 17.
33.09000, 19.
33.10000, 20.
33.11000, 21.
33.12000, 22.
33.13000, 18.
33.14000, 30.
33.15000, 25.
33.16000, 20.
33.17000, 27.
33.18000, 26.
33.19000, 26.
33.20000, 16.
33.21000, 20.
33.22000, 16.
33.23000, 26.
33.24000, 27.
33.25000, 26.
33.26000, 24.
33.27000, 23.
33.28000, 21.
33.29000, 19.
33.30000, 24.
33.31000, 24.
33.32000, 22.
33.33000, 31.
33.34000, 24.
33.35000, 34.
33.36000, 21.
33.37000, 22.
33.38000, 28.
33.39000, 22.
33.40000, 21.
33.41000, 37.
33.42000, 17.
33.43000, 20.
33.44000, 23.
33.45000, 25.
33.46000, 28.
33.47000, 25.
33.48000, 21.
33.49000, 21.
33.50000, 24.
33.51000, 25.
33.52000, 23.
33.53000, 17.
33.54000, 16.
33.55000, 13.
33.56000, 22.
33.57000, 16.
33.58000, 15.
33.59000, 16.
33.60000, 13.
33.61000, 25.
33.62000, 18.
33.63000, 16.
33.64000, 25.
33.65000, 15.
33.66000, 19.
33.67000, 21.
33.68000, 24.
33.69000, 21.
33.70000, 23.
33.71000, 33.
33.72000, 20.
33.73000, 18.
33.74000, 26.
33.75000, 26.
33.76000, 15.
33.77000, 15.
33.78000, 22.
33.79000, 21.
33.80000, 31.
33.81000, 26.
33.82000, 20.
33.83000, 20.
33.84000, 21.
33.85000, 15.
33.86000, 19.
33.87000, 20.
33.88000, 22.
33.89000, 16.
33.90000, 17.
33.91000, 19.
33.92000, 23.
33.93000, 15.
33.94000, 18.
33.95000, 14.
33.96000, 14.
33.97000, 21.
33.98000, 19.
33.99000, 25.
34.00000, 26.
34.01000, 21.
34.02000, 18.
34.03000, 20.
34.04000, 23.
34.05000, 19.
34.06000, 26.
34.07000, 20.
34.08000, 24.
34.09000, 17.
34.10000, 23.
34.11000, 16.
34.12000, 25.
34.13000, 24.
34.14000, 21.
34.15000, 20.
34.16000, 16.
34.17000, 15.
34.18000, 17.
34.19000, 25.
34.20000, 20.
34.21000, 18.
34.22000, 23.
34.23000, 20.
34.24000, 24.
34.25000, 20.
34.26000, 16.
34.27000, 16.
34.28000, 16.
34.29000, 21.
34.30000, 16.
34.31000, 19.
34.32000, 18.
34.33000, 25.
34.34000, 22.
34.35000, 21.
34.36000, 18.
34.37000, 15.
34.38000, 24.
34.39000, 18.
34.40000, 15.
34.41000, 14.
34.42000, 15.
34.43000, 18.
34.44000, 17.
34.45000, 15.
34.46000, 19.
34.47000, 15.
34.48000, 13.
34.49000, 16.
34.50000, 22.
34.51000, 23.
34.52000, 23.
34.53000, 16.
34.54000, 27.
34.55000, 25.
34.56000, 20.
34.57000, 19.
34.58000, 10.
34.59000, 19.
34.60000, 16.
34.61000, 22.
34.62000, 23.
34.63000, 14.
34.64000, 14.
34.65000, 22.
34.66000, 13.
34.67000, 14.
34.68000, 14.
34.69000, 30.
34.70000, 22.
34.71000, 26.
34.72000, 19.
34.73000, 14.
34.74000, 14.
34.75000, 20.
34.76000, 22.
34.77000, 23.
34.78000, 14.
34.79000, 14.
34.80000, 15.
34.81000, 15.
34.82000, 22.
34.83000, 19.
34.84000, 20.
34.85000, 18.
34.86000, 19.
34.87000, 12.
34.88000, 22.
34.89000, 21.
34.90000, 16.
34.91000, 11.
34.92000, 19.
34.93000, 19.
34.94000, 13.
34.95000, 22.
34.96000, 19.
34.97000, 12.
34.98000, 11.
34.99000, 20.
35.00000, 11.
35.01000, 27.
35.02000, 16.
35.03000, 17.
35.04000, 12.
35.05000, 14.
35.06000, 14.
35.07000, 23.
35.08000, 25.
35.09000, 13.
35.10000, 26.
35.11000, 23.
35.12000, 14.
35.13000, 17.
35.14000, 18.
35.15000, 15.
35.16000, 14.
35.17000, 21.
35.18000, 14.
35.19000, 18.
35.20000, 12.
35.21000, 7.
35.22000, 18.
35.23000, 17.
35.24000, 12.
35.25000, 17.
35.26000, 16.
35.27000, 8.
35.28000, 16.
35.29000, 15.
35.30000, 19.
35.31000, 22.
35.32000, 24.
35.33000, 13.
35.34000, 22.
35.35000, 7.
35.36000, 20.
35.37000, 7.
35.38000, 18.
35.39000, 12.
35.40000, 17.
35.41000, 17.
35.42000, 13.
35.43000, 15.
35.44000, 13.
35.45000, 11.
35.46000, 18.
35.47000, 17.
35.48000, 17.
35.49000, 15.
35.50000, 14.
35.51000, 21.
35.52000, 15.
35.53000, 22.
35.54000, 15.
35.55000, 17.
35.56000, 21.
35.57000, 14.
35.58000, 13.
35.59000, 15.
35.60000, 11.
35.61000, 18.
35.62000, 12.
35.63000, 10.
35.64000, 12.
35.65000, 7.
35.66000, 9.
35.67000, 12.
35.68000, 15.
35.69000, 16.
35.70000, 17.
35.71000, 8.
35.72000, 16.
35.73000, 16.
35.74000, 17.
35.75000, 12.
35.76000, 11.
35.77000, 11.
35.78000, 16.
35.79000, 12.
35.80000, 19.
35.81000, 16.
35.82000, 20.
35.83000, 11.
35.84000, 12.
35.85000, 12.
35.86000, 14.
35.87000, 14.
35.88000, 9.
35.89000, 11.
35.90000, 11.
35.91000, 11.
35.92000, 18.
35.93000, 19.
35.94000, 21.
35.95000, 18.
35.96000, 11.
35.97000, 15.
35.98000, 12.
35.99000, 20.
36.00000, 14.
36.01000, 18.
36.02000, 16.
36.03000, 18.
36.04000, 7.
36.05000, 16.
36.06000, 7.
36.07000, 16.
36.08000, 15.
36.09000, 13.
36.10000, 13.
36.11000, 17.
36.12000, 15.
36.13000, 15.
36.14000, 14.
36.15000, 18.
36.16000, 10.
36.17000, 16.
36.18000, 9.
36.19000, 18.
36.20000, 12.
36.21000, 15.
36.22000, 17.
36.23000, 10.
36.24000, 19.
36.25000, 24.
36.26000, 18.
36.27000, 11.
36.28000, 19.
36.29000, 9.
36.30000, 12.
36.31000, 14.
36.32000, 10.
36.33000, 10.
36.34000, 9.
36.35000, 15.
36.36000, 15.
36.37000, 17.
36.38000, 14.
36.39000, 13.
36.40000, 9.
36.41000, 14.
36.42000, 9.
36.43000, 15.
36.44000, 6.
36.45000, 5.
36.46000, 7.
36.47000, 15.
36.48000, 10.
36.49000, 16.
36.50000, 10.
36.51000, 13.
36.52000, 17.
36.53000, 11.
36.54000, 13.
36.55000, 10.
36.56000, 14.
36.57000, 17.
36.58000, 10.
36.59000, 7.
36.60000, 11.
36.61000, 9.
36.62000, 11.
36.63000, 11.
36.64000, 16.
36.65000, 12.
36.66000, 6.
36.67000, 20.
36.68000, 9.
36.69000, 9.
36.70000, 11.
36.71000, 10.
36.72000, 8.
36.73000, 12.
36.74000, 12.
36.75000, 15.
36.76000, 14.
36.77000, 7.
36.78000, 17.
36.79000, 10.
36.80000, 15.
36.81000, 14.
36.82000, 12.
36.83000, 8.
36.84000, 12.
36.85000, 9.
36.86000, 11.
36.87000, 11.
36.88000, 14.
36.89000, 14.
36.90000, 10.
36.91000, 14.
36.92000, 10.
36.93000, 16.
36.94000, 7.
36.95000, 9.
36.96000, 11.
36.97000, 8.
36.98000, 10.
36.99000, 11.
37.00000, 9.
37.01000, 10.
37.02000, 8.
37.03000, 13.
37.04000, 8.
37.05000, 9.
37.06000, 9.
37.07000, 8.
37.08000, 13.
37.09000, 6.
37.10000, 6.
37.11000, 5.
37.12000, 11.
37.13000, 10.
37.14000, 8.
37.15000, 14.
37.16000, 19.
37.17000, 13.
37.18000, 10.
37.19000, 12.
37.20000, 7.
37.21000, 20.
37.22000, 12.
37.23000, 10.
37.24000, 6.
37.25000, 11.
37.26000, 18.
37.27000, 17.
37.28000, 8.
37.29000, 11.
37.30000, 13.
37.31000, 19.
37.32000, 6.
37.33000, 6.
37.34000, 4.
37.35000, 14.
37.36000, 11.
37.37000, 8.
37.38000, 10.
37.39000, 11.
37.40000, 18.
37.41000, 9.
37.42000, 7.
37.43000, 10.
37.44000, 11.
37.45000, 12.
37.46000, 5.
37.47000, 7.
37.48000, 6.
37.49000, 19.
37.50000, 7.
37.51000, 9.
37.52000, 8.
37.53000, 9.
37.54000, 8.
37.55000, 17.
37.56000, 13.
37.57000, 7.
37.58000, 7.
37.59000, 12.
37.60000, 10.
37.61000, 10.
37.62000, 10.
37.63000, 10.
37.64000, 9.
37.65000, 8.
37.66000, 16.
37.67000, 5.
37.68000, 10.
37.69000, 7.
37.70000, 13.
37.71000, 17.
37.72000, 7.
37.73000, 11.
37.74000, 14.
37.75000, 11.
37.76000, 7.
37.77000, 12.
37.78000, 15.
37.79000, 7.
37.80000, 11.
37.81000, 13.
37.82000, 8.
37.83000, 6.
37.84000, 8.
37.85000, 5.
37.86000, 7.
37.87000, 11.
37.88000, 8.
37.89000, 13.
37.90000, 12.
37.91000, 11.
37.92000, 11.
37.93000, 8.
37.94000, 9.
37.95000, 11.
37.96000, 4.
37.97000, 8.
37.98000, 7.
37.99000, 14.
38.00000, 12.
38.01000, 7.
38.02000, 6.
38.03000, 9.
38.04000, 10.
38.05000, 8.
38.06000, 8.
38.07000, 6.
38.08000, 7.
38.09000, 8.
38.10000, 11.
38.11000, 9.
38.12000, 0.
38.13000, 10.
38.14000, 13.
38.15000, 9.
38.16000, 11.
38.17000, 4.
38.18000, 5.
38.19000, 10.
38.20000, 9.
38.21000, 14.
38.22000, 7.
38.23000, 10.
38.24000, 8.
38.25000, 9.
38.26000, 9.
38.27000, 7.
38.28000, 10.
38.29000, 6.
38.30000, 8.
38.31000, 11.
38.32000, 8.
38.33000, 9.
38.34000, 6.
38.35000, 6.
38.36000, 9.
38.37000, 8.
38.38000, 7.
38.39000, 9.
38.40000, 7.
38.41000, 7.
38.42000, 9.
38.43000, 9.
38.44000, 6.
38.45000, 6.
38.46000, 9.
38.47000, 6.
38.48000, 11.
38.49000, 6.
38.50000, 7.
38.51000, 6.
38.52000, 3.
38.53000, 3.
38.54000, 7.
38.55000, 4.
38.56000, 8.
38.57000, 5.
38.58000, 11.
38.59000, 7.
38.60000, 6.
38.61000, 7.
38.62000, 7.
38.63000, 6.
38.64000, 6.
38.65000, 5.
38.66000, 10.
38.67000, 11.
38.68000, 4.
38.69000, 11.
38.70000, 8.
38.71000, 9.
38.72000, 13.
38.73000, 8.
38.74000, 8.
38.75000, 6.
38.76000, 4.
38.77000, 6.
38.78000, 3.
38.79000, 10.
38.80000, 8.
38.81000, 7.
38.82000, 4.
38.83000, 7.
38.84000, 7.
38.85000, 5.
38.86000, 6.
38.87000, 9.
38.88000, 11.
38.89000, 8.
38.90000, 4.
38.91000, 9.
38.92000, 6.
38.93000, 6.
38.94000, 11.
38.95000, 4.
38.96000, 3.
38.97000, 8.
38.98000, 10.
38.99000, 13.
39.00000, 6.
39.01000, 4.
39.02000, 3.
39.03000, 6.
39.04000, 11.
39.05000, 5.
39.06000, 3.
39.07000, 8.
39.08000, 13.
39.09000, 6.
39.10000, 4.
39.11000, 5.
39.12000, 8.
39.13000, 6.
39.14000, 5.
39.15000, 2.
39.16000, 8.
39.17000, 6.
39.18000, 4.
39.19000, 6.
39.20000, 10.
39.21000, 11.
39.22000, 7.
39.23000, 5.
39.24000, 10.
39.25000, 4.
39.26000, 5.
39.27000, 12.
39.28000, 6.
39.29000, 6.
39.30000, 7.
39.31000, 3.
39.32000, 4.
39.33000, 7.
39.34000, 6.
39.35000, 4.
39.36000, 9.
39.37000, 11.
39.38000, 6.
39.39000, 11.
39.40000, 8.
39.41000, 7.
39.42000, 10.
39.43000, 8.
39.44000, 7.
39.45000, 2.
39.46000, 6.
39.47000, 3.
39.48000, 6.
39.49000, 3.
39.50000, 5.
39.51000, 5.
39.52000, 5.
39.53000, 5.
39.54000, 4.
39.55000, 4.
39.56000, 8.
39.57000, 9.
39.58000, 7.
39.59000, 7.
39.60000, 7.
39.61000, 8.
39.62000, 5.
39.63000, 8.
39.64000, 2.
39.65000, 3.
39.66000, 8.
39.67000, 3.
39.68000, 3.
39.69000, 2.
39.70000, 6.
39.71000, 7.
39.72000, 4.
39.73000, 0.
39.74000, 7.
39.75000, 2.
39.76000, 2.
39.77000, 5.
39.78000, 10.
39.79000, 3.
39.80000, 4.
39.81000, 8.
39.82000, 3.
39.83000, 10.
39.84000, 9.
39.85000, 3.
39.86000, 4.
39.87000, 6.
39.88000, 7.
39.89000, 8.
39.90000, 5.
39.91000, 3.
39.92000, 7.
39.93000, 3.
39.94000, 5.
39.95000, 3.
39.96000, 8.
39.97000, 3.
39.98000, 4.
39.99000, 9.
40.00000, 1.
40.01000, 1.
40.02000, 6.
40.03000, 9.
40.04000, 3.
40.05000, 6.
40.06000, 5.
40.07000, 7.
40.08000, 5.
40.09000, 7.
40.10000, 5.
40.11000, 1.
40.12000, 7.
40.13000, 7.
40.14000, 6.
40.15000, 3.
40.16000, 6.
40.17000, 1.
40.18000, 4.
40.19000, 9.
40.20000, 5.
40.21000, 3.
40.22000, 5.
40.23000, 1.
40.24000, 1.
40.25000, 4.
40.26000, 6.
40.27000, 5.
40.28000, 2.
40.29000, 5.
40.30000, 5.
40.31000, 4.
40.32000, 4.
40.33000, 2.
40.34000, 7.
40.35000, 2.
40.36000, 6.
40.37000, 8.
40.38000, 6.
40.39000, 4.
40.40000, 6.
40.41000, 10.
40.42000, 4.
40.43000, 5.
40.44000, 5.
40.45000, 3.
40.46000, 7.
40.47000, 8.
40.48000, 4.
40.49000, 3.
40.50000, 10.
40.51000, 5.
40.52000, 5.
40.53000, 5.
40.54000, 2.
40.55000, 0.
#ENDOFDATA   : 
