#FORMAT      : EMSA/MAS Spectral Data File
#VERSION     : 1.0
#TITLE       : oreas 466 1
#DATE        : 10-AUG-2026
#TIME        : 12:55
#OWNER       : XGT7200
#NPOINTS     : 4096.
#NCOLUMNS    : 1.
#XUNITS      : keV
#YUNITS      : counts
#DATATYPE    : XY
#XPERCHAN    : 0.0100000
#OFFSET      : -0.400000
#SIGNALTYPE  : EDS
#CHOFFSET    : 40.0000
#LIVETIME    : 30.000000
#REALTIME    : 39.877464
#BEAMKV      : 50.0000
#PROBECUR    : 579000.
#MAGCAM      : 100.000
#XTILTSTGE   : 0.0
#AZIMANGLE   : 0.0
#ELEVANGLE   : 45.0
#XPOSITION mm: 0.0000
#YPOSITION mm: 0.0000
#ZPOSITION mm: 0.0000
##OXINSTPT   : 4
##OXINSTSTROB: 72.18
##OXINSTELEMS: 13,14,19,20,22,26,33,37,38,40
##OXINSTLABEL: 13, 1.487, Al
##OXINSTLABEL: 26, 6.404, Fe
##OXINSTLABEL: 26, 7.058, Fe
##OXINSTLABEL: 26, 0.705, Fe
##OXINSTLABEL: 26, 0.628, Fe
##OXINSTLABEL: 14, 1.740, Si
##OXINSTLABEL: 33, 10.544, As
##OXINSTLABEL: 33, 11.726, As
##OXINSTLABEL: 33, 1.282, As
##OXINSTLABEL: 33, 1.155, As
##OXINSTLABEL: 33, 1.120, As
##OXINSTLABEL: 22, 4.511, Ti
##OXINSTLABEL: 22, 4.932, Ti
##OXINSTLABEL: 22, 0.452, Ti
##OXINSTLABEL: 22, 0.401, Ti
##OXINSTLABEL: 19, 3.314, K
##OXINSTLABEL: 19, 3.590, K
##OXINSTLABEL: 19, 0.262, K
##OXINSTLABEL: 37, 13.396, Rb
##OXINSTLABEL: 37, 14.962, Rb
##OXINSTLABEL: 37, 1.694, Rb
##OXINSTLABEL: 37, 1.542, Rb
##OXINSTLABEL: 37, 1.482, Rb
##OXINSTLABEL: 40, 15.775, Zr
##OXINSTLABEL: 40, 17.668, Zr
##OXINSTLABEL: 40, 17.970, Zr
##OXINSTLABEL: 40, 2.042, Zr
##OXINSTLABEL: 40, 1.877, Zr
##OXINSTLABEL: 40, 2.503, Zr
##OXINSTLABEL: 40, 1.792, Zr
##OXINSTLABEL: 38, 14.165, Sr
##OXINSTLABEL: 38, 15.836, Sr
##OXINSTLABEL: 38, 16.085, Sr
##OXINSTLABEL: 38, 1.807, Sr
##OXINSTLABEL: 38, 1.649, Sr
##OXINSTLABEL: 38, 1.582, Sr
##OXINSTLABEL: 20, 3.692, Ca
##OXINSTLABEL: 20, 4.013, Ca
##OXINSTLABEL: 20, 0.341, Ca
##OXINSTLABEL: 20, 0.306, Ca
#SPECTRUM    : Spectral Data Starts Here
-0.40000, 0.
-0.39000, 0.
-0.38000, 0.
-0.37000, 0.
-0.36000, 0.
-0.35000, 0.
-0.34000, 0.
-0.33000, 0.
-0.32000, 0.
-0.31000, 0.
-0.30000, 0.
-0.29000, 0.
-0.28000, 0.
-0.27000, 0.
-0.26000, 0.
-0.25000, 0.
-0.24000, 0.
-0.23000, 0.
-0.22000, 0.
-0.21000, 0.
-0.20000, 0.
-0.19000, 0.
-0.18000, 0.
-0.17000, 0.
-0.16000, 0.
-0.15000, 0.
-0.14000, 0.
-0.13000, 0.
-0.12000, 0.
-0.11000, 0.
-0.10000, 0.
-0.09000, 0.
-0.08000, 0.
-0.07000, 0.
-0.06000, 0.
-0.05000, 0.
-0.04000, 0.
-0.03000, 0.
-0.02000, 0.
-0.01000, 0.
0.00000, 0.
0.01000, 0.
0.02000, 0.
0.03000, 0.
0.04000, 0.
0.05000, 0.
0.06000, 0.
0.07000, 0.
0.08000, 0.
0.09000, 0.
0.10000, 0.
0.11000, 0.
0.12000, 0.
0.13000, 0.
0.14000, 0.
0.15000, 0.
0.16000, 0.
0.17000, 0.
0.18000, 0.
0.19000, 0.
0.20000, 0.
0.21000, 0.
0.22000, 0.
0.23000, 0.
0.24000, 0.
0.25000, 0.
0.26000, 0.
0.27000, 0.
0.28000, 0.
0.29000, 0.
0.30000, 0.
0.31000, 0.
0.32000, 1.
0.33000, 0.
0.34000, 2.
0.35000, 4.
0.36000, 2.
0.37000, 4.
0.38000, 9.
0.39000, 15.
0.40000, 23.
0.41000, 31.
0.42000, 36.
0.43000, 57.
0.44000, 41.
0.45000, 45.
0.46000, 43.
0.47000, 36.
0.48000, 52.
0.49000, 48.
0.50000, 42.
0.51000, 30.
0.52000, 41.
0.53000, 42.
0.54000, 55.
0.55000, 38.
0.56000, 50.
0.57000, 44.
0.58000, 39.
0.59000, 33.
0.60000, 45.
0.61000, 33.
0.62000, 38.
0.63000, 39.
0.64000, 41.
0.65000, 37.
0.66000, 37.
0.67000, 38.
0.68000, 36.
0.69000, 27.
0.70000, 47.
0.71000, 34.
0.72000, 33.
0.73000, 42.
0.74000, 39.
0.75000, 43.
0.76000, 42.
0.77000, 42.
0.78000, 36.
0.79000, 32.
0.80000, 35.
0.81000, 25.
0.82000, 28.
0.83000, 43.
0.84000, 26.
0.85000, 33.
0.86000, 39.
0.87000, 32.
0.88000, 37.
0.89000, 32.
0.90000, 31.
0.91000, 36.
0.92000, 36.
0.93000, 30.
0.94000, 40.
0.95000, 37.
0.96000, 45.
0.97000, 42.
0.98000, 44.
0.99000, 36.
1.00000, 36.
1.01000, 43.
1.02000, 28.
1.03000, 28.
1.04000, 36.
1.05000, 34.
1.06000, 26.
1.07000, 44.
1.08000, 39.
1.09000, 38.
1.10000, 33.
1.11000, 34.
1.12000, 44.
1.13000, 37.
1.14000, 43.
1.15000, 24.
1.16000, 40.
1.17000, 42.
1.18000, 29.
1.19000, 30.
1.20000, 30.
1.21000, 36.
1.22000, 40.
1.23000, 41.
1.24000, 43.
1.25000, 50.
1.26000, 30.
1.27000, 42.
1.28000, 39.
1.29000, 36.
1.30000, 36.
1.31000, 35.
1.32000, 41.
1.33000, 34.
1.34000, 32.
1.35000, 46.
1.36000, 48.
1.37000, 38.
1.38000, 70.
1.39000, 79.
1.40000, 104.
1.41000, 160.
1.42000, 233.
1.43000, 352.
1.44000, 461.
1.45000, 567.
1.46000, 764.
1.47000, 812.
1.48000, 886.
1.49000, 928.
1.50000, 892.
1.51000, 899.
1.52000, 772.
1.53000, 658.
1.54000, 502.
1.55000, 399.
1.56000, 294.
1.57000, 239.
1.58000, 188.
1.59000, 142.
1.60000, 115.
1.61000, 125.
1.62000, 144.
1.63000, 235.
1.64000, 355.
1.65000, 530.
1.66000, 887.
1.67000, 1414.
1.68000, 2059.
1.69000, 2882.
1.70000, 3846.
1.71000, 4792.
1.72000, 5565.
1.73000, 6356.
1.74000, 6823.
1.75000, 6769.
1.76000, 6365.
1.77000, 5705.
1.78000, 4965.
1.79000, 3996.
1.80000, 3135.
1.81000, 2343.
1.82000, 1667.
1.83000, 1120.
1.84000, 841.
1.85000, 591.
1.86000, 414.
1.87000, 321.
1.88000, 230.
1.89000, 172.
1.90000, 130.
1.91000, 102.
1.92000, 77.
1.93000, 58.
1.94000, 59.
1.95000, 28.
1.96000, 45.
1.97000, 42.
1.98000, 35.
1.99000, 56.
2.00000, 44.
2.01000, 42.
2.02000, 35.
2.03000, 34.
2.04000, 47.
2.05000, 46.
2.06000, 42.
2.07000, 34.
2.08000, 29.
2.09000, 29.
2.10000, 20.
2.11000, 26.
2.12000, 22.
2.13000, 23.
2.14000, 32.
2.15000, 40.
2.16000, 32.
2.17000, 30.
2.18000, 44.
2.19000, 40.
2.20000, 24.
2.21000, 22.
2.22000, 21.
2.23000, 36.
2.24000, 32.
2.25000, 26.
2.26000, 21.
2.27000, 34.
2.28000, 34.
2.29000, 34.
2.30000, 31.
2.31000, 28.
2.32000, 33.
2.33000, 23.
2.34000, 21.
2.35000, 44.
2.36000, 29.
2.37000, 33.
2.38000, 25.
2.39000, 25.
2.40000, 23.
2.41000, 28.
2.42000, 28.
2.43000, 23.
2.44000, 31.
2.45000, 31.
2.46000, 34.
2.47000, 25.
2.48000, 33.
2.49000, 32.
2.50000, 31.
2.51000, 31.
2.52000, 32.
2.53000, 31.
2.54000, 37.
2.55000, 29.
2.56000, 32.
2.57000, 55.
2.58000, 55.
2.59000, 65.
2.60000, 87.
2.61000, 113.
2.62000, 156.
2.63000, 207.
2.64000, 263.
2.65000, 337.
2.66000, 399.
2.67000, 425.
2.68000, 450.
2.69000, 527.
2.70000, 513.
2.71000, 533.
2.72000, 473.
2.73000, 491.
2.74000, 412.
2.75000, 369.
2.76000, 328.
2.77000, 282.
2.78000, 263.
2.79000, 200.
2.80000, 237.
2.81000, 210.
2.82000, 234.
2.83000, 211.
2.84000, 229.
2.85000, 229.
2.86000, 185.
2.87000, 228.
2.88000, 184.
2.89000, 167.
2.90000, 155.
2.91000, 129.
2.92000, 119.
2.93000, 99.
2.94000, 94.
2.95000, 101.
2.96000, 65.
2.97000, 71.
2.98000, 68.
2.99000, 71.
3.00000, 77.
3.01000, 55.
3.02000, 58.
3.03000, 41.
3.04000, 44.
3.05000, 38.
3.06000, 43.
3.07000, 34.
3.08000, 44.
3.09000, 25.
3.10000, 26.
3.11000, 38.
3.12000, 30.
3.13000, 33.
3.14000, 31.
3.15000, 35.
3.16000, 37.
3.17000, 44.
3.18000, 67.
3.19000, 68.
3.20000, 105.
3.21000, 123.
3.22000, 168.
3.23000, 260.
3.24000, 305.
3.25000, 421.
3.26000, 545.
3.27000, 651.
3.28000, 767.
3.29000, 931.
3.30000, 1006.
3.31000, 1064.
3.32000, 1055.
3.33000, 1016.
3.34000, 985.
3.35000, 872.
3.36000, 706.
3.37000, 581.
3.38000, 470.
3.39000, 382.
3.40000, 299.
3.41000, 206.
3.42000, 151.
3.43000, 103.
3.44000, 91.
3.45000, 56.
3.46000, 55.
3.47000, 63.
3.48000, 46.
3.49000, 65.
3.50000, 72.
3.51000, 63.
3.52000, 87.
3.53000, 92.
3.54000, 110.
3.55000, 127.
3.56000, 150.
3.57000, 166.
3.58000, 144.
3.59000, 175.
3.60000, 183.
3.61000, 213.
3.62000, 198.
3.63000, 194.
3.64000, 190.
3.65000, 190.
3.66000, 214.
3.67000, 194.
3.68000, 196.
3.69000, 181.
3.70000, 186.
3.71000, 160.
3.72000, 128.
3.73000, 136.
3.74000, 117.
3.75000, 85.
3.76000, 69.
3.77000, 58.
3.78000, 58.
3.79000, 36.
3.80000, 32.
3.81000, 35.
3.82000, 22.
3.83000, 21.
3.84000, 24.
3.85000, 25.
3.86000, 29.
3.87000, 33.
3.88000, 29.
3.89000, 24.
3.90000, 24.
3.91000, 22.
3.92000, 32.
3.93000, 39.
3.94000, 44.
3.95000, 29.
3.96000, 33.
3.97000, 43.
3.98000, 64.
3.99000, 44.
4.00000, 46.
4.01000, 51.
4.02000, 50.
4.03000, 38.
4.04000, 34.
4.05000, 39.
4.06000, 47.
4.07000, 40.
4.08000, 43.
4.09000, 44.
4.10000, 30.
4.11000, 25.
4.12000, 34.
4.13000, 20.
4.14000, 26.
4.15000, 24.
4.16000, 12.
4.17000, 33.
4.18000, 29.
4.19000, 21.
4.20000, 25.
4.21000, 21.
4.22000, 35.
4.23000, 28.
4.24000, 29.
4.25000, 29.
4.26000, 26.
4.27000, 28.
4.28000, 36.
4.29000, 39.
4.30000, 31.
4.31000, 34.
4.32000, 41.
4.33000, 37.
4.34000, 48.
4.35000, 40.
4.36000, 57.
4.37000, 61.
4.38000, 96.
4.39000, 109.
4.40000, 128.
4.41000, 204.
4.42000, 222.
4.43000, 288.
4.44000, 384.
4.45000, 417.
4.46000, 548.
4.47000, 595.
4.48000, 610.
4.49000, 743.
4.50000, 759.
4.51000, 770.
4.52000, 726.
4.53000, 707.
4.54000, 706.
4.55000, 631.
4.56000, 506.
4.57000, 431.
4.58000, 365.
4.59000, 300.
4.60000, 241.
4.61000, 215.
4.62000, 203.
4.63000, 169.
4.64000, 131.
4.65000, 123.
4.66000, 110.
4.67000, 119.
4.68000, 109.
4.69000, 99.
4.70000, 85.
4.71000, 75.
4.72000, 78.
4.73000, 62.
4.74000, 84.
4.75000, 74.
4.76000, 74.
4.77000, 72.
4.78000, 84.
4.79000, 75.
4.80000, 89.
4.81000, 88.
4.82000, 126.
4.83000, 117.
4.84000, 124.
4.85000, 112.
4.86000, 131.
4.87000, 145.
4.88000, 168.
4.89000, 172.
4.90000, 171.
4.91000, 210.
4.92000, 201.
4.93000, 189.
4.94000, 189.
4.95000, 207.
4.96000, 180.
4.97000, 169.
4.98000, 159.
4.99000, 130.
5.00000, 106.
5.01000, 111.
5.02000, 108.
5.03000, 88.
5.04000, 85.
5.05000, 79.
5.06000, 82.
5.07000, 80.
5.08000, 55.
5.09000, 59.
5.10000, 67.
5.11000, 62.
5.12000, 47.
5.13000, 53.
5.14000, 68.
5.15000, 67.
5.16000, 72.
5.17000, 57.
5.18000, 69.
5.19000, 63.
5.20000, 64.
5.21000, 65.
5.22000, 77.
5.23000, 71.
5.24000, 72.
5.25000, 73.
5.26000, 67.
5.27000, 74.
5.28000, 84.
5.29000, 82.
5.30000, 72.
5.31000, 72.
5.32000, 89.
5.33000, 91.
5.34000, 77.
5.35000, 100.
5.36000, 100.
5.37000, 109.
5.38000, 98.
5.39000, 105.
5.40000, 75.
5.41000, 98.
5.42000, 114.
5.43000, 108.
5.44000, 110.
5.45000, 107.
5.46000, 94.
5.47000, 97.
5.48000, 84.
5.49000, 76.
5.50000, 77.
5.51000, 60.
5.52000, 69.
5.53000, 86.
5.54000, 76.
5.55000, 73.
5.56000, 77.
5.57000, 65.
5.58000, 87.
5.59000, 58.
5.60000, 55.
5.61000, 60.
5.62000, 64.
5.63000, 64.
5.64000, 65.
5.65000, 72.
5.66000, 68.
5.67000, 54.
5.68000, 69.
5.69000, 77.
5.70000, 62.
5.71000, 61.
5.72000, 72.
5.73000, 67.
5.74000, 75.
5.75000, 76.
5.76000, 84.
5.77000, 61.
5.78000, 67.
5.79000, 66.
5.80000, 75.
5.81000, 71.
5.82000, 56.
5.83000, 86.
5.84000, 80.
5.85000, 77.
5.86000, 88.
5.87000, 96.
5.88000, 75.
5.89000, 71.
5.90000, 74.
5.91000, 92.
5.92000, 78.
5.93000, 83.
5.94000, 73.
5.95000, 68.
5.96000, 84.
5.97000, 74.
5.98000, 81.
5.99000, 74.
6.00000, 66.
6.01000, 67.
6.02000, 62.
6.03000, 68.
6.04000, 83.
6.05000, 91.
6.06000, 78.
6.07000, 77.
6.08000, 87.
6.09000, 75.
6.10000, 82.
6.11000, 93.
6.12000, 90.
6.13000, 90.
6.14000, 110.
6.15000, 117.
6.16000, 129.
6.17000, 130.
6.18000, 190.
6.19000, 176.
6.20000, 243.
6.21000, 337.
6.22000, 451.
6.23000, 560.
6.24000, 803.
6.25000, 1096.
6.26000, 1609.
6.27000, 2161.
6.28000, 2954.
6.29000, 3892.
6.30000, 4945.
6.31000, 6333.
6.32000, 7840.
6.33000, 9566.
6.34000, 11252.
6.35000, 13001.
6.36000, 14545.
6.37000, 15724.
6.38000, 16471.
6.39000, 17322.
6.40000, 17420.
6.41000, 16789.
6.42000, 16195.
6.43000, 15070.
6.44000, 13645.
6.45000, 12124.
6.46000, 10340.
6.47000, 8500.
6.48000, 7012.
6.49000, 5516.
6.50000, 4343.
6.51000, 3254.
6.52000, 2470.
6.53000, 1769.
6.54000, 1304.
6.55000, 805.
6.56000, 620.
6.57000, 460.
6.58000, 306.
6.59000, 216.
6.60000, 180.
6.61000, 145.
6.62000, 139.
6.63000, 136.
6.64000, 129.
6.65000, 115.
6.66000, 120.
6.67000, 107.
6.68000, 111.
6.69000, 114.
6.70000, 96.
6.71000, 95.
6.72000, 96.
6.73000, 112.
6.74000, 84.
6.75000, 105.
6.76000, 111.
6.77000, 104.
6.78000, 118.
6.79000, 99.
6.80000, 147.
6.81000, 133.
6.82000, 128.
6.83000, 147.
6.84000, 139.
6.85000, 156.
6.86000, 160.
6.87000, 186.
6.88000, 211.
6.89000, 249.
6.90000, 346.
6.91000, 377.
6.92000, 492.
6.93000, 624.
6.94000, 811.
6.95000, 901.
6.96000, 1180.
6.97000, 1269.
6.98000, 1599.
6.99000, 1851.
7.00000, 2161.
7.01000, 2290.
7.02000, 2589.
7.03000, 2697.
7.04000, 2875.
7.05000, 2748.
7.06000, 2772.
7.07000, 2801.
7.08000, 2533.
7.09000, 2341.
7.10000, 2170.
7.11000, 1879.
7.12000, 1594.
7.13000, 1390.
7.14000, 1161.
7.15000, 889.
7.16000, 722.
7.17000, 583.
7.18000, 411.
7.19000, 308.
7.20000, 281.
7.21000, 224.
7.22000, 162.
7.23000, 142.
7.24000, 104.
7.25000, 70.
7.26000, 87.
7.27000, 83.
7.28000, 75.
7.29000, 61.
7.30000, 60.
7.31000, 67.
7.32000, 61.
7.33000, 67.
7.34000, 72.
7.35000, 70.
7.36000, 74.
7.37000, 57.
7.38000, 69.
7.39000, 66.
7.40000, 95.
7.41000, 79.
7.42000, 79.
7.43000, 103.
7.44000, 85.
7.45000, 77.
7.46000, 75.
7.47000, 71.
7.48000, 77.
7.49000, 67.
7.50000, 86.
7.51000, 89.
7.52000, 75.
7.53000, 72.
7.54000, 76.
7.55000, 81.
7.56000, 73.
7.57000, 55.
7.58000, 66.
7.59000, 84.
7.60000, 83.
7.61000, 78.
7.62000, 71.
7.63000, 62.
7.64000, 62.
7.65000, 65.
7.66000, 83.
7.67000, 68.
7.68000, 78.
7.69000, 64.
7.70000, 69.
7.71000, 69.
7.72000, 72.
7.73000, 80.
7.74000, 60.
7.75000, 67.
7.76000, 66.
7.77000, 78.
7.78000, 74.
7.79000, 83.
7.80000, 78.
7.81000, 84.
7.82000, 95.
7.83000, 109.
7.84000, 97.
7.85000, 94.
7.86000, 95.
7.87000, 111.
7.88000, 109.
7.89000, 101.
7.90000, 88.
7.91000, 120.
7.92000, 101.
7.93000, 99.
7.94000, 104.
7.95000, 106.
7.96000, 118.
7.97000, 104.
7.98000, 114.
7.99000, 127.
8.00000, 120.
8.01000, 114.
8.02000, 131.
8.03000, 126.
8.04000, 133.
8.05000, 147.
8.06000, 136.
8.07000, 153.
8.08000, 165.
8.09000, 148.
8.10000, 154.
8.11000, 159.
8.12000, 176.
8.13000, 133.
8.14000, 143.
8.15000, 138.
8.16000, 147.
8.17000, 137.
8.18000, 134.
8.19000, 141.
8.20000, 125.
8.21000, 125.
8.22000, 116.
8.23000, 113.
8.24000, 119.
8.25000, 116.
8.26000, 103.
8.27000, 105.
8.28000, 122.
8.29000, 89.
8.30000, 117.
8.31000, 106.
8.32000, 123.
8.33000, 107.
8.34000, 111.
8.35000, 114.
8.36000, 131.
8.37000, 125.
8.38000, 119.
8.39000, 117.
8.40000, 114.
8.41000, 107.
8.42000, 110.
8.43000, 122.
8.44000, 118.
8.45000, 119.
8.46000, 117.
8.47000, 117.
8.48000, 114.
8.49000, 116.
8.50000, 112.
8.51000, 119.
8.52000, 140.
8.53000, 110.
8.54000, 112.
8.55000, 107.
8.56000, 119.
8.57000, 111.
8.58000, 112.
8.59000, 121.
8.60000, 143.
8.61000, 122.
8.62000, 130.
8.63000, 105.
8.64000, 126.
8.65000, 122.
8.66000, 139.
8.67000, 131.
8.68000, 104.
8.69000, 114.
8.70000, 109.
8.71000, 120.
8.72000, 132.
8.73000, 124.
8.74000, 102.
8.75000, 138.
8.76000, 81.
8.77000, 130.
8.78000, 108.
8.79000, 107.
8.80000, 121.
8.81000, 114.
8.82000, 105.
8.83000, 91.
8.84000, 101.
8.85000, 98.
8.86000, 121.
8.87000, 103.
8.88000, 113.
8.89000, 113.
8.90000, 96.
8.91000, 117.
8.92000, 105.
8.93000, 85.
8.94000, 118.
8.95000, 104.
8.96000, 85.
8.97000, 88.
8.98000, 100.
8.99000, 124.
9.00000, 100.
9.01000, 107.
9.02000, 100.
9.03000, 102.
9.04000, 104.
9.05000, 112.
9.06000, 96.
9.07000, 92.
9.08000, 108.
9.09000, 106.
9.10000, 94.
9.11000, 121.
9.12000, 110.
9.13000, 116.
9.14000, 112.
9.15000, 137.
9.16000, 116.
9.17000, 117.
9.18000, 146.
9.19000, 119.
9.20000, 124.
9.21000, 124.
9.22000, 129.
9.23000, 132.
9.24000, 138.
9.25000, 126.
9.26000, 108.
9.27000, 135.
9.28000, 146.
9.29000, 110.
9.30000, 134.
9.31000, 120.
9.32000, 116.
9.33000, 127.
9.34000, 128.
9.35000, 123.
9.36000, 132.
9.37000, 104.
9.38000, 124.
9.39000, 127.
9.40000, 116.
9.41000, 137.
9.42000, 127.
9.43000, 120.
9.44000, 135.
9.45000, 106.
9.46000, 120.
9.47000, 113.
9.48000, 117.
9.49000, 137.
9.50000, 108.
9.51000, 126.
9.52000, 114.
9.53000, 111.
9.54000, 130.
9.55000, 143.
9.56000, 144.
9.57000, 128.
9.58000, 113.
9.59000, 122.
9.60000, 147.
9.61000, 121.
9.62000, 139.
9.63000, 124.
9.64000, 138.
9.65000, 141.
9.66000, 140.
9.67000, 137.
9.68000, 133.
9.69000, 147.
9.70000, 146.
9.71000, 133.
9.72000, 123.
9.73000, 127.
9.74000, 133.
9.75000, 141.
9.76000, 134.
9.77000, 117.
9.78000, 117.
9.79000, 114.
9.80000, 111.
9.81000, 139.
9.82000, 158.
9.83000, 135.
9.84000, 118.
9.85000, 138.
9.86000, 123.
9.87000, 123.
9.88000, 117.
9.89000, 156.
9.90000, 115.
9.91000, 123.
9.92000, 124.
9.93000, 102.
9.94000, 112.
9.95000, 143.
9.96000, 105.
9.97000, 128.
9.98000, 122.
9.99000, 134.
10.00000, 128.
10.01000, 126.
10.02000, 122.
10.03000, 109.
10.04000, 112.
10.05000, 120.
10.06000, 116.
10.07000, 110.
10.08000, 108.
10.09000, 110.
10.10000, 127.
10.11000, 106.
10.12000, 108.
10.13000, 115.
10.14000, 119.
10.15000, 118.
10.16000, 129.
10.17000, 117.
10.18000, 133.
10.19000, 105.
10.20000, 111.
10.21000, 116.
10.22000, 137.
10.23000, 122.
10.24000, 126.
10.25000, 131.
10.26000, 132.
10.27000, 127.
10.28000, 128.
10.29000, 142.
10.30000, 145.
10.31000, 142.
10.32000, 126.
10.33000, 135.
10.34000, 181.
10.35000, 164.
10.36000, 172.
10.37000, 173.
10.38000, 188.
10.39000, 194.
10.40000, 236.
10.41000, 260.
10.42000, 261.
10.43000, 303.
10.44000, 363.
10.45000, 388.
10.46000, 383.
10.47000, 400.
10.48000, 482.
10.49000, 513.
10.50000, 504.
10.51000, 502.
10.52000, 521.
10.53000, 510.
10.54000, 522.
10.55000, 464.
10.56000, 426.
10.57000, 464.
10.58000, 430.
10.59000, 375.
10.60000, 336.
10.61000, 297.
10.62000, 270.
10.63000, 277.
10.64000, 240.
10.65000, 221.
10.66000, 206.
10.67000, 162.
10.68000, 170.
10.69000, 146.
10.70000, 145.
10.71000, 190.
10.72000, 115.
10.73000, 133.
10.74000, 148.
10.75000, 149.
10.76000, 165.
10.77000, 134.
10.78000, 146.
10.79000, 130.
10.80000, 140.
10.81000, 132.
10.82000, 129.
10.83000, 153.
10.84000, 145.
10.85000, 118.
10.86000, 119.
10.87000, 135.
10.88000, 134.
10.89000, 140.
10.90000, 136.
10.91000, 158.
10.92000, 115.
10.93000, 123.
10.94000, 125.
10.95000, 133.
10.96000, 137.
10.97000, 115.
10.98000, 148.
10.99000, 117.
11.00000, 149.
11.01000, 144.
11.02000, 132.
11.03000, 135.
11.04000, 136.
11.05000, 108.
11.06000, 158.
11.07000, 136.
11.08000, 144.
11.09000, 125.
11.10000, 128.
11.11000, 156.
11.12000, 141.
11.13000, 127.
11.14000, 157.
11.15000, 135.
11.16000, 131.
11.17000, 143.
11.18000, 134.
11.19000, 131.
11.20000, 151.
11.21000, 131.
11.22000, 135.
11.23000, 117.
11.24000, 148.
11.25000, 154.
11.26000, 135.
11.27000, 150.
11.28000, 122.
11.29000, 132.
11.30000, 121.
11.31000, 139.
11.32000, 132.
11.33000, 129.
11.34000, 121.
11.35000, 138.
11.36000, 122.
11.37000, 152.
11.38000, 156.
11.39000, 122.
11.40000, 129.
11.41000, 120.
11.42000, 144.
11.43000, 120.
11.44000, 132.
11.45000, 143.
11.46000, 140.
11.47000, 141.
11.48000, 133.
11.49000, 133.
11.50000, 147.
11.51000, 133.
11.52000, 136.
11.53000, 131.
11.54000, 154.
11.55000, 156.
11.56000, 143.
11.57000, 157.
11.58000, 149.
11.59000, 163.
11.60000, 150.
11.61000, 153.
11.62000, 183.
11.63000, 189.
11.64000, 197.
11.65000, 193.
11.66000, 183.
11.67000, 202.
11.68000, 198.
11.69000, 188.
11.70000, 218.
11.71000, 180.
11.72000, 204.
11.73000, 190.
11.74000, 210.
11.75000, 193.
11.76000, 186.
11.77000, 182.
11.78000, 190.
11.79000, 194.
11.80000, 183.
11.81000, 152.
11.82000, 174.
11.83000, 158.
11.84000, 131.
11.85000, 141.
11.86000, 176.
11.87000, 143.
11.88000, 160.
11.89000, 136.
11.90000, 153.
11.91000, 142.
11.92000, 159.
11.93000, 143.
11.94000, 164.
11.95000, 157.
11.96000, 150.
11.97000, 142.
11.98000, 145.
11.99000, 141.
12.00000, 123.
12.01000, 142.
12.02000, 153.
12.03000, 133.
12.04000, 130.
12.05000, 149.
12.06000, 139.
12.07000, 123.
12.08000, 139.
12.09000, 148.
12.10000, 132.
12.11000, 131.
12.12000, 151.
12.13000, 136.
12.14000, 136.
12.15000, 136.
12.16000, 145.
12.17000, 139.
12.18000, 133.
12.19000, 129.
12.20000, 145.
12.21000, 130.
12.22000, 132.
12.23000, 136.
12.24000, 152.
12.25000, 109.
12.26000, 138.
12.27000, 141.
12.28000, 140.
12.29000, 141.
12.30000, 114.
12.31000, 114.
12.32000, 142.
12.33000, 146.
12.34000, 137.
12.35000, 136.
12.36000, 119.
12.37000, 138.
12.38000, 142.
12.39000, 143.
12.40000, 131.
12.41000, 138.
12.42000, 143.
12.43000, 155.
12.44000, 139.
12.45000, 152.
12.46000, 155.
12.47000, 133.
12.48000, 141.
12.49000, 143.
12.50000, 156.
12.51000, 150.
12.52000, 150.
12.53000, 148.
12.54000, 148.
12.55000, 139.
12.56000, 139.
12.57000, 153.
12.58000, 146.
12.59000, 153.
12.60000, 143.
12.61000, 158.
12.62000, 154.
12.63000, 172.
12.64000, 143.
12.65000, 152.
12.66000, 173.
12.67000, 177.
12.68000, 156.
12.69000, 162.
12.70000, 172.
12.71000, 165.
12.72000, 168.
12.73000, 194.
12.74000, 182.
12.75000, 165.
12.76000, 170.
12.77000, 183.
12.78000, 195.
12.79000, 203.
12.80000, 185.
12.81000, 176.
12.82000, 186.
12.83000, 186.
12.84000, 172.
12.85000, 165.
12.86000, 177.
12.87000, 175.
12.88000, 165.
12.89000, 188.
12.90000, 150.
12.91000, 190.
12.92000, 174.
12.93000, 162.
12.94000, 191.
12.95000, 170.
12.96000, 152.
12.97000, 180.
12.98000, 172.
12.99000, 145.
13.00000, 150.
13.01000, 173.
13.02000, 146.
13.03000, 150.
13.04000, 138.
13.05000, 152.
13.06000, 170.
13.07000, 165.
13.08000, 138.
13.09000, 152.
13.10000, 171.
13.11000, 146.
13.12000, 178.
13.13000, 167.
13.14000, 171.
13.15000, 131.
13.16000, 152.
13.17000, 200.
13.18000, 186.
13.19000, 197.
13.20000, 162.
13.21000, 168.
13.22000, 183.
13.23000, 189.
13.24000, 216.
13.25000, 197.
13.26000, 234.
13.27000, 249.
13.28000, 225.
13.29000, 262.
13.30000, 262.
13.31000, 283.
13.32000, 268.
13.33000, 274.
13.34000, 274.
13.35000, 286.
13.36000, 281.
13.37000, 285.
13.38000, 265.
13.39000, 266.
13.40000, 300.
13.41000, 258.
13.42000, 277.
13.43000, 248.
13.44000, 238.
13.45000, 231.
13.46000, 226.
13.47000, 197.
13.48000, 206.
13.49000, 216.
13.50000, 199.
13.51000, 184.
13.52000, 188.
13.53000, 190.
13.54000, 156.
13.55000, 179.
13.56000, 163.
13.57000, 178.
13.58000, 176.
13.59000, 150.
13.60000, 151.
13.61000, 149.
13.62000, 161.
13.63000, 144.
13.64000, 163.
13.65000, 148.
13.66000, 139.
13.67000, 156.
13.68000, 135.
13.69000, 148.
13.70000, 123.
13.71000, 141.
13.72000, 150.
13.73000, 130.
13.74000, 150.
13.75000, 133.
13.76000, 142.
13.77000, 157.
13.78000, 150.
13.79000, 150.
13.80000, 164.
13.81000, 131.
13.82000, 149.
13.83000, 148.
13.84000, 159.
13.85000, 137.
13.86000, 146.
13.87000, 164.
13.88000, 149.
13.89000, 160.
13.90000, 160.
13.91000, 139.
13.92000, 152.
13.93000, 163.
13.94000, 173.
13.95000, 185.
13.96000, 174.
13.97000, 179.
13.98000, 181.
13.99000, 160.
14.00000, 196.
14.01000, 173.
14.02000, 185.
14.03000, 224.
14.04000, 242.
14.05000, 205.
14.06000, 234.
14.07000, 260.
14.08000, 253.
14.09000, 278.
14.10000, 248.
14.11000, 253.
14.12000, 254.
14.13000, 236.
14.14000, 269.
14.15000, 226.
14.16000, 256.
14.17000, 238.
14.18000, 238.
14.19000, 217.
14.20000, 240.
14.21000, 208.
14.22000, 209.
14.23000, 185.
14.24000, 189.
14.25000, 193.
14.26000, 200.
14.27000, 205.
14.28000, 162.
14.29000, 159.
14.30000, 184.
14.31000, 148.
14.32000, 161.
14.33000, 154.
14.34000, 151.
14.35000, 158.
14.36000, 151.
14.37000, 145.
14.38000, 152.
14.39000, 148.
14.40000, 154.
14.41000, 157.
14.42000, 127.
14.43000, 142.
14.44000, 140.
14.45000, 163.
14.46000, 142.
14.47000, 123.
14.48000, 150.
14.49000, 139.
14.50000, 135.
14.51000, 123.
14.52000, 138.
14.53000, 145.
14.54000, 144.
14.55000, 134.
14.56000, 130.
14.57000, 144.
14.58000, 144.
14.59000, 148.
14.60000, 163.
14.61000, 140.
14.62000, 142.
14.63000, 140.
14.64000, 154.
14.65000, 111.
14.66000, 161.
14.67000, 131.
14.68000, 149.
14.69000, 139.
14.70000, 132.
14.71000, 142.
14.72000, 148.
14.73000, 145.
14.74000, 142.
14.75000, 141.
14.76000, 143.
14.77000, 175.
14.78000, 156.
14.79000, 173.
14.80000, 161.
14.81000, 178.
14.82000, 170.
14.83000, 178.
14.84000, 189.
14.85000, 182.
14.86000, 162.
14.87000, 180.
14.88000, 186.
14.89000, 200.
14.90000, 207.
14.91000, 177.
14.92000, 204.
14.93000, 207.
14.94000, 199.
14.95000, 193.
14.96000, 168.
14.97000, 173.
14.98000, 171.
14.99000, 173.
15.00000, 172.
15.01000, 176.
15.02000, 167.
15.03000, 173.
15.04000, 165.
15.05000, 186.
15.06000, 154.
15.07000, 156.
15.08000, 162.
15.09000, 147.
15.10000, 145.
15.11000, 125.
15.12000, 157.
15.13000, 154.
15.14000, 136.
15.15000, 146.
15.16000, 194.
15.17000, 157.
15.18000, 147.
15.19000, 154.
15.20000, 148.
15.21000, 149.
15.22000, 140.
15.23000, 160.
15.24000, 153.
15.25000, 132.
15.26000, 130.
15.27000, 138.
15.28000, 140.
15.29000, 129.
15.30000, 148.
15.31000, 139.
15.32000, 158.
15.33000, 146.
15.34000, 145.
15.35000, 163.
15.36000, 147.
15.37000, 161.
15.38000, 129.
15.39000, 154.
15.40000, 156.
15.41000, 170.
15.42000, 145.
15.43000, 154.
15.44000, 119.
15.45000, 136.
15.46000, 173.
15.47000, 174.
15.48000, 161.
15.49000, 173.
15.50000, 169.
15.51000, 172.
15.52000, 155.
15.53000, 171.
15.54000, 156.
15.55000, 197.
15.56000, 232.
15.57000, 218.
15.58000, 242.
15.59000, 257.
15.60000, 260.
15.61000, 289.
15.62000, 293.
15.63000, 328.
15.64000, 316.
15.65000, 303.
15.66000, 356.
15.67000, 365.
15.68000, 344.
15.69000, 361.
15.70000, 424.
15.71000, 395.
15.72000, 403.
15.73000, 420.
15.74000, 386.
15.75000, 408.
15.76000, 410.
15.77000, 376.
15.78000, 383.
15.79000, 368.
15.80000, 358.
15.81000, 308.
15.82000, 308.
15.83000, 276.
15.84000, 264.
15.85000, 249.
15.86000, 228.
15.87000, 212.
15.88000, 209.
15.89000, 220.
15.90000, 199.
15.91000, 155.
15.92000, 203.
15.93000, 161.
15.94000, 167.
15.95000, 158.
15.96000, 172.
15.97000, 134.
15.98000, 152.
15.99000, 127.
16.00000, 142.
16.01000, 139.
16.02000, 150.
16.03000, 152.
16.04000, 135.
16.05000, 138.
16.06000, 131.
16.07000, 146.
16.08000, 149.
16.09000, 148.
16.10000, 151.
16.11000, 161.
16.12000, 134.
16.13000, 139.
16.14000, 149.
16.15000, 150.
16.16000, 139.
16.17000, 157.
16.18000, 140.
16.19000, 160.
16.20000, 135.
16.21000, 133.
16.22000, 165.
16.23000, 148.
16.24000, 144.
16.25000, 168.
16.26000, 154.
16.27000, 160.
16.28000, 141.
16.29000, 161.
16.30000, 162.
16.31000, 123.
16.32000, 158.
16.33000, 136.
16.34000, 164.
16.35000, 173.
16.36000, 160.
16.37000, 161.
16.38000, 144.
16.39000, 196.
16.40000, 184.
16.41000, 170.
16.42000, 184.
16.43000, 204.
16.44000, 191.
16.45000, 204.
16.46000, 220.
16.47000, 224.
16.48000, 217.
16.49000, 221.
16.50000, 228.
16.51000, 230.
16.52000, 235.
16.53000, 227.
16.54000, 223.
16.55000, 253.
16.56000, 246.
16.57000, 254.
16.58000, 271.
16.59000, 225.
16.60000, 205.
16.61000, 256.
16.62000, 231.
16.63000, 189.
16.64000, 196.
16.65000, 231.
16.66000, 198.
16.67000, 206.
16.68000, 181.
16.69000, 179.
16.70000, 161.
16.71000, 185.
16.72000, 183.
16.73000, 177.
16.74000, 158.
16.75000, 177.
16.76000, 145.
16.77000, 176.
16.78000, 141.
16.79000, 131.
16.80000, 151.
16.81000, 140.
16.82000, 154.
16.83000, 150.
16.84000, 164.
16.85000, 145.
16.86000, 155.
16.87000, 130.
16.88000, 122.
16.89000, 132.
16.90000, 133.
16.91000, 155.
16.92000, 136.
16.93000, 147.
16.94000, 146.
16.95000, 146.
16.96000, 167.
16.97000, 156.
16.98000, 148.
16.99000, 122.
17.00000, 159.
17.01000, 151.
17.02000, 150.
17.03000, 158.
17.04000, 146.
17.05000, 126.
17.06000, 142.
17.07000, 154.
17.08000, 128.
17.09000, 145.
17.10000, 141.
17.11000, 139.
17.12000, 158.
17.13000, 133.
17.14000, 136.
17.15000, 149.
17.16000, 158.
17.17000, 161.
17.18000, 134.
17.19000, 159.
17.20000, 142.
17.21000, 154.
17.22000, 133.
17.23000, 144.
17.24000, 152.
17.25000, 147.
17.26000, 167.
17.27000, 150.
17.28000, 139.
17.29000, 158.
17.30000, 145.
17.31000, 163.
17.32000, 143.
17.33000, 172.
17.34000, 145.
17.35000, 146.
17.36000, 137.
17.37000, 169.
17.38000, 172.
17.39000, 179.
17.40000, 180.
17.41000, 164.
17.42000, 173.
17.43000, 184.
17.44000, 167.
17.45000, 178.
17.46000, 155.
17.47000, 169.
17.48000, 193.
17.49000, 172.
17.50000, 189.
17.51000, 195.
17.52000, 224.
17.53000, 211.
17.54000, 185.
17.55000, 179.
17.56000, 199.
17.57000, 188.
17.58000, 170.
17.59000, 202.
17.60000, 178.
17.61000, 205.
17.62000, 220.
17.63000, 196.
17.64000, 221.
17.65000, 195.
17.66000, 215.
17.67000, 227.
17.68000, 196.
17.69000, 217.
17.70000, 199.
17.71000, 198.
17.72000, 203.
17.73000, 191.
17.74000, 213.
17.75000, 180.
17.76000, 180.
17.77000, 213.
17.78000, 205.
17.79000, 166.
17.80000, 166.
17.81000, 192.
17.82000, 186.
17.83000, 179.
17.84000, 183.
17.85000, 200.
17.86000, 206.
17.87000, 198.
17.88000, 199.
17.89000, 202.
17.90000, 209.
17.91000, 200.
17.92000, 187.
17.93000, 215.
17.94000, 189.
17.95000, 206.
17.96000, 212.
17.97000, 217.
17.98000, 198.
17.99000, 227.
18.00000, 206.
18.01000, 219.
18.02000, 187.
18.03000, 191.
18.04000, 213.
18.05000, 219.
18.06000, 230.
18.07000, 253.
18.08000, 200.
18.09000, 225.
18.10000, 219.
18.11000, 262.
18.12000, 212.
18.13000, 243.
18.14000, 214.
18.15000, 258.
18.16000, 228.
18.17000, 247.
18.18000, 230.
18.19000, 241.
18.20000, 266.
18.21000, 221.
18.22000, 280.
18.23000, 273.
18.24000, 272.
18.25000, 293.
18.26000, 270.
18.27000, 293.
18.28000, 298.
18.29000, 276.
18.30000, 293.
18.31000, 290.
18.32000, 315.
18.33000, 320.
18.34000, 313.
18.35000, 343.
18.36000, 334.
18.37000, 374.
18.38000, 382.
18.39000, 368.
18.40000, 392.
18.41000, 411.
18.42000, 415.
18.43000, 435.
18.44000, 417.
18.45000, 477.
18.46000, 473.
18.47000, 447.
18.48000, 505.
18.49000, 516.
18.50000, 512.
18.51000, 558.
18.52000, 549.
18.53000, 565.
18.54000, 589.
18.55000, 617.
18.56000, 625.
18.57000, 628.
18.58000, 616.
18.59000, 699.
18.60000, 644.
18.61000, 682.
18.62000, 721.
18.63000, 756.
18.64000, 745.
18.65000, 746.
18.66000, 766.
18.67000, 799.
18.68000, 766.
18.69000, 849.
18.70000, 837.
18.71000, 854.
18.72000, 830.
18.73000, 831.
18.74000, 841.
18.75000, 821.
18.76000, 823.
18.77000, 917.
18.78000, 944.
18.79000, 864.
18.80000, 869.
18.81000, 922.
18.82000, 891.
18.83000, 996.
18.84000, 933.
18.85000, 951.
18.86000, 900.
18.87000, 879.
18.88000, 826.
18.89000, 905.
18.90000, 847.
18.91000, 818.
18.92000, 863.
18.93000, 856.
18.94000, 854.
18.95000, 815.
18.96000, 860.
18.97000, 835.
18.98000, 727.
18.99000, 781.
19.00000, 775.
19.01000, 692.
19.02000, 695.
19.03000, 707.
19.04000, 736.
19.05000, 656.
19.06000, 651.
19.07000, 625.
19.08000, 606.
19.09000, 608.
19.10000, 608.
19.11000, 544.
19.12000, 552.
19.13000, 545.
19.14000, 538.
19.15000, 458.
19.16000, 457.
19.17000, 503.
19.18000, 465.
19.19000, 494.
19.20000, 422.
19.21000, 413.
19.22000, 438.
19.23000, 429.
19.24000, 396.
19.25000, 379.
19.26000, 400.
19.27000, 347.
19.28000, 364.
19.29000, 356.
19.30000, 304.
19.31000, 304.
19.32000, 329.
19.33000, 319.
19.34000, 305.
19.35000, 302.
19.36000, 286.
19.37000, 284.
19.38000, 302.
19.39000, 279.
19.40000, 256.
19.41000, 280.
19.42000, 259.
19.43000, 254.
19.44000, 240.
19.45000, 253.
19.46000, 258.
19.47000, 244.
19.48000, 255.
19.49000, 223.
19.50000, 243.
19.51000, 224.
19.52000, 235.
19.53000, 241.
19.54000, 213.
19.55000, 212.
19.56000, 224.
19.57000, 213.
19.58000, 205.
19.59000, 190.
19.60000, 218.
19.61000, 189.
19.62000, 193.
19.63000, 221.
19.64000, 203.
19.65000, 182.
19.66000, 206.
19.67000, 178.
19.68000, 187.
19.69000, 178.
19.70000, 182.
19.71000, 177.
19.72000, 154.
19.73000, 159.
19.74000, 167.
19.75000, 172.
19.76000, 165.
19.77000, 170.
19.78000, 189.
19.79000, 184.
19.80000, 163.
19.81000, 184.
19.82000, 189.
19.83000, 199.
19.84000, 155.
19.85000, 203.
19.86000, 203.
19.87000, 179.
19.88000, 228.
19.89000, 241.
19.90000, 186.
19.91000, 276.
19.92000, 255.
19.93000, 266.
19.94000, 262.
19.95000, 310.
19.96000, 329.
19.97000, 342.
19.98000, 318.
19.99000, 365.
20.00000, 397.
20.01000, 420.
20.02000, 404.
20.03000, 413.
20.04000, 453.
20.05000, 460.
20.06000, 499.
20.07000, 527.
20.08000, 495.
20.09000, 481.
20.10000, 509.
20.11000, 549.
20.12000, 553.
20.13000, 562.
20.14000, 546.
20.15000, 524.
20.16000, 558.
20.17000, 499.
20.18000, 544.
20.19000, 518.
20.20000, 516.
20.21000, 473.
20.22000, 467.
20.23000, 435.
20.24000, 405.
20.25000, 373.
20.26000, 362.
20.27000, 367.
20.28000, 327.
20.29000, 319.
20.30000, 314.
20.31000, 279.
20.32000, 258.
20.33000, 241.
20.34000, 195.
20.35000, 235.
20.36000, 191.
20.37000, 183.
20.38000, 181.
20.39000, 182.
20.40000, 163.
20.41000, 162.
20.42000, 149.
20.43000, 187.
20.44000, 157.
20.45000, 147.
20.46000, 161.
20.47000, 152.
20.48000, 145.
20.49000, 170.
20.50000, 177.
20.51000, 167.
20.52000, 160.
20.53000, 152.
20.54000, 163.
20.55000, 135.
20.56000, 159.
20.57000, 160.
20.58000, 170.
20.59000, 176.
20.60000, 160.
20.61000, 138.
20.62000, 171.
20.63000, 146.
20.64000, 152.
20.65000, 171.
20.66000, 167.
20.67000, 216.
20.68000, 154.
20.69000, 168.
20.70000, 181.
20.71000, 159.
20.72000, 163.
20.73000, 191.
20.74000, 184.
20.75000, 209.
20.76000, 206.
20.77000, 203.
20.78000, 215.
20.79000, 229.
20.80000, 230.
20.81000, 186.
20.82000, 197.
20.83000, 228.
20.84000, 203.
20.85000, 231.
20.86000, 220.
20.87000, 209.
20.88000, 224.
20.89000, 220.
20.90000, 216.
20.91000, 213.
20.92000, 242.
20.93000, 244.
20.94000, 238.
20.95000, 255.
20.96000, 254.
20.97000, 236.
20.98000, 226.
20.99000, 241.
21.00000, 236.
21.01000, 212.
21.02000, 192.
21.03000, 210.
21.04000, 225.
21.05000, 250.
21.06000, 271.
21.07000, 244.
21.08000, 244.
21.09000, 243.
21.10000, 251.
21.11000, 225.
21.12000, 246.
21.13000, 218.
21.14000, 241.
21.15000, 253.
21.16000, 208.
21.17000, 236.
21.18000, 236.
21.19000, 225.
21.20000, 199.
21.21000, 231.
21.22000, 230.
21.23000, 223.
21.24000, 197.
21.25000, 217.
21.26000, 193.
21.27000, 187.
21.28000, 202.
21.29000, 217.
21.30000, 209.
21.31000, 170.
21.32000, 185.
21.33000, 186.
21.34000, 192.
21.35000, 183.
21.36000, 177.
21.37000, 164.
21.38000, 153.
21.39000, 172.
21.40000, 148.
21.41000, 158.
21.42000, 168.
21.43000, 156.
21.44000, 149.
21.45000, 157.
21.46000, 164.
21.47000, 157.
21.48000, 158.
21.49000, 149.
21.50000, 156.
21.51000, 153.
21.52000, 168.
21.53000, 153.
21.54000, 161.
21.55000, 147.
21.56000, 132.
21.57000, 137.
21.58000, 160.
21.59000, 125.
21.60000, 120.
21.61000, 138.
21.62000, 124.
21.63000, 138.
21.64000, 149.
21.65000, 127.
21.66000, 127.
21.67000, 137.
21.68000, 124.
21.69000, 145.
21.70000, 120.
21.71000, 122.
21.72000, 97.
21.73000, 108.
21.74000, 113.
21.75000, 97.
21.76000, 97.
21.77000, 106.
21.78000, 99.
21.79000, 107.
21.80000, 94.
21.81000, 105.
21.82000, 110.
21.83000, 99.
21.84000, 103.
21.85000, 98.
21.86000, 97.
21.87000, 126.
21.88000, 95.
21.89000, 100.
21.90000, 93.
21.91000, 109.
21.92000, 104.
21.93000, 111.
21.94000, 105.
21.95000, 92.
21.96000, 108.
21.97000, 94.
21.98000, 96.
21.99000, 72.
22.00000, 123.
22.01000, 103.
22.02000, 81.
22.03000, 88.
22.04000, 95.
22.05000, 77.
22.06000, 81.
22.07000, 90.
22.08000, 99.
22.09000, 98.
22.10000, 105.
22.11000, 82.
22.12000, 84.
22.13000, 85.
22.14000, 101.
22.15000, 91.
22.16000, 89.
22.17000, 83.
22.18000, 104.
22.19000, 89.
22.20000, 91.
22.21000, 86.
22.22000, 85.
22.23000, 95.
22.24000, 85.
22.25000, 76.
22.26000, 82.
22.27000, 77.
22.28000, 88.
22.29000, 75.
22.30000, 79.
22.31000, 79.
22.32000, 76.
22.33000, 79.
22.34000, 81.
22.35000, 82.
22.36000, 75.
22.37000, 84.
22.38000, 94.
22.39000, 94.
22.40000, 92.
22.41000, 92.
22.42000, 86.
22.43000, 94.
22.44000, 89.
22.45000, 107.
22.46000, 89.
22.47000, 93.
22.48000, 99.
22.49000, 106.
22.50000, 94.
22.51000, 94.
22.52000, 120.
22.53000, 116.
22.54000, 109.
22.55000, 112.
22.56000, 114.
22.57000, 110.
22.58000, 154.
22.59000, 124.
22.60000, 137.
22.61000, 129.
22.62000, 129.
22.63000, 121.
22.64000, 123.
22.65000, 136.
22.66000, 152.
22.67000, 138.
22.68000, 155.
22.69000, 148.
22.70000, 129.
22.71000, 142.
22.72000, 144.
22.73000, 120.
22.74000, 151.
22.75000, 133.
22.76000, 114.
22.77000, 121.
22.78000, 119.
22.79000, 112.
22.80000, 98.
22.81000, 91.
22.82000, 116.
22.83000, 84.
22.84000, 107.
22.85000, 102.
22.86000, 85.
22.87000, 80.
22.88000, 65.
22.89000, 86.
22.90000, 71.
22.91000, 83.
22.92000, 74.
22.93000, 64.
22.94000, 93.
22.95000, 65.
22.96000, 85.
22.97000, 74.
22.98000, 64.
22.99000, 77.
23.00000, 74.
23.01000, 64.
23.02000, 83.
23.03000, 77.
23.04000, 70.
23.05000, 90.
23.06000, 61.
23.07000, 83.
23.08000, 79.
23.09000, 80.
23.10000, 84.
23.11000, 88.
23.12000, 77.
23.13000, 93.
23.14000, 81.
23.15000, 81.
23.16000, 73.
23.17000, 65.
23.18000, 86.
23.19000, 66.
23.20000, 70.
23.21000, 80.
23.22000, 69.
23.23000, 76.
23.24000, 77.
23.25000, 81.
23.26000, 68.
23.27000, 63.
23.28000, 66.
23.29000, 66.
23.30000, 61.
23.31000, 64.
23.32000, 84.
23.33000, 72.
23.34000, 58.
23.35000, 71.
23.36000, 73.
23.37000, 62.
23.38000, 77.
23.39000, 62.
23.40000, 53.
23.41000, 65.
23.42000, 68.
23.43000, 67.
23.44000, 77.
23.45000, 80.
23.46000, 73.
23.47000, 55.
23.48000, 58.
23.49000, 65.
23.50000, 69.
23.51000, 71.
23.52000, 82.
23.53000, 70.
23.54000, 71.
23.55000, 84.
23.56000, 66.
23.57000, 64.
23.58000, 71.
23.59000, 68.
23.60000, 73.
23.61000, 73.
23.62000, 86.
23.63000, 64.
23.64000, 67.
23.65000, 71.
23.66000, 49.
23.67000, 77.
23.68000, 54.
23.69000, 49.
23.70000, 74.
23.71000, 68.
23.72000, 59.
23.73000, 75.
23.74000, 51.
23.75000, 72.
23.76000, 66.
23.77000, 53.
23.78000, 74.
23.79000, 61.
23.80000, 51.
23.81000, 69.
23.82000, 75.
23.83000, 61.
23.84000, 80.
23.85000, 57.
23.86000, 60.
23.87000, 66.
23.88000, 75.
23.89000, 77.
23.90000, 46.
23.91000, 76.
23.92000, 62.
23.93000, 45.
23.94000, 60.
23.95000, 70.
23.96000, 67.
23.97000, 70.
23.98000, 61.
23.99000, 67.
24.00000, 59.
24.01000, 66.
24.02000, 63.
24.03000, 62.
24.04000, 66.
24.05000, 66.
24.06000, 63.
24.07000, 53.
24.08000, 56.
24.09000, 73.
24.10000, 62.
24.11000, 61.
24.12000, 80.
24.13000, 58.
24.14000, 69.
24.15000, 73.
24.16000, 62.
24.17000, 78.
24.18000, 56.
24.19000, 66.
24.20000, 52.
24.21000, 63.
24.22000, 75.
24.23000, 73.
24.24000, 66.
24.25000, 63.
24.26000, 60.
24.27000, 63.
24.28000, 74.
24.29000, 63.
24.30000, 64.
24.31000, 43.
24.32000, 52.
24.33000, 72.
24.34000, 53.
24.35000, 61.
24.36000, 68.
24.37000, 64.
24.38000, 62.
24.39000, 51.
24.40000, 56.
24.41000, 46.
24.42000, 81.
24.43000, 77.
24.44000, 60.
24.45000, 62.
24.46000, 54.
24.47000, 63.
24.48000, 63.
24.49000, 53.
24.50000, 68.
24.51000, 65.
24.52000, 64.
24.53000, 59.
24.54000, 69.
24.55000, 61.
24.56000, 63.
24.57000, 44.
24.58000, 67.
24.59000, 50.
24.60000, 64.
24.61000, 45.
24.62000, 61.
24.63000, 54.
24.64000, 54.
24.65000, 65.
24.66000, 61.
24.67000, 53.
24.68000, 62.
24.69000, 49.
24.70000, 52.
24.71000, 66.
24.72000, 67.
24.73000, 63.
24.74000, 64.
24.75000, 70.
24.76000, 70.
24.77000, 47.
24.78000, 56.
24.79000, 62.
24.80000, 72.
24.81000, 75.
24.82000, 50.
24.83000, 64.
24.84000, 62.
24.85000, 59.
24.86000, 57.
24.87000, 70.
24.88000, 66.
24.89000, 58.
24.90000, 60.
24.91000, 79.
24.92000, 67.
24.93000, 59.
24.94000, 72.
24.95000, 64.
24.96000, 56.
24.97000, 60.
24.98000, 68.
24.99000, 66.
25.00000, 77.
25.01000, 68.
25.02000, 55.
25.03000, 72.
25.04000, 61.
25.05000, 70.
25.06000, 74.
25.07000, 63.
25.08000, 60.
25.09000, 80.
25.10000, 55.
25.11000, 59.
25.12000, 76.
25.13000, 71.
25.14000, 79.
25.15000, 78.
25.16000, 62.
25.17000, 71.
25.18000, 66.
25.19000, 77.
25.20000, 72.
25.21000, 75.
25.22000, 88.
25.23000, 68.
25.24000, 72.
25.25000, 57.
25.26000, 68.
25.27000, 77.
25.28000, 94.
25.29000, 76.
25.30000, 77.
25.31000, 68.
25.32000, 57.
25.33000, 72.
25.34000, 71.
25.35000, 64.
25.36000, 59.
25.37000, 49.
25.38000, 72.
25.39000, 73.
25.40000, 60.
25.41000, 70.
25.42000, 68.
25.43000, 56.
25.44000, 57.
25.45000, 63.
25.46000, 70.
25.47000, 57.
25.48000, 63.
25.49000, 58.
25.50000, 59.
25.51000, 52.
25.52000, 64.
25.53000, 62.
25.54000, 57.
25.55000, 53.
25.56000, 78.
25.57000, 48.
25.58000, 49.
25.59000, 58.
25.60000, 62.
25.61000, 45.
25.62000, 55.
25.63000, 59.
25.64000, 40.
25.65000, 47.
25.66000, 53.
25.67000, 59.
25.68000, 56.
25.69000, 45.
25.70000, 68.
25.71000, 52.
25.72000, 71.
25.73000, 66.
25.74000, 67.
25.75000, 54.
25.76000, 64.
25.77000, 51.
25.78000, 61.
25.79000, 53.
25.80000, 60.
25.81000, 66.
25.82000, 71.
25.83000, 54.
25.84000, 65.
25.85000, 48.
25.86000, 55.
25.87000, 61.
25.88000, 56.
25.89000, 67.
25.90000, 46.
25.91000, 54.
25.92000, 62.
25.93000, 61.
25.94000, 74.
25.95000, 44.
25.96000, 51.
25.97000, 67.
25.98000, 52.
25.99000, 56.
26.00000, 48.
26.01000, 53.
26.02000, 46.
26.03000, 42.
26.04000, 52.
26.05000, 69.
26.06000, 54.
26.07000, 56.
26.08000, 64.
26.09000, 50.
26.10000, 54.
26.11000, 59.
26.12000, 54.
26.13000, 41.
26.14000, 64.
26.15000, 59.
26.16000, 60.
26.17000, 60.
26.18000, 52.
26.19000, 66.
26.20000, 37.
26.21000, 66.
26.22000, 59.
26.23000, 54.
26.24000, 60.
26.25000, 55.
26.26000, 61.
26.27000, 64.
26.28000, 53.
26.29000, 66.
26.30000, 43.
26.31000, 41.
26.32000, 50.
26.33000, 52.
26.34000, 46.
26.35000, 60.
26.36000, 44.
26.37000, 60.
26.38000, 55.
26.39000, 55.
26.40000, 49.
26.41000, 48.
26.42000, 57.
26.43000, 56.
26.44000, 58.
26.45000, 55.
26.46000, 60.
26.47000, 48.
26.48000, 60.
26.49000, 54.
26.50000, 66.
26.51000, 52.
26.52000, 47.
26.53000, 53.
26.54000, 60.
26.55000, 56.
26.56000, 49.
26.57000, 52.
26.58000, 51.
26.59000, 60.
26.60000, 53.
26.61000, 76.
26.62000, 47.
26.63000, 51.
26.64000, 52.
26.65000, 60.
26.66000, 44.
26.67000, 47.
26.68000, 41.
26.69000, 50.
26.70000, 42.
26.71000, 45.
26.72000, 49.
26.73000, 50.
26.74000, 52.
26.75000, 68.
26.76000, 51.
26.77000, 47.
26.78000, 47.
26.79000, 57.
26.80000, 46.
26.81000, 41.
26.82000, 51.
26.83000, 53.
26.84000, 43.
26.85000, 54.
26.86000, 54.
26.87000, 49.
26.88000, 38.
26.89000, 44.
26.90000, 53.
26.91000, 50.
26.92000, 54.
26.93000, 52.
26.94000, 48.
26.95000, 56.
26.96000, 40.
26.97000, 45.
26.98000, 47.
26.99000, 42.
27.00000, 73.
27.01000, 53.
27.02000, 51.
27.03000, 47.
27.04000, 72.
27.05000, 32.
27.06000, 44.
27.07000, 40.
27.08000, 71.
27.09000, 55.
27.10000, 43.
27.11000, 37.
27.12000, 53.
27.13000, 48.
27.14000, 55.
27.15000, 36.
27.16000, 46.
27.17000, 58.
27.18000, 51.
27.19000, 52.
27.20000, 51.
27.21000, 57.
27.22000, 50.
27.23000, 53.
27.24000, 45.
27.25000, 57.
27.26000, 56.
27.27000, 47.
27.28000, 50.
27.29000, 39.
27.30000, 47.
27.31000, 52.
27.32000, 49.
27.33000, 47.
27.34000, 43.
27.35000, 48.
27.36000, 55.
27.37000, 43.
27.38000, 51.
27.39000, 52.
27.40000, 47.
27.41000, 35.
27.42000, 49.
27.43000, 43.
27.44000, 48.
27.45000, 44.
27.46000, 46.
27.47000, 29.
27.48000, 50.
27.49000, 35.
27.50000, 55.
27.51000, 53.
27.52000, 52.
27.53000, 49.
27.54000, 46.
27.55000, 46.
27.56000, 46.
27.57000, 49.
27.58000, 47.
27.59000, 50.
27.60000, 53.
27.61000, 50.
27.62000, 59.
27.63000, 51.
27.64000, 45.
27.65000, 59.
27.66000, 48.
27.67000, 42.
27.68000, 49.
27.69000, 42.
27.70000, 45.
27.71000, 46.
27.72000, 43.
27.73000, 49.
27.74000, 24.
27.75000, 57.
27.76000, 40.
27.77000, 39.
27.78000, 37.
27.79000, 45.
27.80000, 32.
27.81000, 46.
27.82000, 40.
27.83000, 42.
27.84000, 39.
27.85000, 60.
27.86000, 48.
27.87000, 44.
27.88000, 48.
27.89000, 40.
27.90000, 47.
27.91000, 41.
27.92000, 43.
27.93000, 53.
27.94000, 33.
27.95000, 54.
27.96000, 39.
27.97000, 38.
27.98000, 49.
27.99000, 51.
28.00000, 45.
28.01000, 43.
28.02000, 34.
28.03000, 41.
28.04000, 52.
28.05000, 45.
28.06000, 38.
28.07000, 54.
28.08000, 43.
28.09000, 37.
28.10000, 49.
28.11000, 40.
28.12000, 48.
28.13000, 38.
28.14000, 50.
28.15000, 46.
28.16000, 43.
28.17000, 37.
28.18000, 33.
28.19000, 37.
28.20000, 41.
28.21000, 41.
28.22000, 56.
28.23000, 38.
28.24000, 46.
28.25000, 54.
28.26000, 30.
28.27000, 47.
28.28000, 47.
28.29000, 35.
28.30000, 40.
28.31000, 54.
28.32000, 45.
28.33000, 42.
28.34000, 55.
28.35000, 41.
28.36000, 57.
28.37000, 45.
28.38000, 43.
28.39000, 47.
28.40000, 38.
28.41000, 46.
28.42000, 37.
28.43000, 41.
28.44000, 47.
28.45000, 34.
28.46000, 41.
28.47000, 56.
28.48000, 32.
28.49000, 41.
28.50000, 42.
28.51000, 37.
28.52000, 37.
28.53000, 53.
28.54000, 36.
28.55000, 41.
28.56000, 39.
28.57000, 35.
28.58000, 47.
28.59000, 44.
28.60000, 40.
28.61000, 44.
28.62000, 44.
28.63000, 47.
28.64000, 48.
28.65000, 40.
28.66000, 38.
28.67000, 36.
28.68000, 37.
28.69000, 47.
28.70000, 40.
28.71000, 46.
28.72000, 37.
28.73000, 41.
28.74000, 39.
28.75000, 40.
28.76000, 48.
28.77000, 49.
28.78000, 57.
28.79000, 35.
28.80000, 35.
28.81000, 60.
28.82000, 36.
28.83000, 44.
28.84000, 40.
28.85000, 30.
28.86000, 38.
28.87000, 47.
28.88000, 30.
28.89000, 41.
28.90000, 34.
28.91000, 43.
28.92000, 33.
28.93000, 48.
28.94000, 44.
28.95000, 42.
28.96000, 36.
28.97000, 41.
28.98000, 37.
28.99000, 37.
29.00000, 35.
29.01000, 33.
29.02000, 33.
29.03000, 48.
29.04000, 37.
29.05000, 46.
29.06000, 34.
29.07000, 36.
29.08000, 37.
29.09000, 36.
29.10000, 37.
29.11000, 43.
29.12000, 36.
29.13000, 43.
29.14000, 36.
29.15000, 35.
29.16000, 45.
29.17000, 37.
29.18000, 37.
29.19000, 37.
29.20000, 28.
29.21000, 49.
29.22000, 38.
29.23000, 31.
29.24000, 38.
29.25000, 31.
29.26000, 32.
29.27000, 42.
29.28000, 40.
29.29000, 40.
29.30000, 37.
29.31000, 31.
29.32000, 36.
29.33000, 36.
29.34000, 35.
29.35000, 39.
29.36000, 37.
29.37000, 43.
29.38000, 40.
29.39000, 37.
29.40000, 38.
29.41000, 36.
29.42000, 37.
29.43000, 50.
29.44000, 28.
29.45000, 38.
29.46000, 45.
29.47000, 28.
29.48000, 40.
29.49000, 34.
29.50000, 31.
29.51000, 40.
29.52000, 43.
29.53000, 46.
29.54000, 22.
29.55000, 42.
29.56000, 35.
29.57000, 37.
29.58000, 35.
29.59000, 36.
29.60000, 42.
29.61000, 40.
29.62000, 24.
29.63000, 41.
29.64000, 46.
29.65000, 24.
29.66000, 28.
29.67000, 32.
29.68000, 37.
29.69000, 48.
29.70000, 35.
29.71000, 38.
29.72000, 40.
29.73000, 32.
29.74000, 33.
29.75000, 38.
29.76000, 34.
29.77000, 41.
29.78000, 47.
29.79000, 25.
29.80000, 36.
29.81000, 29.
29.82000, 37.
29.83000, 31.
29.84000, 28.
29.85000, 36.
29.86000, 34.
29.87000, 38.
29.88000, 39.
29.89000, 27.
29.90000, 32.
29.91000, 28.
29.92000, 34.
29.93000, 39.
29.94000, 39.
29.95000, 36.
29.96000, 40.
29.97000, 42.
29.98000, 32.
29.99000, 41.
30.00000, 31.
30.01000, 31.
30.02000, 34.
30.03000, 38.
30.04000, 34.
30.05000, 38.
30.06000, 28.
30.07000, 31.
30.08000, 44.
30.09000, 38.
30.10000, 29.
30.11000, 27.
30.12000, 33.
30.13000, 33.
30.14000, 28.
30.15000, 31.
30.16000, 32.
30.17000, 34.
30.18000, 31.
30.19000, 33.
30.20000, 34.
30.21000, 31.
30.22000, 41.
30.23000, 27.
30.24000, 45.
30.25000, 26.
30.26000, 32.
30.27000, 38.
30.28000, 36.
30.29000, 45.
30.30000, 28.
30.31000, 23.
30.32000, 39.
30.33000, 29.
30.34000, 33.
30.35000, 29.
30.36000, 35.
30.37000, 40.
30.38000, 31.
30.39000, 32.
30.40000, 31.
30.41000, 33.
30.42000, 39.
30.43000, 19.
30.44000, 32.
30.45000, 33.
30.46000, 35.
30.47000, 35.
30.48000, 31.
30.49000, 30.
30.50000, 31.
30.51000, 29.
30.52000, 36.
30.53000, 32.
30.54000, 25.
30.55000, 29.
30.56000, 31.
30.57000, 32.
30.58000, 24.
30.59000, 31.
30.60000, 33.
30.61000, 36.
30.62000, 37.
30.63000, 31.
30.64000, 35.
30.65000, 45.
30.66000, 28.
30.67000, 35.
30.68000, 23.
30.69000, 20.
30.70000, 30.
30.71000, 26.
30.72000, 31.
30.73000, 34.
30.74000, 34.
30.75000, 44.
30.76000, 33.
30.77000, 40.
30.78000, 34.
30.79000, 32.
30.80000, 36.
30.81000, 30.
30.82000, 30.
30.83000, 41.
30.84000, 32.
30.85000, 23.
30.86000, 25.
30.87000, 30.
30.88000, 44.
30.89000, 34.
30.90000, 29.
30.91000, 20.
30.92000, 28.
30.93000, 26.
30.94000, 29.
30.95000, 21.
30.96000, 24.
30.97000, 37.
30.98000, 27.
30.99000, 39.
31.00000, 32.
31.01000, 26.
31.02000, 33.
31.03000, 38.
31.04000, 30.
31.05000, 26.
31.06000, 36.
31.07000, 25.
31.08000, 35.
31.09000, 25.
31.10000, 30.
31.11000, 33.
31.12000, 33.
31.13000, 32.
31.14000, 29.
31.15000, 31.
31.16000, 44.
31.17000, 32.
31.18000, 30.
31.19000, 34.
31.20000, 21.
31.21000, 36.
31.22000, 31.
31.23000, 29.
31.24000, 24.
31.25000, 27.
31.26000, 26.
31.27000, 19.
31.28000, 31.
31.29000, 32.
31.30000, 26.
31.31000, 30.
31.32000, 36.
31.33000, 31.
31.34000, 26.
31.35000, 26.
31.36000, 30.
31.37000, 23.
31.38000, 40.
31.39000, 27.
31.40000, 25.
31.41000, 19.
31.42000, 39.
31.43000, 28.
31.44000, 23.
31.45000, 32.
31.46000, 37.
31.47000, 25.
31.48000, 39.
31.49000, 31.
31.50000, 26.
31.51000, 31.
31.52000, 20.
31.53000, 26.
31.54000, 24.
31.55000, 29.
31.56000, 31.
31.57000, 23.
31.58000, 32.
31.59000, 30.
31.60000, 28.
31.61000, 33.
31.62000, 21.
31.63000, 22.
31.64000, 31.
31.65000, 26.
31.66000, 31.
31.67000, 25.
31.68000, 34.
31.69000, 31.
31.70000, 31.
31.71000, 26.
31.72000, 25.
31.73000, 33.
31.74000, 29.
31.75000, 43.
31.76000, 26.
31.77000, 34.
31.78000, 35.
31.79000, 30.
31.80000, 29.
31.81000, 31.
31.82000, 29.
31.83000, 34.
31.84000, 36.
31.85000, 39.
31.86000, 42.
31.87000, 27.
31.88000, 27.
31.89000, 34.
31.90000, 35.
31.91000, 34.
31.92000, 33.
31.93000, 35.
31.94000, 37.
31.95000, 28.
31.96000, 29.
31.97000, 25.
31.98000, 34.
31.99000, 24.
32.00000, 30.
32.01000, 29.
32.02000, 41.
32.03000, 36.
32.04000, 36.
32.05000, 24.
32.06000, 25.
32.07000, 33.
32.08000, 40.
32.09000, 37.
32.10000, 33.
32.11000, 34.
32.12000, 34.
32.13000, 35.
32.14000, 32.
32.15000, 43.
32.16000, 52.
32.17000, 24.
32.18000, 38.
32.19000, 30.
32.20000, 22.
32.21000, 36.
32.22000, 28.
32.23000, 33.
32.24000, 36.
32.25000, 31.
32.26000, 34.
32.27000, 30.
32.28000, 37.
32.29000, 29.
32.30000, 39.
32.31000, 33.
32.32000, 31.
32.33000, 18.
32.34000, 27.
32.35000, 23.
32.36000, 24.
32.37000, 36.
32.38000, 22.
32.39000, 22.
32.40000, 34.
32.41000, 30.
32.42000, 20.
32.43000, 34.
32.44000, 23.
32.45000, 18.
32.46000, 34.
32.47000, 23.
32.48000, 25.
32.49000, 31.
32.50000, 30.
32.51000, 27.
32.52000, 22.
32.53000, 23.
32.54000, 33.
32.55000, 22.
32.56000, 17.
32.57000, 25.
32.58000, 37.
32.59000, 29.
32.60000, 23.
32.61000, 26.
32.62000, 29.
32.63000, 28.
32.64000, 28.
32.65000, 31.
32.66000, 22.
32.67000, 27.
32.68000, 22.
32.69000, 19.
32.70000, 19.
32.71000, 24.
32.72000, 20.
32.73000, 19.
32.74000, 27.
32.75000, 20.
32.76000, 21.
32.77000, 25.
32.78000, 25.
32.79000, 17.
32.80000, 27.
32.81000, 25.
32.82000, 24.
32.83000, 21.
32.84000, 27.
32.85000, 22.
32.86000, 30.
32.87000, 28.
32.88000, 21.
32.89000, 19.
32.90000, 25.
32.91000, 27.
32.92000, 20.
32.93000, 27.
32.94000, 21.
32.95000, 26.
32.96000, 22.
32.97000, 23.
32.98000, 23.
32.99000, 20.
33.00000, 32.
33.01000, 26.
33.02000, 19.
33.03000, 21.
33.04000, 21.
33.05000, 24.
33.06000, 30.
33.07000, 21.
33.08000, 32.
33.09000, 22.
33.10000, 23.
33.11000, 31.
33.12000, 25.
33.13000, 26.
33.14000, 20.
33.15000, 28.
33.16000, 21.
33.17000, 13.
33.18000, 14.
33.19000, 20.
33.20000, 18.
33.21000, 27.
33.22000, 19.
33.23000, 29.
33.24000, 20.
33.25000, 21.
33.26000, 32.
33.27000, 20.
33.28000, 19.
33.29000, 25.
33.30000, 19.
33.31000, 25.
33.32000, 24.
33.33000, 17.
33.34000, 20.
33.35000, 30.
33.36000, 20.
33.37000, 28.
33.38000, 21.
33.39000, 21.
33.40000, 17.
33.41000, 16.
33.42000, 23.
33.43000, 29.
33.44000, 23.
33.45000, 32.
33.46000, 29.
33.47000, 18.
33.48000, 30.
33.49000, 25.
33.50000, 21.
33.51000, 19.
33.52000, 20.
33.53000, 17.
33.54000, 24.
33.55000, 24.
33.56000, 16.
33.57000, 12.
33.58000, 24.
33.59000, 22.
33.60000, 24.
33.61000, 26.
33.62000, 22.
33.63000, 18.
33.64000, 27.
33.65000, 19.
33.66000, 26.
33.67000, 17.
33.68000, 19.
33.69000, 20.
33.70000, 16.
33.71000, 29.
33.72000, 15.
33.73000, 21.
33.74000, 23.
33.75000, 17.
33.76000, 19.
33.77000, 18.
33.78000, 26.
33.79000, 21.
33.80000, 17.
33.81000, 22.
33.82000, 17.
33.83000, 25.
33.84000, 22.
33.85000, 26.
33.86000, 29.
33.87000, 12.
33.88000, 10.
33.89000, 16.
33.90000, 18.
33.91000, 13.
33.92000, 20.
33.93000, 19.
33.94000, 16.
33.95000, 12.
33.96000, 19.
33.97000, 15.
33.98000, 20.
33.99000, 18.
34.00000, 20.
34.01000, 16.
34.02000, 17.
34.03000, 21.
34.04000, 16.
34.05000, 22.
34.06000, 17.
34.07000, 18.
34.08000, 25.
34.09000, 16.
34.10000, 17.
34.11000, 23.
34.12000, 22.
34.13000, 13.
34.14000, 17.
34.15000, 25.
34.16000, 22.
34.17000, 26.
34.18000, 24.
34.19000, 22.
34.20000, 17.
34.21000, 21.
34.22000, 16.
34.23000, 14.
34.24000, 18.
34.25000, 19.
34.26000, 16.
34.27000, 16.
34.28000, 24.
34.29000, 22.
34.30000, 16.
34.31000, 23.
34.32000, 15.
34.33000, 23.
34.34000, 26.
34.35000, 16.
34.36000, 25.
34.37000, 17.
34.38000, 21.
34.39000, 22.
34.40000, 18.
34.41000, 19.
34.42000, 16.
34.43000, 26.
34.44000, 14.
34.45000, 29.
34.46000, 19.
34.47000, 19.
34.48000, 19.
34.49000, 18.
34.50000, 15.
34.51000, 12.
34.52000, 26.
34.53000, 14.
34.54000, 19.
34.55000, 15.
34.56000, 18.
34.57000, 15.
34.58000, 16.
34.59000, 28.
34.60000, 10.
34.61000, 15.
34.62000, 23.
34.63000, 23.
34.64000, 22.
34.65000, 25.
34.66000, 22.
34.67000, 19.
34.68000, 21.
34.69000, 23.
34.70000, 18.
34.71000, 17.
34.72000, 14.
34.73000, 17.
34.74000, 18.
34.75000, 18.
34.76000, 19.
34.77000, 22.
34.78000, 21.
34.79000, 13.
34.80000, 17.
34.81000, 17.
34.82000, 16.
34.83000, 22.
34.84000, 15.
34.85000, 10.
34.86000, 17.
34.87000, 16.
34.88000, 10.
34.89000, 19.
34.90000, 27.
34.91000, 15.
34.92000, 15.
34.93000, 15.
34.94000, 19.
34.95000, 12.
34.96000, 14.
34.97000, 12.
34.98000, 11.
34.99000, 17.
35.00000, 12.
35.01000, 21.
35.02000, 17.
35.03000, 24.
35.04000, 18.
35.05000, 18.
35.06000, 17.
35.07000, 15.
35.08000, 18.
35.09000, 17.
35.10000, 21.
35.11000, 11.
35.12000, 18.
35.13000, 16.
35.14000, 18.
35.15000, 19.
35.16000, 20.
35.17000, 16.
35.18000, 17.
35.19000, 16.
35.20000, 10.
35.21000, 8.
35.22000, 15.
35.23000, 15.
35.24000, 10.
35.25000, 10.
35.26000, 19.
35.27000, 13.
35.28000, 20.
35.29000, 14.
35.30000, 16.
35.31000, 12.
35.32000, 12.
35.33000, 18.
35.34000, 26.
35.35000, 17.
35.36000, 14.
35.37000, 17.
35.38000, 16.
35.39000, 16.
35.40000, 10.
35.41000, 12.
35.42000, 13.
35.43000, 14.
35.44000, 23.
35.45000, 15.
35.46000, 13.
35.47000, 23.
35.48000, 13.
35.49000, 8.
35.50000, 10.
35.51000, 16.
35.52000, 16.
35.53000, 19.
35.54000, 11.
35.55000, 18.
35.56000, 15.
35.57000, 20.
35.58000, 22.
35.59000, 16.
35.60000, 12.
35.61000, 14.
35.62000, 14.
35.63000, 16.
35.64000, 15.
35.65000, 19.
35.66000, 17.
35.67000, 13.
35.68000, 15.
35.69000, 8.
35.70000, 22.
35.71000, 14.
35.72000, 24.
35.73000, 21.
35.74000, 16.
35.75000, 16.
35.76000, 8.
35.77000, 8.
35.78000, 13.
35.79000, 14.
35.80000, 14.
35.81000, 17.
35.82000, 16.
35.83000, 13.
35.84000, 19.
35.85000, 12.
35.86000, 11.
35.87000, 15.
35.88000, 12.
35.89000, 15.
35.90000, 12.
35.91000, 11.
35.92000, 12.
35.93000, 13.
35.94000, 9.
35.95000, 17.
35.96000, 21.
35.97000, 14.
35.98000, 19.
35.99000, 17.
36.00000, 8.
36.01000, 13.
36.02000, 17.
36.03000, 23.
36.04000, 13.
36.05000, 14.
36.06000, 13.
36.07000, 16.
36.08000, 12.
36.09000, 21.
36.10000, 19.
36.11000, 9.
36.12000, 17.
36.13000, 14.
36.14000, 14.
36.15000, 20.
36.16000, 15.
36.17000, 23.
36.18000, 14.
36.19000, 20.
36.20000, 15.
36.21000, 23.
36.22000, 20.
36.23000, 9.
36.24000, 20.
36.25000, 13.
36.26000, 11.
36.27000, 16.
36.28000, 14.
36.29000, 10.
36.30000, 13.
36.31000, 11.
36.32000, 15.
36.33000, 19.
36.34000, 8.
36.35000, 14.
36.36000, 11.
36.37000, 18.
36.38000, 10.
36.39000, 15.
36.40000, 14.
36.41000, 9.
36.42000, 21.
36.43000, 15.
36.44000, 22.
36.45000, 10.
36.46000, 13.
36.47000, 13.
36.48000, 11.
36.49000, 16.
36.50000, 16.
36.51000, 15.
36.52000, 13.
36.53000, 7.
36.54000, 15.
36.55000, 6.
36.56000, 12.
36.57000, 5.
36.58000, 12.
36.59000, 17.
36.60000, 10.
36.61000, 10.
36.62000, 15.
36.63000, 21.
36.64000, 10.
36.65000, 5.
36.66000, 9.
36.67000, 17.
36.68000, 10.
36.69000, 14.
36.70000, 12.
36.71000, 18.
36.72000, 11.
36.73000, 12.
36.74000, 11.
36.75000, 5.
36.76000, 18.
36.77000, 15.
36.78000, 15.
36.79000, 9.
36.80000, 17.
36.81000, 19.
36.82000, 11.
36.83000, 12.
36.84000, 17.
36.85000, 6.
36.86000, 12.
36.87000, 7.
36.88000, 8.
36.89000, 17.
36.90000, 4.
36.91000, 11.
36.92000, 8.
36.93000, 13.
36.94000, 9.
36.95000, 10.
36.96000, 18.
36.97000, 11.
36.98000, 9.
36.99000, 11.
37.00000, 17.
37.01000, 10.
37.02000, 13.
37.03000, 8.
37.04000, 7.
37.05000, 12.
37.06000, 10.
37.07000, 8.
37.08000, 11.
37.09000, 12.
37.10000, 12.
37.11000, 10.
37.12000, 12.
37.13000, 8.
37.14000, 10.
37.15000, 7.
37.16000, 12.
37.17000, 9.
37.18000, 16.
37.19000, 12.
37.20000, 14.
37.21000, 7.
37.22000, 8.
37.23000, 18.
37.24000, 12.
37.25000, 8.
37.26000, 12.
37.27000, 13.
37.28000, 6.
37.29000, 11.
37.30000, 13.
37.31000, 6.
37.32000, 10.
37.33000, 12.
37.34000, 14.
37.35000, 13.
37.36000, 9.
37.37000, 15.
37.38000, 13.
37.39000, 10.
37.40000, 10.
37.41000, 9.
37.42000, 10.
37.43000, 9.
37.44000, 15.
37.45000, 11.
37.46000, 13.
37.47000, 8.
37.48000, 6.
37.49000, 6.
37.50000, 6.
37.51000, 14.
37.52000, 13.
37.53000, 12.
37.54000, 4.
37.55000, 14.
37.56000, 12.
37.57000, 8.
37.58000, 11.
37.59000, 15.
37.60000, 13.
37.61000, 15.
37.62000, 14.
37.63000, 9.
37.64000, 9.
37.65000, 11.
37.66000, 15.
37.67000, 10.
37.68000, 7.
37.69000, 8.
37.70000, 11.
37.71000, 9.
37.72000, 8.
37.73000, 12.
37.74000, 9.
37.75000, 3.
37.76000, 9.
37.77000, 18.
37.78000, 6.
37.79000, 10.
37.80000, 13.
37.81000, 6.
37.82000, 9.
37.83000, 13.
37.84000, 6.
37.85000, 11.
37.86000, 8.
37.87000, 9.
37.88000, 13.
37.89000, 7.
37.90000, 9.
37.91000, 6.
37.92000, 13.
37.93000, 8.
37.94000, 12.
37.95000, 10.
37.96000, 14.
37.97000, 11.
37.98000, 5.
37.99000, 8.
38.00000, 13.
38.01000, 12.
38.02000, 9.
38.03000, 12.
38.04000, 13.
38.05000, 12.
38.06000, 9.
38.07000, 5.
38.08000, 6.
38.09000, 9.
38.10000, 7.
38.11000, 9.
38.12000, 7.
38.13000, 12.
38.14000, 7.
38.15000, 14.
38.16000, 13.
38.17000, 11.
38.18000, 9.
38.19000, 5.
38.20000, 5.
38.21000, 8.
38.22000, 10.
38.23000, 8.
38.24000, 9.
38.25000, 8.
38.26000, 8.
38.27000, 7.
38.28000, 14.
38.29000, 10.
38.30000, 9.
38.31000, 10.
38.32000, 11.
38.33000, 9.
38.34000, 11.
38.35000, 6.
38.36000, 9.
38.37000, 4.
38.38000, 12.
38.39000, 7.
38.40000, 7.
38.41000, 6.
38.42000, 9.
38.43000, 11.
38.44000, 10.
38.45000, 6.
38.46000, 3.
38.47000, 11.
38.48000, 7.
38.49000, 8.
38.50000, 11.
38.51000, 8.
38.52000, 3.
38.53000, 9.
38.54000, 10.
38.55000, 5.
38.56000, 5.
38.57000, 4.
38.58000, 2.
38.59000, 5.
38.60000, 15.
38.61000, 8.
38.62000, 7.
38.63000, 8.
38.64000, 8.
38.65000, 5.
38.66000, 8.
38.67000, 12.
38.68000, 8.
38.69000, 6.
38.70000, 5.
38.71000, 4.
38.72000, 5.
38.73000, 7.
38.74000, 8.
38.75000, 7.
38.76000, 8.
38.77000, 4.
38.78000, 8.
38.79000, 3.
38.80000, 5.
38.81000, 12.
38.82000, 5.
38.83000, 9.
38.84000, 6.
38.85000, 7.
38.86000, 4.
38.87000, 4.
38.88000, 3.
38.89000, 11.
38.90000, 5.
38.91000, 7.
38.92000, 5.
38.93000, 7.
38.94000, 8.
38.95000, 4.
38.96000, 8.
38.97000, 4.
38.98000, 9.
38.99000, 5.
39.00000, 11.
39.01000, 4.
39.02000, 4.
39.03000, 3.
39.04000, 9.
39.05000, 9.
39.06000, 9.
39.07000, 5.
39.08000, 10.
39.09000, 7.
39.10000, 7.
39.11000, 8.
39.12000, 4.
39.13000, 9.
39.14000, 7.
39.15000, 8.
39.16000, 10.
39.17000, 9.
39.18000, 13.
39.19000, 2.
39.20000, 7.
39.21000, 5.
39.22000, 7.
39.23000, 4.
39.24000, 7.
39.25000, 9.
39.26000, 6.
39.27000, 7.
39.28000, 7.
39.29000, 3.
39.30000, 6.
39.31000, 7.
39.32000, 4.
39.33000, 4.
39.34000, 8.
39.35000, 9.
39.36000, 3.
39.37000, 9.
39.38000, 5.
39.39000, 8.
39.40000, 7.
39.41000, 4.
39.42000, 6.
39.43000, 6.
39.44000, 6.
39.45000, 6.
39.46000, 6.
39.47000, 11.
39.48000, 7.
39.49000, 7.
39.50000, 6.
39.51000, 11.
39.52000, 9.
39.53000, 9.
39.54000, 8.
39.55000, 8.
39.56000, 9.
39.57000, 8.
39.58000, 8.
39.59000, 5.
39.60000, 4.
39.61000, 4.
39.62000, 6.
39.63000, 4.
39.64000, 3.
39.65000, 4.
39.66000, 5.
39.67000, 1.
39.68000, 3.
39.69000, 3.
39.70000, 8.
39.71000, 6.
39.72000, 6.
39.73000, 2.
39.74000, 5.
39.75000, 5.
39.76000, 5.
39.77000, 6.
39.78000, 5.
39.79000, 8.
39.80000, 6.
39.81000, 9.
39.82000, 8.
39.83000, 7.
39.84000, 5.
39.85000, 6.
39.86000, 13.
39.87000, 5.
39.88000, 6.
39.89000, 7.
39.90000, 6.
39.91000, 3.
39.92000, 1.
39.93000, 3.
39.94000, 3.
39.95000, 7.
39.96000, 6.
39.97000, 7.
39.98000, 2.
39.99000, 6.
40.00000, 8.
40.01000, 5.
40.02000, 7.
40.03000, 11.
40.04000, 7.
40.05000, 4.
40.06000, 1.
40.07000, 8.
40.08000, 8.
40.09000, 3.
40.10000, 6.
40.11000, 6.
40.12000, 4.
40.13000, 4.
40.14000, 5.
40.15000, 8.
40.16000, 3.
40.17000, 6.
40.18000, 4.
40.19000, 9.
40.20000, 5.
40.21000, 6.
40.22000, 3.
40.23000, 4.
40.24000, 6.
40.25000, 7.
40.26000, 4.
40.27000, 5.
40.28000, 3.
40.29000, 8.
40.30000, 1.
40.31000, 5.
40.32000, 2.
40.33000, 1.
40.34000, 4.
40.35000, 4.
40.36000, 7.
40.37000, 3.
40.38000, 6.
40.39000, 2.
40.40000, 5.
40.41000, 4.
40.42000, 5.
40.43000, 5.
40.44000, 1.
40.45000, 4.
40.46000, 3.
40.47000, 1.
40.48000, 1.
40.49000, 3.
40.50000, 7.
40.51000, 1.
40.52000, 4.
40.53000, 7.
40.54000, 3.
40.55000, 0.
#ENDOFDATA   : 
