#FORMAT      : EMSA/MAS Spectral Data File
#VERSION     : 1.0
#TITLE       : oreas 466 4
#DATE        : 10-AUG-2026
#TIME        : 12:58
#OWNER       : XGT7200
#NPOINTS     : 4096.
#NCOLUMNS    : 1.
#XUNITS      : keV
#YUNITS      : counts
#DATATYPE    : XY
#XPERCHAN    : 0.0100000
#OFFSET      : -0.400000
#SIGNALTYPE  : EDS
#CHOFFSET    : 40.0000
#LIVETIME    : 30.000000
#REALTIME    : 39.547049
#BEAMKV      : 50.0000
#PROBECUR    : 562000.
#MAGCAM      : 100.000
#XTILTSTGE   : 0.0
#AZIMANGLE   : 0.0
#ELEVANGLE   : 45.0
#XPOSITION mm: 0.0000
#YPOSITION mm: 0.0000
#ZPOSITION mm: 0.0000
##OXINSTPT   : 4
##OXINSTSTROB: 72.14
##OXINSTELEMS: 13,14,19,20,22,26,33,37,38,40
##OXINSTLABEL: 13, 1.487, Al
##OXINSTLABEL: 14, 1.740, Si
##OXINSTLABEL: 26, 6.404, Fe
##OXINSTLABEL: 26, 7.058, Fe
##OXINSTLABEL: 26, 0.705, Fe
##OXINSTLABEL: 26, 0.628, Fe
##OXINSTLABEL: 22, 4.511, Ti
##OXINSTLABEL: 22, 4.932, Ti
##OXINSTLABEL: 22, 0.452, Ti
##OXINSTLABEL: 22, 0.401, Ti
##OXINSTLABEL: 37, 13.396, Rb
##OXINSTLABEL: 37, 14.962, Rb
##OXINSTLABEL: 37, 1.694, Rb
##OXINSTLABEL: 37, 1.542, Rb
##OXINSTLABEL: 37, 1.482, Rb
##OXINSTLABEL: 33, 10.544, As
##OXINSTLABEL: 33, 11.726, As
##OXINSTLABEL: 33, 1.282, As
##OXINSTLABEL: 33, 1.155, As
##OXINSTLABEL: 33, 1.120, As
##OXINSTLABEL: 19, 3.314, K
##OXINSTLABEL: 19, 3.590, K
##OXINSTLABEL: 19, 0.262, K
##OXINSTLABEL: 40, 15.775, Zr
##OXINSTLABEL: 40, 17.668, Zr
##OXINSTLABEL: 40, 17.970, Zr
##OXINSTLABEL: 40, 2.042, Zr
##OXINSTLABEL: 40, 1.877, Zr
##OXINSTLABEL: 40, 2.503, Zr
##OXINSTLABEL: 40, 1.792, Zr
##OXINSTLABEL: 38, 14.165, Sr
##OXINSTLABEL: 38, 15.836, Sr
##OXINSTLABEL: 38, 16.085, Sr
##OXINSTLABEL: 38, 1.807, Sr
##OXINSTLABEL: 38, 1.649, Sr
##OXINSTLABEL: 38, 1.582, Sr
##OXINSTLABEL: 20, 3.692, Ca
##OXINSTLABEL: 20, 4.013, Ca
##OXINSTLABEL: 20, 0.341, Ca
##OXINSTLABEL: 20, 0.306, Ca
#SPECTRUM    : Spectral Data Starts Here
-0.40000, 0.
-0.39000, 0.
-0.38000, 0.
-0.37000, 0.
-0.36000, 0.
-0.35000, 0.
-0.34000, 0.
-0.33000, 0.
-0.32000, 0.
-0.31000, 0.
-0.30000, 0.
-0.29000, 0.
-0.28000, 0.
-0.27000, 0.
-0.26000, 0.
-0.25000, 0.
-0.24000, 0.
-0.23000, 0.
-0.22000, 0.
-0.21000, 0.
-0.20000, 0.
-0.19000, 0.
-0.18000, 0.
-0.17000, 0.
-0.16000, 0.
-0.15000, 0.
-0.14000, 0.
-0.13000, 0.
-0.12000, 0.
-0.11000, 0.
-0.10000, 0.
-0.09000, 0.
-0.08000, 0.
-0.07000, 0.
-0.06000, 0.
-0.05000, 0.
-0.04000, 0.
-0.03000, 0.
-0.02000, 0.
-0.01000, 0.
0.00000, 0.
0.01000, 0.
0.02000, 0.
0.03000, 0.
0.04000, 0.
0.05000, 0.
0.06000, 0.
0.07000, 0.
0.08000, 0.
0.09000, 0.
0.10000, 0.
0.11000, 0.
0.12000, 0.
0.13000, 0.
0.14000, 0.
0.15000, 0.
0.16000, 0.
0.17000, 0.
0.18000, 0.
0.19000, 0.
0.20000, 0.
0.21000, 0.
0.22000, 0.
0.23000, 0.
0.24000, 0.
0.25000, 0.
0.26000, 0.
0.27000, 0.
0.28000, 0.
0.29000, 0.
0.30000, 0.
0.31000, 0.
0.32000, 1.
0.33000, 2.
0.34000, 1.
0.35000, 0.
0.36000, 4.
0.37000, 4.
0.38000, 11.
0.39000, 12.
0.40000, 25.
0.41000, 18.
0.42000, 36.
0.43000, 53.
0.44000, 38.
0.45000, 37.
0.46000, 39.
0.47000, 46.
0.48000, 44.
0.49000, 39.
0.50000, 59.
0.51000, 46.
0.52000, 33.
0.53000, 39.
0.54000, 50.
0.55000, 57.
0.56000, 42.
0.57000, 40.
0.58000, 47.
0.59000, 45.
0.60000, 28.
0.61000, 33.
0.62000, 24.
0.63000, 32.
0.64000, 33.
0.65000, 49.
0.66000, 31.
0.67000, 31.
0.68000, 35.
0.69000, 33.
0.70000, 37.
0.71000, 33.
0.72000, 40.
0.73000, 42.
0.74000, 33.
0.75000, 32.
0.76000, 33.
0.77000, 32.
0.78000, 25.
0.79000, 36.
0.80000, 41.
0.81000, 35.
0.82000, 38.
0.83000, 31.
0.84000, 33.
0.85000, 42.
0.86000, 44.
0.87000, 30.
0.88000, 22.
0.89000, 31.
0.90000, 47.
0.91000, 34.
0.92000, 49.
0.93000, 51.
0.94000, 44.
0.95000, 32.
0.96000, 59.
0.97000, 42.
0.98000, 41.
0.99000, 43.
1.00000, 39.
1.01000, 42.
1.02000, 34.
1.03000, 34.
1.04000, 33.
1.05000, 33.
1.06000, 45.
1.07000, 34.
1.08000, 37.
1.09000, 27.
1.10000, 37.
1.11000, 36.
1.12000, 38.
1.13000, 44.
1.14000, 32.
1.15000, 29.
1.16000, 41.
1.17000, 44.
1.18000, 27.
1.19000, 36.
1.20000, 39.
1.21000, 38.
1.22000, 31.
1.23000, 43.
1.24000, 56.
1.25000, 50.
1.26000, 63.
1.27000, 44.
1.28000, 61.
1.29000, 36.
1.30000, 46.
1.31000, 39.
1.32000, 44.
1.33000, 36.
1.34000, 41.
1.35000, 38.
1.36000, 42.
1.37000, 40.
1.38000, 52.
1.39000, 78.
1.40000, 102.
1.41000, 168.
1.42000, 210.
1.43000, 331.
1.44000, 419.
1.45000, 547.
1.46000, 667.
1.47000, 859.
1.48000, 842.
1.49000, 879.
1.50000, 897.
1.51000, 799.
1.52000, 725.
1.53000, 646.
1.54000, 530.
1.55000, 392.
1.56000, 319.
1.57000, 223.
1.58000, 174.
1.59000, 117.
1.60000, 113.
1.61000, 123.
1.62000, 154.
1.63000, 210.
1.64000, 329.
1.65000, 575.
1.66000, 939.
1.67000, 1361.
1.68000, 2055.
1.69000, 2824.
1.70000, 3731.
1.71000, 4753.
1.72000, 5613.
1.73000, 6334.
1.74000, 6510.
1.75000, 6659.
1.76000, 6338.
1.77000, 5631.
1.78000, 4822.
1.79000, 3914.
1.80000, 2993.
1.81000, 2208.
1.82000, 1583.
1.83000, 1137.
1.84000, 835.
1.85000, 562.
1.86000, 419.
1.87000, 349.
1.88000, 247.
1.89000, 161.
1.90000, 131.
1.91000, 91.
1.92000, 66.
1.93000, 51.
1.94000, 55.
1.95000, 42.
1.96000, 36.
1.97000, 56.
1.98000, 35.
1.99000, 35.
2.00000, 55.
2.01000, 55.
2.02000, 40.
2.03000, 33.
2.04000, 40.
2.05000, 61.
2.06000, 40.
2.07000, 36.
2.08000, 34.
2.09000, 38.
2.10000, 29.
2.11000, 29.
2.12000, 40.
2.13000, 30.
2.14000, 19.
2.15000, 30.
2.16000, 33.
2.17000, 34.
2.18000, 29.
2.19000, 27.
2.20000, 32.
2.21000, 27.
2.22000, 20.
2.23000, 22.
2.24000, 29.
2.25000, 22.
2.26000, 25.
2.27000, 31.
2.28000, 28.
2.29000, 29.
2.30000, 28.
2.31000, 24.
2.32000, 20.
2.33000, 24.
2.34000, 39.
2.35000, 27.
2.36000, 39.
2.37000, 20.
2.38000, 25.
2.39000, 13.
2.40000, 27.
2.41000, 34.
2.42000, 25.
2.43000, 24.
2.44000, 18.
2.45000, 30.
2.46000, 32.
2.47000, 35.
2.48000, 28.
2.49000, 32.
2.50000, 21.
2.51000, 29.
2.52000, 30.
2.53000, 45.
2.54000, 39.
2.55000, 28.
2.56000, 30.
2.57000, 38.
2.58000, 64.
2.59000, 70.
2.60000, 88.
2.61000, 127.
2.62000, 152.
2.63000, 200.
2.64000, 259.
2.65000, 324.
2.66000, 362.
2.67000, 405.
2.68000, 495.
2.69000, 482.
2.70000, 504.
2.71000, 482.
2.72000, 468.
2.73000, 457.
2.74000, 381.
2.75000, 322.
2.76000, 303.
2.77000, 245.
2.78000, 221.
2.79000, 198.
2.80000, 248.
2.81000, 201.
2.82000, 236.
2.83000, 201.
2.84000, 220.
2.85000, 207.
2.86000, 187.
2.87000, 211.
2.88000, 177.
2.89000, 175.
2.90000, 149.
2.91000, 116.
2.92000, 130.
2.93000, 111.
2.94000, 113.
2.95000, 85.
2.96000, 101.
2.97000, 88.
2.98000, 70.
2.99000, 66.
3.00000, 56.
3.01000, 56.
3.02000, 59.
3.03000, 54.
3.04000, 49.
3.05000, 36.
3.06000, 35.
3.07000, 38.
3.08000, 45.
3.09000, 32.
3.10000, 25.
3.11000, 35.
3.12000, 24.
3.13000, 29.
3.14000, 29.
3.15000, 49.
3.16000, 37.
3.17000, 48.
3.18000, 60.
3.19000, 79.
3.20000, 116.
3.21000, 120.
3.22000, 166.
3.23000, 224.
3.24000, 327.
3.25000, 441.
3.26000, 582.
3.27000, 671.
3.28000, 759.
3.29000, 906.
3.30000, 986.
3.31000, 1039.
3.32000, 972.
3.33000, 1004.
3.34000, 895.
3.35000, 820.
3.36000, 700.
3.37000, 586.
3.38000, 461.
3.39000, 377.
3.40000, 272.
3.41000, 189.
3.42000, 148.
3.43000, 114.
3.44000, 89.
3.45000, 59.
3.46000, 57.
3.47000, 61.
3.48000, 48.
3.49000, 54.
3.50000, 53.
3.51000, 63.
3.52000, 80.
3.53000, 112.
3.54000, 119.
3.55000, 101.
3.56000, 151.
3.57000, 136.
3.58000, 173.
3.59000, 175.
3.60000, 173.
3.61000, 188.
3.62000, 147.
3.63000, 155.
3.64000, 165.
3.65000, 227.
3.66000, 187.
3.67000, 181.
3.68000, 171.
3.69000, 184.
3.70000, 162.
3.71000, 151.
3.72000, 141.
3.73000, 132.
3.74000, 99.
3.75000, 77.
3.76000, 78.
3.77000, 64.
3.78000, 48.
3.79000, 32.
3.80000, 37.
3.81000, 22.
3.82000, 29.
3.83000, 22.
3.84000, 20.
3.85000, 14.
3.86000, 17.
3.87000, 25.
3.88000, 20.
3.89000, 28.
3.90000, 19.
3.91000, 20.
3.92000, 26.
3.93000, 36.
3.94000, 28.
3.95000, 37.
3.96000, 30.
3.97000, 30.
3.98000, 38.
3.99000, 47.
4.00000, 51.
4.01000, 54.
4.02000, 52.
4.03000, 54.
4.04000, 47.
4.05000, 35.
4.06000, 38.
4.07000, 32.
4.08000, 25.
4.09000, 30.
4.10000, 35.
4.11000, 19.
4.12000, 29.
4.13000, 25.
4.14000, 21.
4.15000, 15.
4.16000, 28.
4.17000, 30.
4.18000, 20.
4.19000, 29.
4.20000, 28.
4.21000, 21.
4.22000, 25.
4.23000, 28.
4.24000, 32.
4.25000, 36.
4.26000, 33.
4.27000, 26.
4.28000, 23.
4.29000, 18.
4.30000, 37.
4.31000, 47.
4.32000, 33.
4.33000, 34.
4.34000, 41.
4.35000, 46.
4.36000, 49.
4.37000, 56.
4.38000, 82.
4.39000, 97.
4.40000, 139.
4.41000, 207.
4.42000, 249.
4.43000, 288.
4.44000, 402.
4.45000, 473.
4.46000, 501.
4.47000, 627.
4.48000, 652.
4.49000, 718.
4.50000, 760.
4.51000, 783.
4.52000, 780.
4.53000, 767.
4.54000, 657.
4.55000, 575.
4.56000, 532.
4.57000, 468.
4.58000, 402.
4.59000, 307.
4.60000, 277.
4.61000, 205.
4.62000, 181.
4.63000, 163.
4.64000, 165.
4.65000, 139.
4.66000, 112.
4.67000, 113.
4.68000, 93.
4.69000, 113.
4.70000, 92.
4.71000, 90.
4.72000, 76.
4.73000, 75.
4.74000, 72.
4.75000, 83.
4.76000, 96.
4.77000, 70.
4.78000, 79.
4.79000, 86.
4.80000, 89.
4.81000, 98.
4.82000, 124.
4.83000, 122.
4.84000, 120.
4.85000, 132.
4.86000, 148.
4.87000, 148.
4.88000, 163.
4.89000, 190.
4.90000, 178.
4.91000, 188.
4.92000, 203.
4.93000, 222.
4.94000, 195.
4.95000, 198.
4.96000, 232.
4.97000, 171.
4.98000, 174.
4.99000, 133.
5.00000, 119.
5.01000, 126.
5.02000, 100.
5.03000, 93.
5.04000, 75.
5.05000, 65.
5.06000, 82.
5.07000, 59.
5.08000, 55.
5.09000, 64.
5.10000, 65.
5.11000, 53.
5.12000, 69.
5.13000, 50.
5.14000, 58.
5.15000, 59.
5.16000, 59.
5.17000, 60.
5.18000, 62.
5.19000, 61.
5.20000, 79.
5.21000, 63.
5.22000, 69.
5.23000, 70.
5.24000, 66.
5.25000, 74.
5.26000, 81.
5.27000, 80.
5.28000, 83.
5.29000, 84.
5.30000, 71.
5.31000, 92.
5.32000, 75.
5.33000, 96.
5.34000, 72.
5.35000, 105.
5.36000, 92.
5.37000, 95.
5.38000, 80.
5.39000, 86.
5.40000, 99.
5.41000, 95.
5.42000, 89.
5.43000, 81.
5.44000, 97.
5.45000, 101.
5.46000, 78.
5.47000, 90.
5.48000, 77.
5.49000, 75.
5.50000, 71.
5.51000, 73.
5.52000, 78.
5.53000, 66.
5.54000, 84.
5.55000, 71.
5.56000, 70.
5.57000, 80.
5.58000, 57.
5.59000, 66.
5.60000, 60.
5.61000, 63.
5.62000, 58.
5.63000, 70.
5.64000, 64.
5.65000, 51.
5.66000, 68.
5.67000, 51.
5.68000, 60.
5.69000, 67.
5.70000, 63.
5.71000, 63.
5.72000, 66.
5.73000, 79.
5.74000, 63.
5.75000, 84.
5.76000, 71.
5.77000, 56.
5.78000, 71.
5.79000, 61.
5.80000, 56.
5.81000, 82.
5.82000, 72.
5.83000, 81.
5.84000, 66.
5.85000, 93.
5.86000, 70.
5.87000, 69.
5.88000, 69.
5.89000, 93.
5.90000, 68.
5.91000, 75.
5.92000, 87.
5.93000, 62.
5.94000, 69.
5.95000, 49.
5.96000, 82.
5.97000, 70.
5.98000, 76.
5.99000, 70.
6.00000, 83.
6.01000, 69.
6.02000, 71.
6.03000, 71.
6.04000, 62.
6.05000, 70.
6.06000, 81.
6.07000, 71.
6.08000, 58.
6.09000, 91.
6.10000, 87.
6.11000, 94.
6.12000, 86.
6.13000, 100.
6.14000, 98.
6.15000, 106.
6.16000, 127.
6.17000, 124.
6.18000, 150.
6.19000, 179.
6.20000, 227.
6.21000, 290.
6.22000, 389.
6.23000, 535.
6.24000, 745.
6.25000, 1070.
6.26000, 1489.
6.27000, 2016.
6.28000, 2815.
6.29000, 3725.
6.30000, 4768.
6.31000, 6130.
6.32000, 7508.
6.33000, 9013.
6.34000, 10778.
6.35000, 12149.
6.36000, 13741.
6.37000, 14847.
6.38000, 15755.
6.39000, 16161.
6.40000, 16620.
6.41000, 16149.
6.42000, 15415.
6.43000, 14155.
6.44000, 12879.
6.45000, 11485.
6.46000, 9724.
6.47000, 8180.
6.48000, 6489.
6.49000, 5348.
6.50000, 4084.
6.51000, 3034.
6.52000, 2315.
6.53000, 1665.
6.54000, 1202.
6.55000, 871.
6.56000, 575.
6.57000, 425.
6.58000, 322.
6.59000, 237.
6.60000, 165.
6.61000, 142.
6.62000, 120.
6.63000, 113.
6.64000, 115.
6.65000, 111.
6.66000, 110.
6.67000, 99.
6.68000, 112.
6.69000, 115.
6.70000, 100.
6.71000, 109.
6.72000, 118.
6.73000, 99.
6.74000, 118.
6.75000, 112.
6.76000, 122.
6.77000, 98.
6.78000, 119.
6.79000, 107.
6.80000, 120.
6.81000, 132.
6.82000, 137.
6.83000, 137.
6.84000, 144.
6.85000, 169.
6.86000, 169.
6.87000, 191.
6.88000, 233.
6.89000, 274.
6.90000, 305.
6.91000, 364.
6.92000, 493.
6.93000, 609.
6.94000, 701.
6.95000, 873.
6.96000, 1100.
6.97000, 1291.
6.98000, 1531.
6.99000, 1731.
7.00000, 2001.
7.01000, 2244.
7.02000, 2411.
7.03000, 2538.
7.04000, 2627.
7.05000, 2590.
7.06000, 2741.
7.07000, 2570.
7.08000, 2482.
7.09000, 2290.
7.10000, 1985.
7.11000, 1842.
7.12000, 1506.
7.13000, 1318.
7.14000, 1097.
7.15000, 891.
7.16000, 702.
7.17000, 519.
7.18000, 408.
7.19000, 357.
7.20000, 261.
7.21000, 199.
7.22000, 140.
7.23000, 139.
7.24000, 99.
7.25000, 99.
7.26000, 78.
7.27000, 60.
7.28000, 78.
7.29000, 84.
7.30000, 68.
7.31000, 72.
7.32000, 88.
7.33000, 75.
7.34000, 67.
7.35000, 55.
7.36000, 70.
7.37000, 72.
7.38000, 61.
7.39000, 59.
7.40000, 78.
7.41000, 81.
7.42000, 80.
7.43000, 78.
7.44000, 73.
7.45000, 83.
7.46000, 80.
7.47000, 71.
7.48000, 79.
7.49000, 84.
7.50000, 76.
7.51000, 67.
7.52000, 77.
7.53000, 69.
7.54000, 69.
7.55000, 71.
7.56000, 64.
7.57000, 76.
7.58000, 67.
7.59000, 55.
7.60000, 66.
7.61000, 65.
7.62000, 67.
7.63000, 70.
7.64000, 72.
7.65000, 60.
7.66000, 63.
7.67000, 75.
7.68000, 66.
7.69000, 68.
7.70000, 57.
7.71000, 86.
7.72000, 82.
7.73000, 67.
7.74000, 65.
7.75000, 87.
7.76000, 68.
7.77000, 75.
7.78000, 84.
7.79000, 78.
7.80000, 88.
7.81000, 85.
7.82000, 108.
7.83000, 85.
7.84000, 81.
7.85000, 85.
7.86000, 90.
7.87000, 103.
7.88000, 97.
7.89000, 97.
7.90000, 101.
7.91000, 110.
7.92000, 101.
7.93000, 112.
7.94000, 105.
7.95000, 107.
7.96000, 112.
7.97000, 112.
7.98000, 100.
7.99000, 105.
8.00000, 149.
8.01000, 123.
8.02000, 135.
8.03000, 134.
8.04000, 124.
8.05000, 143.
8.06000, 123.
8.07000, 139.
8.08000, 148.
8.09000, 136.
8.10000, 138.
8.11000, 142.
8.12000, 140.
8.13000, 137.
8.14000, 108.
8.15000, 138.
8.16000, 133.
8.17000, 119.
8.18000, 128.
8.19000, 131.
8.20000, 150.
8.21000, 124.
8.22000, 134.
8.23000, 113.
8.24000, 107.
8.25000, 109.
8.26000, 90.
8.27000, 111.
8.28000, 99.
8.29000, 113.
8.30000, 117.
8.31000, 109.
8.32000, 116.
8.33000, 106.
8.34000, 108.
8.35000, 116.
8.36000, 104.
8.37000, 134.
8.38000, 101.
8.39000, 105.
8.40000, 106.
8.41000, 118.
8.42000, 132.
8.43000, 113.
8.44000, 99.
8.45000, 103.
8.46000, 115.
8.47000, 106.
8.48000, 99.
8.49000, 104.
8.50000, 113.
8.51000, 117.
8.52000, 99.
8.53000, 117.
8.54000, 116.
8.55000, 113.
8.56000, 123.
8.57000, 113.
8.58000, 112.
8.59000, 120.
8.60000, 113.
8.61000, 116.
8.62000, 117.
8.63000, 111.
8.64000, 109.
8.65000, 135.
8.66000, 95.
8.67000, 118.
8.68000, 124.
8.69000, 115.
8.70000, 113.
8.71000, 100.
8.72000, 122.
8.73000, 108.
8.74000, 116.
8.75000, 103.
8.76000, 88.
8.77000, 95.
8.78000, 116.
8.79000, 128.
8.80000, 106.
8.81000, 100.
8.82000, 110.
8.83000, 93.
8.84000, 119.
8.85000, 86.
8.86000, 107.
8.87000, 113.
8.88000, 107.
8.89000, 127.
8.90000, 99.
8.91000, 110.
8.92000, 114.
8.93000, 95.
8.94000, 108.
8.95000, 108.
8.96000, 91.
8.97000, 99.
8.98000, 105.
8.99000, 67.
9.00000, 99.
9.01000, 90.
9.02000, 112.
9.03000, 100.
9.04000, 100.
9.05000, 115.
9.06000, 96.
9.07000, 108.
9.08000, 114.
9.09000, 103.
9.10000, 121.
9.11000, 104.
9.12000, 100.
9.13000, 128.
9.14000, 135.
9.15000, 111.
9.16000, 112.
9.17000, 131.
9.18000, 128.
9.19000, 122.
9.20000, 118.
9.21000, 128.
9.22000, 127.
9.23000, 132.
9.24000, 128.
9.25000, 147.
9.26000, 116.
9.27000, 125.
9.28000, 105.
9.29000, 112.
9.30000, 128.
9.31000, 110.
9.32000, 128.
9.33000, 121.
9.34000, 121.
9.35000, 116.
9.36000, 119.
9.37000, 110.
9.38000, 117.
9.39000, 110.
9.40000, 147.
9.41000, 120.
9.42000, 126.
9.43000, 113.
9.44000, 118.
9.45000, 95.
9.46000, 107.
9.47000, 115.
9.48000, 109.
9.49000, 125.
9.50000, 128.
9.51000, 113.
9.52000, 125.
9.53000, 114.
9.54000, 123.
9.55000, 115.
9.56000, 137.
9.57000, 126.
9.58000, 144.
9.59000, 143.
9.60000, 129.
9.61000, 129.
9.62000, 133.
9.63000, 139.
9.64000, 133.
9.65000, 119.
9.66000, 144.
9.67000, 119.
9.68000, 147.
9.69000, 114.
9.70000, 106.
9.71000, 126.
9.72000, 142.
9.73000, 130.
9.74000, 126.
9.75000, 131.
9.76000, 127.
9.77000, 134.
9.78000, 124.
9.79000, 120.
9.80000, 140.
9.81000, 115.
9.82000, 140.
9.83000, 146.
9.84000, 148.
9.85000, 131.
9.86000, 141.
9.87000, 113.
9.88000, 116.
9.89000, 126.
9.90000, 146.
9.91000, 107.
9.92000, 124.
9.93000, 116.
9.94000, 135.
9.95000, 116.
9.96000, 141.
9.97000, 126.
9.98000, 134.
9.99000, 111.
10.00000, 114.
10.01000, 139.
10.02000, 111.
10.03000, 123.
10.04000, 106.
10.05000, 137.
10.06000, 117.
10.07000, 127.
10.08000, 112.
10.09000, 114.
10.10000, 112.
10.11000, 99.
10.12000, 128.
10.13000, 118.
10.14000, 110.
10.15000, 104.
10.16000, 130.
10.17000, 123.
10.18000, 116.
10.19000, 113.
10.20000, 120.
10.21000, 111.
10.22000, 136.
10.23000, 130.
10.24000, 132.
10.25000, 125.
10.26000, 122.
10.27000, 130.
10.28000, 120.
10.29000, 113.
10.30000, 111.
10.31000, 117.
10.32000, 154.
10.33000, 141.
10.34000, 163.
10.35000, 149.
10.36000, 173.
10.37000, 175.
10.38000, 206.
10.39000, 211.
10.40000, 240.
10.41000, 237.
10.42000, 264.
10.43000, 320.
10.44000, 348.
10.45000, 381.
10.46000, 411.
10.47000, 406.
10.48000, 462.
10.49000, 506.
10.50000, 484.
10.51000, 497.
10.52000, 486.
10.53000, 465.
10.54000, 473.
10.55000, 470.
10.56000, 434.
10.57000, 411.
10.58000, 428.
10.59000, 384.
10.60000, 327.
10.61000, 310.
10.62000, 274.
10.63000, 269.
10.64000, 253.
10.65000, 205.
10.66000, 194.
10.67000, 166.
10.68000, 172.
10.69000, 157.
10.70000, 150.
10.71000, 154.
10.72000, 145.
10.73000, 132.
10.74000, 126.
10.75000, 155.
10.76000, 133.
10.77000, 138.
10.78000, 128.
10.79000, 114.
10.80000, 140.
10.81000, 117.
10.82000, 139.
10.83000, 130.
10.84000, 140.
10.85000, 123.
10.86000, 133.
10.87000, 138.
10.88000, 137.
10.89000, 126.
10.90000, 134.
10.91000, 130.
10.92000, 117.
10.93000, 144.
10.94000, 131.
10.95000, 129.
10.96000, 117.
10.97000, 133.
10.98000, 126.
10.99000, 122.
11.00000, 119.
11.01000, 97.
11.02000, 129.
11.03000, 133.
11.04000, 121.
11.05000, 126.
11.06000, 129.
11.07000, 132.
11.08000, 138.
11.09000, 121.
11.10000, 118.
11.11000, 134.
11.12000, 106.
11.13000, 135.
11.14000, 131.
11.15000, 132.
11.16000, 128.
11.17000, 133.
11.18000, 139.
11.19000, 124.
11.20000, 104.
11.21000, 135.
11.22000, 157.
11.23000, 136.
11.24000, 136.
11.25000, 135.
11.26000, 135.
11.27000, 140.
11.28000, 142.
11.29000, 133.
11.30000, 142.
11.31000, 130.
11.32000, 127.
11.33000, 127.
11.34000, 153.
11.35000, 146.
11.36000, 126.
11.37000, 126.
11.38000, 122.
11.39000, 129.
11.40000, 153.
11.41000, 141.
11.42000, 137.
11.43000, 117.
11.44000, 133.
11.45000, 133.
11.46000, 123.
11.47000, 145.
11.48000, 143.
11.49000, 144.
11.50000, 120.
11.51000, 160.
11.52000, 149.
11.53000, 131.
11.54000, 141.
11.55000, 128.
11.56000, 152.
11.57000, 155.
11.58000, 152.
11.59000, 144.
11.60000, 169.
11.61000, 172.
11.62000, 184.
11.63000, 183.
11.64000, 160.
11.65000, 209.
11.66000, 190.
11.67000, 165.
11.68000, 200.
11.69000, 180.
11.70000, 169.
11.71000, 197.
11.72000, 198.
11.73000, 191.
11.74000, 169.
11.75000, 205.
11.76000, 169.
11.77000, 193.
11.78000, 169.
11.79000, 173.
11.80000, 144.
11.81000, 150.
11.82000, 139.
11.83000, 155.
11.84000, 154.
11.85000, 149.
11.86000, 150.
11.87000, 148.
11.88000, 155.
11.89000, 160.
11.90000, 151.
11.91000, 137.
11.92000, 131.
11.93000, 116.
11.94000, 126.
11.95000, 130.
11.96000, 153.
11.97000, 132.
11.98000, 137.
11.99000, 130.
12.00000, 121.
12.01000, 149.
12.02000, 146.
12.03000, 129.
12.04000, 156.
12.05000, 148.
12.06000, 123.
12.07000, 127.
12.08000, 117.
12.09000, 149.
12.10000, 139.
12.11000, 138.
12.12000, 128.
12.13000, 131.
12.14000, 127.
12.15000, 130.
12.16000, 129.
12.17000, 111.
12.18000, 146.
12.19000, 141.
12.20000, 113.
12.21000, 129.
12.22000, 115.
12.23000, 145.
12.24000, 134.
12.25000, 119.
12.26000, 141.
12.27000, 122.
12.28000, 117.
12.29000, 139.
12.30000, 127.
12.31000, 147.
12.32000, 141.
12.33000, 121.
12.34000, 141.
12.35000, 130.
12.36000, 133.
12.37000, 140.
12.38000, 131.
12.39000, 124.
12.40000, 147.
12.41000, 142.
12.42000, 153.
12.43000, 110.
12.44000, 131.
12.45000, 120.
12.46000, 124.
12.47000, 140.
12.48000, 140.
12.49000, 146.
12.50000, 147.
12.51000, 122.
12.52000, 152.
12.53000, 134.
12.54000, 116.
12.55000, 127.
12.56000, 145.
12.57000, 135.
12.58000, 160.
12.59000, 139.
12.60000, 135.
12.61000, 146.
12.62000, 153.
12.63000, 152.
12.64000, 159.
12.65000, 137.
12.66000, 132.
12.67000, 155.
12.68000, 149.
12.69000, 149.
12.70000, 139.
12.71000, 159.
12.72000, 152.
12.73000, 189.
12.74000, 143.
12.75000, 194.
12.76000, 181.
12.77000, 198.
12.78000, 164.
12.79000, 185.
12.80000, 182.
12.81000, 190.
12.82000, 176.
12.83000, 168.
12.84000, 209.
12.85000, 172.
12.86000, 170.
12.87000, 190.
12.88000, 169.
12.89000, 160.
12.90000, 183.
12.91000, 165.
12.92000, 164.
12.93000, 172.
12.94000, 155.
12.95000, 184.
12.96000, 156.
12.97000, 138.
12.98000, 146.
12.99000, 166.
13.00000, 154.
13.01000, 167.
13.02000, 177.
13.03000, 168.
13.04000, 168.
13.05000, 131.
13.06000, 131.
13.07000, 148.
13.08000, 153.
13.09000, 152.
13.10000, 149.
13.11000, 150.
13.12000, 166.
13.13000, 163.
13.14000, 117.
13.15000, 162.
13.16000, 146.
13.17000, 144.
13.18000, 158.
13.19000, 163.
13.20000, 178.
13.21000, 187.
13.22000, 186.
13.23000, 195.
13.24000, 174.
13.25000, 207.
13.26000, 205.
13.27000, 242.
13.28000, 219.
13.29000, 230.
13.30000, 232.
13.31000, 262.
13.32000, 266.
13.33000, 275.
13.34000, 312.
13.35000, 284.
13.36000, 313.
13.37000, 283.
13.38000, 258.
13.39000, 307.
13.40000, 260.
13.41000, 268.
13.42000, 241.
13.43000, 246.
13.44000, 241.
13.45000, 233.
13.46000, 223.
13.47000, 201.
13.48000, 212.
13.49000, 193.
13.50000, 203.
13.51000, 157.
13.52000, 156.
13.53000, 165.
13.54000, 144.
13.55000, 162.
13.56000, 151.
13.57000, 166.
13.58000, 152.
13.59000, 175.
13.60000, 133.
13.61000, 141.
13.62000, 125.
13.63000, 144.
13.64000, 129.
13.65000, 141.
13.66000, 174.
13.67000, 149.
13.68000, 146.
13.69000, 137.
13.70000, 141.
13.71000, 145.
13.72000, 130.
13.73000, 130.
13.74000, 133.
13.75000, 149.
13.76000, 139.
13.77000, 147.
13.78000, 138.
13.79000, 155.
13.80000, 144.
13.81000, 150.
13.82000, 135.
13.83000, 145.
13.84000, 126.
13.85000, 131.
13.86000, 133.
13.87000, 138.
13.88000, 146.
13.89000, 145.
13.90000, 123.
13.91000, 168.
13.92000, 123.
13.93000, 146.
13.94000, 170.
13.95000, 155.
13.96000, 160.
13.97000, 165.
13.98000, 182.
13.99000, 201.
14.00000, 205.
14.01000, 177.
14.02000, 211.
14.03000, 204.
14.04000, 218.
14.05000, 214.
14.06000, 237.
14.07000, 263.
14.08000, 219.
14.09000, 231.
14.10000, 245.
14.11000, 244.
14.12000, 220.
14.13000, 241.
14.14000, 234.
14.15000, 237.
14.16000, 234.
14.17000, 232.
14.18000, 230.
14.19000, 218.
14.20000, 191.
14.21000, 197.
14.22000, 200.
14.23000, 198.
14.24000, 182.
14.25000, 151.
14.26000, 167.
14.27000, 186.
14.28000, 175.
14.29000, 173.
14.30000, 148.
14.31000, 143.
14.32000, 145.
14.33000, 158.
14.34000, 125.
14.35000, 146.
14.36000, 134.
14.37000, 130.
14.38000, 124.
14.39000, 135.
14.40000, 155.
14.41000, 127.
14.42000, 117.
14.43000, 144.
14.44000, 128.
14.45000, 148.
14.46000, 166.
14.47000, 136.
14.48000, 159.
14.49000, 158.
14.50000, 135.
14.51000, 147.
14.52000, 132.
14.53000, 151.
14.54000, 146.
14.55000, 125.
14.56000, 149.
14.57000, 132.
14.58000, 150.
14.59000, 123.
14.60000, 138.
14.61000, 144.
14.62000, 143.
14.63000, 147.
14.64000, 136.
14.65000, 151.
14.66000, 134.
14.67000, 153.
14.68000, 119.
14.69000, 145.
14.70000, 121.
14.71000, 161.
14.72000, 169.
14.73000, 142.
14.74000, 145.
14.75000, 157.
14.76000, 168.
14.77000, 142.
14.78000, 160.
14.79000, 175.
14.80000, 156.
14.81000, 184.
14.82000, 154.
14.83000, 184.
14.84000, 175.
14.85000, 186.
14.86000, 190.
14.87000, 205.
14.88000, 181.
14.89000, 171.
14.90000, 194.
14.91000, 192.
14.92000, 213.
14.93000, 194.
14.94000, 196.
14.95000, 192.
14.96000, 184.
14.97000, 185.
14.98000, 200.
14.99000, 187.
15.00000, 167.
15.01000, 187.
15.02000, 162.
15.03000, 160.
15.04000, 171.
15.05000, 161.
15.06000, 162.
15.07000, 160.
15.08000, 150.
15.09000, 158.
15.10000, 141.
15.11000, 126.
15.12000, 137.
15.13000, 136.
15.14000, 146.
15.15000, 130.
15.16000, 135.
15.17000, 116.
15.18000, 135.
15.19000, 130.
15.20000, 134.
15.21000, 135.
15.22000, 150.
15.23000, 113.
15.24000, 139.
15.25000, 152.
15.26000, 151.
15.27000, 132.
15.28000, 139.
15.29000, 160.
15.30000, 129.
15.31000, 110.
15.32000, 138.
15.33000, 135.
15.34000, 110.
15.35000, 155.
15.36000, 147.
15.37000, 128.
15.38000, 145.
15.39000, 136.
15.40000, 130.
15.41000, 131.
15.42000, 133.
15.43000, 159.
15.44000, 141.
15.45000, 151.
15.46000, 142.
15.47000, 137.
15.48000, 144.
15.49000, 154.
15.50000, 147.
15.51000, 165.
15.52000, 193.
15.53000, 167.
15.54000, 185.
15.55000, 203.
15.56000, 220.
15.57000, 217.
15.58000, 224.
15.59000, 254.
15.60000, 262.
15.61000, 274.
15.62000, 290.
15.63000, 337.
15.64000, 324.
15.65000, 388.
15.66000, 373.
15.67000, 375.
15.68000, 363.
15.69000, 429.
15.70000, 404.
15.71000, 409.
15.72000, 440.
15.73000, 430.
15.74000, 436.
15.75000, 394.
15.76000, 418.
15.77000, 411.
15.78000, 383.
15.79000, 337.
15.80000, 340.
15.81000, 329.
15.82000, 331.
15.83000, 302.
15.84000, 275.
15.85000, 242.
15.86000, 252.
15.87000, 219.
15.88000, 220.
15.89000, 187.
15.90000, 189.
15.91000, 191.
15.92000, 184.
15.93000, 174.
15.94000, 150.
15.95000, 159.
15.96000, 160.
15.97000, 156.
15.98000, 145.
15.99000, 151.
16.00000, 153.
16.01000, 144.
16.02000, 122.
16.03000, 147.
16.04000, 160.
16.05000, 141.
16.06000, 147.
16.07000, 145.
16.08000, 140.
16.09000, 134.
16.10000, 140.
16.11000, 134.
16.12000, 157.
16.13000, 155.
16.14000, 136.
16.15000, 147.
16.16000, 148.
16.17000, 140.
16.18000, 165.
16.19000, 168.
16.20000, 143.
16.21000, 168.
16.22000, 176.
16.23000, 129.
16.24000, 149.
16.25000, 149.
16.26000, 149.
16.27000, 137.
16.28000, 134.
16.29000, 122.
16.30000, 145.
16.31000, 152.
16.32000, 153.
16.33000, 151.
16.34000, 157.
16.35000, 149.
16.36000, 154.
16.37000, 153.
16.38000, 152.
16.39000, 187.
16.40000, 181.
16.41000, 180.
16.42000, 180.
16.43000, 198.
16.44000, 195.
16.45000, 178.
16.46000, 219.
16.47000, 205.
16.48000, 205.
16.49000, 214.
16.50000, 224.
16.51000, 216.
16.52000, 222.
16.53000, 203.
16.54000, 223.
16.55000, 235.
16.56000, 236.
16.57000, 224.
16.58000, 244.
16.59000, 244.
16.60000, 225.
16.61000, 220.
16.62000, 244.
16.63000, 207.
16.64000, 197.
16.65000, 195.
16.66000, 188.
16.67000, 190.
16.68000, 185.
16.69000, 162.
16.70000, 201.
16.71000, 154.
16.72000, 184.
16.73000, 183.
16.74000, 175.
16.75000, 150.
16.76000, 154.
16.77000, 159.
16.78000, 161.
16.79000, 148.
16.80000, 128.
16.81000, 155.
16.82000, 134.
16.83000, 155.
16.84000, 159.
16.85000, 149.
16.86000, 147.
16.87000, 144.
16.88000, 146.
16.89000, 146.
16.90000, 137.
16.91000, 123.
16.92000, 145.
16.93000, 136.
16.94000, 134.
16.95000, 139.
16.96000, 149.
16.97000, 147.
16.98000, 166.
16.99000, 156.
17.00000, 164.
17.01000, 158.
17.02000, 132.
17.03000, 162.
17.04000, 148.
17.05000, 142.
17.06000, 154.
17.07000, 129.
17.08000, 140.
17.09000, 135.
17.10000, 163.
17.11000, 135.
17.12000, 144.
17.13000, 169.
17.14000, 145.
17.15000, 146.
17.16000, 138.
17.17000, 151.
17.18000, 153.
17.19000, 148.
17.20000, 138.
17.21000, 155.
17.22000, 157.
17.23000, 168.
17.24000, 179.
17.25000, 151.
17.26000, 144.
17.27000, 138.
17.28000, 147.
17.29000, 153.
17.30000, 141.
17.31000, 145.
17.32000, 169.
17.33000, 162.
17.34000, 130.
17.35000, 171.
17.36000, 157.
17.37000, 156.
17.38000, 176.
17.39000, 156.
17.40000, 173.
17.41000, 140.
17.42000, 160.
17.43000, 158.
17.44000, 182.
17.45000, 172.
17.46000, 192.
17.47000, 142.
17.48000, 177.
17.49000, 160.
17.50000, 178.
17.51000, 176.
17.52000, 171.
17.53000, 189.
17.54000, 183.
17.55000, 174.
17.56000, 190.
17.57000, 183.
17.58000, 196.
17.59000, 169.
17.60000, 225.
17.61000, 200.
17.62000, 217.
17.63000, 205.
17.64000, 197.
17.65000, 195.
17.66000, 194.
17.67000, 218.
17.68000, 195.
17.69000, 213.
17.70000, 212.
17.71000, 213.
17.72000, 187.
17.73000, 201.
17.74000, 188.
17.75000, 198.
17.76000, 183.
17.77000, 196.
17.78000, 171.
17.79000, 193.
17.80000, 188.
17.81000, 189.
17.82000, 166.
17.83000, 202.
17.84000, 169.
17.85000, 192.
17.86000, 174.
17.87000, 174.
17.88000, 195.
17.89000, 210.
17.90000, 169.
17.91000, 188.
17.92000, 184.
17.93000, 187.
17.94000, 207.
17.95000, 208.
17.96000, 213.
17.97000, 203.
17.98000, 208.
17.99000, 212.
18.00000, 201.
18.01000, 210.
18.02000, 243.
18.03000, 243.
18.04000, 193.
18.05000, 196.
18.06000, 222.
18.07000, 214.
18.08000, 214.
18.09000, 202.
18.10000, 203.
18.11000, 221.
18.12000, 212.
18.13000, 233.
18.14000, 226.
18.15000, 235.
18.16000, 241.
18.17000, 237.
18.18000, 269.
18.19000, 258.
18.20000, 246.
18.21000, 256.
18.22000, 266.
18.23000, 260.
18.24000, 286.
18.25000, 258.
18.26000, 280.
18.27000, 281.
18.28000, 282.
18.29000, 293.
18.30000, 296.
18.31000, 306.
18.32000, 310.
18.33000, 261.
18.34000, 301.
18.35000, 338.
18.36000, 351.
18.37000, 363.
18.38000, 379.
18.39000, 361.
18.40000, 409.
18.41000, 372.
18.42000, 350.
18.43000, 420.
18.44000, 414.
18.45000, 420.
18.46000, 367.
18.47000, 456.
18.48000, 491.
18.49000, 497.
18.50000, 537.
18.51000, 530.
18.52000, 521.
18.53000, 560.
18.54000, 576.
18.55000, 598.
18.56000, 622.
18.57000, 622.
18.58000, 636.
18.59000, 614.
18.60000, 682.
18.61000, 663.
18.62000, 702.
18.63000, 709.
18.64000, 774.
18.65000, 724.
18.66000, 782.
18.67000, 776.
18.68000, 793.
18.69000, 790.
18.70000, 803.
18.71000, 775.
18.72000, 854.
18.73000, 876.
18.74000, 824.
18.75000, 969.
18.76000, 887.
18.77000, 854.
18.78000, 904.
18.79000, 850.
18.80000, 856.
18.81000, 883.
18.82000, 847.
18.83000, 866.
18.84000, 828.
18.85000, 868.
18.86000, 867.
18.87000, 903.
18.88000, 855.
18.89000, 836.
18.90000, 859.
18.91000, 778.
18.92000, 856.
18.93000, 843.
18.94000, 819.
18.95000, 804.
18.96000, 799.
18.97000, 777.
18.98000, 746.
18.99000, 760.
19.00000, 704.
19.01000, 721.
19.02000, 709.
19.03000, 669.
19.04000, 637.
19.05000, 619.
19.06000, 624.
19.07000, 642.
19.08000, 626.
19.09000, 552.
19.10000, 594.
19.11000, 528.
19.12000, 500.
19.13000, 509.
19.14000, 521.
19.15000, 496.
19.16000, 475.
19.17000, 416.
19.18000, 479.
19.19000, 421.
19.20000, 372.
19.21000, 400.
19.22000, 432.
19.23000, 369.
19.24000, 376.
19.25000, 367.
19.26000, 323.
19.27000, 363.
19.28000, 330.
19.29000, 370.
19.30000, 331.
19.31000, 337.
19.32000, 288.
19.33000, 332.
19.34000, 295.
19.35000, 293.
19.36000, 288.
19.37000, 266.
19.38000, 281.
19.39000, 283.
19.40000, 262.
19.41000, 262.
19.42000, 253.
19.43000, 243.
19.44000, 252.
19.45000, 210.
19.46000, 254.
19.47000, 242.
19.48000, 218.
19.49000, 248.
19.50000, 230.
19.51000, 214.
19.52000, 239.
19.53000, 229.
19.54000, 194.
19.55000, 204.
19.56000, 183.
19.57000, 196.
19.58000, 209.
19.59000, 183.
19.60000, 195.
19.61000, 195.
19.62000, 207.
19.63000, 190.
19.64000, 179.
19.65000, 177.
19.66000, 179.
19.67000, 166.
19.68000, 193.
19.69000, 183.
19.70000, 156.
19.71000, 164.
19.72000, 170.
19.73000, 147.
19.74000, 165.
19.75000, 189.
19.76000, 168.
19.77000, 168.
19.78000, 158.
19.79000, 152.
19.80000, 142.
19.81000, 157.
19.82000, 171.
19.83000, 175.
19.84000, 170.
19.85000, 169.
19.86000, 169.
19.87000, 197.
19.88000, 193.
19.89000, 193.
19.90000, 252.
19.91000, 229.
19.92000, 231.
19.93000, 254.
19.94000, 278.
19.95000, 289.
19.96000, 285.
19.97000, 322.
19.98000, 332.
19.99000, 348.
20.00000, 327.
20.01000, 391.
20.02000, 428.
20.03000, 437.
20.04000, 423.
20.05000, 456.
20.06000, 466.
20.07000, 486.
20.08000, 505.
20.09000, 531.
20.10000, 538.
20.11000, 510.
20.12000, 546.
20.13000, 556.
20.14000, 491.
20.15000, 486.
20.16000, 523.
20.17000, 495.
20.18000, 550.
20.19000, 506.
20.20000, 481.
20.21000, 480.
20.22000, 426.
20.23000, 412.
20.24000, 419.
20.25000, 420.
20.26000, 356.
20.27000, 369.
20.28000, 322.
20.29000, 323.
20.30000, 299.
20.31000, 240.
20.32000, 245.
20.33000, 232.
20.34000, 261.
20.35000, 210.
20.36000, 185.
20.37000, 185.
20.38000, 163.
20.39000, 158.
20.40000, 177.
20.41000, 154.
20.42000, 138.
20.43000, 149.
20.44000, 125.
20.45000, 133.
20.46000, 151.
20.47000, 142.
20.48000, 138.
20.49000, 138.
20.50000, 119.
20.51000, 156.
20.52000, 171.
20.53000, 155.
20.54000, 136.
20.55000, 131.
20.56000, 152.
20.57000, 178.
20.58000, 151.
20.59000, 151.
20.60000, 151.
20.61000, 149.
20.62000, 145.
20.63000, 174.
20.64000, 187.
20.65000, 183.
20.66000, 181.
20.67000, 166.
20.68000, 171.
20.69000, 172.
20.70000, 186.
20.71000, 180.
20.72000, 198.
20.73000, 178.
20.74000, 178.
20.75000, 221.
20.76000, 199.
20.77000, 192.
20.78000, 184.
20.79000, 196.
20.80000, 200.
20.81000, 202.
20.82000, 193.
20.83000, 228.
20.84000, 225.
20.85000, 252.
20.86000, 208.
20.87000, 221.
20.88000, 226.
20.89000, 213.
20.90000, 210.
20.91000, 233.
20.92000, 250.
20.93000, 223.
20.94000, 225.
20.95000, 214.
20.96000, 231.
20.97000, 222.
20.98000, 238.
20.99000, 229.
21.00000, 238.
21.01000, 262.
21.02000, 243.
21.03000, 252.
21.04000, 220.
21.05000, 222.
21.06000, 207.
21.07000, 266.
21.08000, 235.
21.09000, 207.
21.10000, 239.
21.11000, 256.
21.12000, 228.
21.13000, 215.
21.14000, 242.
21.15000, 234.
21.16000, 212.
21.17000, 215.
21.18000, 194.
21.19000, 214.
21.20000, 232.
21.21000, 210.
21.22000, 197.
21.23000, 192.
21.24000, 199.
21.25000, 203.
21.26000, 182.
21.27000, 214.
21.28000, 183.
21.29000, 187.
21.30000, 210.
21.31000, 176.
21.32000, 216.
21.33000, 184.
21.34000, 180.
21.35000, 165.
21.36000, 150.
21.37000, 196.
21.38000, 180.
21.39000, 177.
21.40000, 179.
21.41000, 162.
21.42000, 162.
21.43000, 153.
21.44000, 141.
21.45000, 160.
21.46000, 158.
21.47000, 174.
21.48000, 145.
21.49000, 127.
21.50000, 162.
21.51000, 151.
21.52000, 147.
21.53000, 133.
21.54000, 129.
21.55000, 135.
21.56000, 129.
21.57000, 151.
21.58000, 143.
21.59000, 135.
21.60000, 134.
21.61000, 123.
21.62000, 129.
21.63000, 123.
21.64000, 111.
21.65000, 116.
21.66000, 142.
21.67000, 124.
21.68000, 109.
21.69000, 119.
21.70000, 128.
21.71000, 105.
21.72000, 103.
21.73000, 113.
21.74000, 97.
21.75000, 114.
21.76000, 110.
21.77000, 112.
21.78000, 103.
21.79000, 91.
21.80000, 76.
21.81000, 104.
21.82000, 111.
21.83000, 122.
21.84000, 104.
21.85000, 110.
21.86000, 93.
21.87000, 102.
21.88000, 97.
21.89000, 99.
21.90000, 99.
21.91000, 80.
21.92000, 97.
21.93000, 112.
21.94000, 88.
21.95000, 90.
21.96000, 103.
21.97000, 82.
21.98000, 93.
21.99000, 105.
22.00000, 90.
22.01000, 93.
22.02000, 100.
22.03000, 84.
22.04000, 100.
22.05000, 90.
22.06000, 84.
22.07000, 102.
22.08000, 100.
22.09000, 88.
22.10000, 97.
22.11000, 98.
22.12000, 87.
22.13000, 100.
22.14000, 74.
22.15000, 83.
22.16000, 75.
22.17000, 74.
22.18000, 100.
22.19000, 73.
22.20000, 97.
22.21000, 75.
22.22000, 84.
22.23000, 91.
22.24000, 74.
22.25000, 79.
22.26000, 76.
22.27000, 77.
22.28000, 88.
22.29000, 93.
22.30000, 80.
22.31000, 82.
22.32000, 81.
22.33000, 86.
22.34000, 78.
22.35000, 99.
22.36000, 101.
22.37000, 74.
22.38000, 94.
22.39000, 84.
22.40000, 79.
22.41000, 79.
22.42000, 79.
22.43000, 86.
22.44000, 88.
22.45000, 82.
22.46000, 91.
22.47000, 86.
22.48000, 88.
22.49000, 80.
22.50000, 76.
22.51000, 97.
22.52000, 108.
22.53000, 110.
22.54000, 93.
22.55000, 94.
22.56000, 100.
22.57000, 130.
22.58000, 119.
22.59000, 139.
22.60000, 115.
22.61000, 137.
22.62000, 136.
22.63000, 138.
22.64000, 150.
22.65000, 118.
22.66000, 140.
22.67000, 153.
22.68000, 155.
22.69000, 126.
22.70000, 138.
22.71000, 128.
22.72000, 126.
22.73000, 140.
22.74000, 125.
22.75000, 124.
22.76000, 113.
22.77000, 94.
22.78000, 111.
22.79000, 115.
22.80000, 88.
22.81000, 114.
22.82000, 87.
22.83000, 91.
22.84000, 84.
22.85000, 66.
22.86000, 80.
22.87000, 85.
22.88000, 89.
22.89000, 78.
22.90000, 79.
22.91000, 82.
22.92000, 73.
22.93000, 85.
22.94000, 82.
22.95000, 69.
22.96000, 85.
22.97000, 77.
22.98000, 64.
22.99000, 79.
23.00000, 82.
23.01000, 67.
23.02000, 67.
23.03000, 84.
23.04000, 69.
23.05000, 76.
23.06000, 74.
23.07000, 67.
23.08000, 79.
23.09000, 83.
23.10000, 70.
23.11000, 77.
23.12000, 76.
23.13000, 72.
23.14000, 75.
23.15000, 72.
23.16000, 88.
23.17000, 73.
23.18000, 81.
23.19000, 71.
23.20000, 72.
23.21000, 59.
23.22000, 68.
23.23000, 65.
23.24000, 67.
23.25000, 57.
23.26000, 67.
23.27000, 63.
23.28000, 81.
23.29000, 62.
23.30000, 77.
23.31000, 73.
23.32000, 58.
23.33000, 67.
23.34000, 57.
23.35000, 59.
23.36000, 73.
23.37000, 73.
23.38000, 64.
23.39000, 65.
23.40000, 56.
23.41000, 66.
23.42000, 65.
23.43000, 64.
23.44000, 74.
23.45000, 68.
23.46000, 63.
23.47000, 75.
23.48000, 72.
23.49000, 67.
23.50000, 64.
23.51000, 60.
23.52000, 59.
23.53000, 62.
23.54000, 56.
23.55000, 57.
23.56000, 76.
23.57000, 67.
23.58000, 68.
23.59000, 73.
23.60000, 56.
23.61000, 67.
23.62000, 75.
23.63000, 54.
23.64000, 60.
23.65000, 65.
23.66000, 70.
23.67000, 60.
23.68000, 73.
23.69000, 65.
23.70000, 55.
23.71000, 73.
23.72000, 46.
23.73000, 55.
23.74000, 65.
23.75000, 66.
23.76000, 67.
23.77000, 62.
23.78000, 59.
23.79000, 83.
23.80000, 58.
23.81000, 66.
23.82000, 62.
23.83000, 72.
23.84000, 59.
23.85000, 60.
23.86000, 58.
23.87000, 70.
23.88000, 57.
23.89000, 63.
23.90000, 77.
23.91000, 70.
23.92000, 74.
23.93000, 75.
23.94000, 55.
23.95000, 65.
23.96000, 58.
23.97000, 66.
23.98000, 59.
23.99000, 57.
24.00000, 67.
24.01000, 62.
24.02000, 56.
24.03000, 69.
24.04000, 58.
24.05000, 63.
24.06000, 76.
24.07000, 60.
24.08000, 45.
24.09000, 57.
24.10000, 61.
24.11000, 70.
24.12000, 58.
24.13000, 65.
24.14000, 54.
24.15000, 53.
24.16000, 68.
24.17000, 58.
24.18000, 60.
24.19000, 60.
24.20000, 54.
24.21000, 69.
24.22000, 60.
24.23000, 53.
24.24000, 53.
24.25000, 56.
24.26000, 61.
24.27000, 58.
24.28000, 69.
24.29000, 60.
24.30000, 65.
24.31000, 62.
24.32000, 50.
24.33000, 61.
24.34000, 56.
24.35000, 61.
24.36000, 50.
24.37000, 57.
24.38000, 65.
24.39000, 61.
24.40000, 61.
24.41000, 61.
24.42000, 58.
24.43000, 68.
24.44000, 62.
24.45000, 64.
24.46000, 59.
24.47000, 60.
24.48000, 63.
24.49000, 62.
24.50000, 58.
24.51000, 52.
24.52000, 64.
24.53000, 64.
24.54000, 55.
24.55000, 63.
24.56000, 51.
24.57000, 57.
24.58000, 62.
24.59000, 52.
24.60000, 60.
24.61000, 57.
24.62000, 73.
24.63000, 69.
24.64000, 49.
24.65000, 47.
24.66000, 47.
24.67000, 51.
24.68000, 65.
24.69000, 68.
24.70000, 63.
24.71000, 59.
24.72000, 57.
24.73000, 61.
24.74000, 53.
24.75000, 52.
24.76000, 71.
24.77000, 50.
24.78000, 55.
24.79000, 66.
24.80000, 74.
24.81000, 48.
24.82000, 57.
24.83000, 67.
24.84000, 52.
24.85000, 67.
24.86000, 55.
24.87000, 75.
24.88000, 79.
24.89000, 55.
24.90000, 68.
24.91000, 55.
24.92000, 64.
24.93000, 58.
24.94000, 65.
24.95000, 76.
24.96000, 69.
24.97000, 68.
24.98000, 62.
24.99000, 51.
25.00000, 65.
25.01000, 58.
25.02000, 67.
25.03000, 52.
25.04000, 59.
25.05000, 66.
25.06000, 73.
25.07000, 64.
25.08000, 69.
25.09000, 60.
25.10000, 56.
25.11000, 70.
25.12000, 65.
25.13000, 78.
25.14000, 75.
25.15000, 77.
25.16000, 69.
25.17000, 65.
25.18000, 67.
25.19000, 77.
25.20000, 84.
25.21000, 66.
25.22000, 62.
25.23000, 68.
25.24000, 73.
25.25000, 70.
25.26000, 63.
25.27000, 57.
25.28000, 66.
25.29000, 62.
25.30000, 57.
25.31000, 65.
25.32000, 67.
25.33000, 73.
25.34000, 53.
25.35000, 49.
25.36000, 61.
25.37000, 61.
25.38000, 52.
25.39000, 62.
25.40000, 74.
25.41000, 72.
25.42000, 61.
25.43000, 66.
25.44000, 59.
25.45000, 36.
25.46000, 63.
25.47000, 50.
25.48000, 51.
25.49000, 76.
25.50000, 52.
25.51000, 54.
25.52000, 61.
25.53000, 47.
25.54000, 53.
25.55000, 55.
25.56000, 70.
25.57000, 47.
25.58000, 63.
25.59000, 61.
25.60000, 49.
25.61000, 54.
25.62000, 58.
25.63000, 58.
25.64000, 54.
25.65000, 48.
25.66000, 49.
25.67000, 60.
25.68000, 48.
25.69000, 67.
25.70000, 53.
25.71000, 74.
25.72000, 49.
25.73000, 56.
25.74000, 59.
25.75000, 49.
25.76000, 52.
25.77000, 53.
25.78000, 57.
25.79000, 36.
25.80000, 42.
25.81000, 45.
25.82000, 64.
25.83000, 57.
25.84000, 41.
25.85000, 57.
25.86000, 57.
25.87000, 50.
25.88000, 56.
25.89000, 50.
25.90000, 55.
25.91000, 59.
25.92000, 52.
25.93000, 64.
25.94000, 62.
25.95000, 54.
25.96000, 45.
25.97000, 56.
25.98000, 40.
25.99000, 54.
26.00000, 48.
26.01000, 39.
26.02000, 45.
26.03000, 40.
26.04000, 49.
26.05000, 46.
26.06000, 55.
26.07000, 45.
26.08000, 59.
26.09000, 48.
26.10000, 43.
26.11000, 57.
26.12000, 56.
26.13000, 60.
26.14000, 56.
26.15000, 64.
26.16000, 54.
26.17000, 62.
26.18000, 61.
26.19000, 73.
26.20000, 55.
26.21000, 66.
26.22000, 52.
26.23000, 46.
26.24000, 59.
26.25000, 39.
26.26000, 54.
26.27000, 47.
26.28000, 39.
26.29000, 49.
26.30000, 46.
26.31000, 55.
26.32000, 65.
26.33000, 51.
26.34000, 57.
26.35000, 50.
26.36000, 45.
26.37000, 55.
26.38000, 50.
26.39000, 55.
26.40000, 49.
26.41000, 50.
26.42000, 56.
26.43000, 59.
26.44000, 52.
26.45000, 44.
26.46000, 46.
26.47000, 45.
26.48000, 57.
26.49000, 50.
26.50000, 56.
26.51000, 51.
26.52000, 47.
26.53000, 43.
26.54000, 61.
26.55000, 46.
26.56000, 48.
26.57000, 55.
26.58000, 47.
26.59000, 32.
26.60000, 52.
26.61000, 64.
26.62000, 53.
26.63000, 54.
26.64000, 53.
26.65000, 59.
26.66000, 57.
26.67000, 70.
26.68000, 38.
26.69000, 39.
26.70000, 56.
26.71000, 57.
26.72000, 45.
26.73000, 37.
26.74000, 49.
26.75000, 45.
26.76000, 42.
26.77000, 56.
26.78000, 57.
26.79000, 39.
26.80000, 46.
26.81000, 48.
26.82000, 49.
26.83000, 49.
26.84000, 47.
26.85000, 55.
26.86000, 55.
26.87000, 49.
26.88000, 52.
26.89000, 56.
26.90000, 53.
26.91000, 57.
26.92000, 50.
26.93000, 46.
26.94000, 49.
26.95000, 39.
26.96000, 46.
26.97000, 54.
26.98000, 57.
26.99000, 51.
27.00000, 52.
27.01000, 46.
27.02000, 43.
27.03000, 58.
27.04000, 38.
27.05000, 41.
27.06000, 57.
27.07000, 55.
27.08000, 48.
27.09000, 47.
27.10000, 54.
27.11000, 43.
27.12000, 38.
27.13000, 51.
27.14000, 53.
27.15000, 39.
27.16000, 47.
27.17000, 60.
27.18000, 56.
27.19000, 42.
27.20000, 46.
27.21000, 50.
27.22000, 42.
27.23000, 45.
27.24000, 46.
27.25000, 34.
27.26000, 44.
27.27000, 54.
27.28000, 38.
27.29000, 48.
27.30000, 56.
27.31000, 50.
27.32000, 49.
27.33000, 45.
27.34000, 37.
27.35000, 55.
27.36000, 33.
27.37000, 48.
27.38000, 37.
27.39000, 47.
27.40000, 52.
27.41000, 42.
27.42000, 49.
27.43000, 47.
27.44000, 34.
27.45000, 58.
27.46000, 56.
27.47000, 47.
27.48000, 58.
27.49000, 39.
27.50000, 33.
27.51000, 40.
27.52000, 51.
27.53000, 47.
27.54000, 49.
27.55000, 49.
27.56000, 47.
27.57000, 45.
27.58000, 52.
27.59000, 44.
27.60000, 40.
27.61000, 50.
27.62000, 48.
27.63000, 32.
27.64000, 41.
27.65000, 54.
27.66000, 43.
27.67000, 36.
27.68000, 38.
27.69000, 50.
27.70000, 41.
27.71000, 35.
27.72000, 38.
27.73000, 46.
27.74000, 53.
27.75000, 33.
27.76000, 46.
27.77000, 52.
27.78000, 46.
27.79000, 40.
27.80000, 33.
27.81000, 48.
27.82000, 41.
27.83000, 49.
27.84000, 44.
27.85000, 57.
27.86000, 42.
27.87000, 44.
27.88000, 46.
27.89000, 41.
27.90000, 54.
27.91000, 48.
27.92000, 26.
27.93000, 41.
27.94000, 27.
27.95000, 40.
27.96000, 40.
27.97000, 45.
27.98000, 40.
27.99000, 39.
28.00000, 41.
28.01000, 29.
28.02000, 45.
28.03000, 43.
28.04000, 44.
28.05000, 39.
28.06000, 34.
28.07000, 35.
28.08000, 42.
28.09000, 41.
28.10000, 44.
28.11000, 47.
28.12000, 39.
28.13000, 42.
28.14000, 48.
28.15000, 41.
28.16000, 37.
28.17000, 49.
28.18000, 50.
28.19000, 56.
28.20000, 35.
28.21000, 59.
28.22000, 35.
28.23000, 48.
28.24000, 44.
28.25000, 52.
28.26000, 43.
28.27000, 46.
28.28000, 41.
28.29000, 42.
28.30000, 66.
28.31000, 42.
28.32000, 27.
28.33000, 41.
28.34000, 43.
28.35000, 48.
28.36000, 37.
28.37000, 39.
28.38000, 48.
28.39000, 59.
28.40000, 47.
28.41000, 34.
28.42000, 42.
28.43000, 40.
28.44000, 38.
28.45000, 47.
28.46000, 40.
28.47000, 34.
28.48000, 52.
28.49000, 40.
28.50000, 34.
28.51000, 32.
28.52000, 45.
28.53000, 37.
28.54000, 47.
28.55000, 42.
28.56000, 46.
28.57000, 54.
28.58000, 48.
28.59000, 38.
28.60000, 32.
28.61000, 25.
28.62000, 34.
28.63000, 36.
28.64000, 37.
28.65000, 37.
28.66000, 46.
28.67000, 49.
28.68000, 36.
28.69000, 44.
28.70000, 39.
28.71000, 42.
28.72000, 57.
28.73000, 42.
28.74000, 34.
28.75000, 26.
28.76000, 48.
28.77000, 34.
28.78000, 47.
28.79000, 43.
28.80000, 44.
28.81000, 38.
28.82000, 43.
28.83000, 39.
28.84000, 43.
28.85000, 34.
28.86000, 36.
28.87000, 38.
28.88000, 28.
28.89000, 38.
28.90000, 38.
28.91000, 38.
28.92000, 46.
28.93000, 39.
28.94000, 40.
28.95000, 45.
28.96000, 32.
28.97000, 39.
28.98000, 28.
28.99000, 25.
29.00000, 48.
29.01000, 42.
29.02000, 28.
29.03000, 39.
29.04000, 44.
29.05000, 39.
29.06000, 42.
29.07000, 60.
29.08000, 35.
29.09000, 41.
29.10000, 34.
29.11000, 39.
29.12000, 38.
29.13000, 32.
29.14000, 33.
29.15000, 37.
29.16000, 37.
29.17000, 38.
29.18000, 46.
29.19000, 40.
29.20000, 34.
29.21000, 30.
29.22000, 34.
29.23000, 43.
29.24000, 43.
29.25000, 44.
29.26000, 33.
29.27000, 42.
29.28000, 34.
29.29000, 40.
29.30000, 39.
29.31000, 32.
29.32000, 46.
29.33000, 37.
29.34000, 37.
29.35000, 42.
29.36000, 48.
29.37000, 33.
29.38000, 39.
29.39000, 42.
29.40000, 48.
29.41000, 36.
29.42000, 40.
29.43000, 32.
29.44000, 49.
29.45000, 28.
29.46000, 36.
29.47000, 35.
29.48000, 28.
29.49000, 28.
29.50000, 40.
29.51000, 30.
29.52000, 32.
29.53000, 44.
29.54000, 36.
29.55000, 50.
29.56000, 33.
29.57000, 28.
29.58000, 38.
29.59000, 40.
29.60000, 25.
29.61000, 29.
29.62000, 33.
29.63000, 31.
29.64000, 34.
29.65000, 36.
29.66000, 33.
29.67000, 47.
29.68000, 34.
29.69000, 33.
29.70000, 37.
29.71000, 31.
29.72000, 38.
29.73000, 33.
29.74000, 41.
29.75000, 31.
29.76000, 33.
29.77000, 39.
29.78000, 34.
29.79000, 27.
29.80000, 37.
29.81000, 43.
29.82000, 29.
29.83000, 50.
29.84000, 40.
29.85000, 41.
29.86000, 32.
29.87000, 39.
29.88000, 31.
29.89000, 42.
29.90000, 32.
29.91000, 42.
29.92000, 39.
29.93000, 32.
29.94000, 49.
29.95000, 34.
29.96000, 34.
29.97000, 33.
29.98000, 32.
29.99000, 35.
30.00000, 28.
30.01000, 40.
30.02000, 25.
30.03000, 31.
30.04000, 37.
30.05000, 32.
30.06000, 44.
30.07000, 24.
30.08000, 28.
30.09000, 33.
30.10000, 28.
30.11000, 47.
30.12000, 34.
30.13000, 29.
30.14000, 43.
30.15000, 35.
30.16000, 32.
30.17000, 31.
30.18000, 37.
30.19000, 40.
30.20000, 28.
30.21000, 34.
30.22000, 31.
30.23000, 34.
30.24000, 30.
30.25000, 35.
30.26000, 36.
30.27000, 31.
30.28000, 22.
30.29000, 33.
30.30000, 35.
30.31000, 26.
30.32000, 37.
30.33000, 35.
30.34000, 34.
30.35000, 29.
30.36000, 40.
30.37000, 35.
30.38000, 34.
30.39000, 35.
30.40000, 37.
30.41000, 39.
30.42000, 27.
30.43000, 16.
30.44000, 26.
30.45000, 32.
30.46000, 40.
30.47000, 31.
30.48000, 24.
30.49000, 34.
30.50000, 34.
30.51000, 34.
30.52000, 34.
30.53000, 36.
30.54000, 30.
30.55000, 28.
30.56000, 29.
30.57000, 25.
30.58000, 29.
30.59000, 20.
30.60000, 26.
30.61000, 25.
30.62000, 33.
30.63000, 44.
30.64000, 31.
30.65000, 41.
30.66000, 29.
30.67000, 31.
30.68000, 27.
30.69000, 34.
30.70000, 25.
30.71000, 32.
30.72000, 22.
30.73000, 28.
30.74000, 34.
30.75000, 40.
30.76000, 37.
30.77000, 30.
30.78000, 32.
30.79000, 35.
30.80000, 29.
30.81000, 22.
30.82000, 26.
30.83000, 18.
30.84000, 25.
30.85000, 40.
30.86000, 28.
30.87000, 24.
30.88000, 31.
30.89000, 28.
30.90000, 33.
30.91000, 37.
30.92000, 27.
30.93000, 31.
30.94000, 33.
30.95000, 19.
30.96000, 37.
30.97000, 29.
30.98000, 32.
30.99000, 26.
31.00000, 22.
31.01000, 37.
31.02000, 31.
31.03000, 33.
31.04000, 31.
31.05000, 35.
31.06000, 14.
31.07000, 31.
31.08000, 26.
31.09000, 30.
31.10000, 29.
31.11000, 28.
31.12000, 23.
31.13000, 21.
31.14000, 20.
31.15000, 32.
31.16000, 34.
31.17000, 35.
31.18000, 29.
31.19000, 26.
31.20000, 23.
31.21000, 31.
31.22000, 18.
31.23000, 35.
31.24000, 33.
31.25000, 21.
31.26000, 29.
31.27000, 29.
31.28000, 33.
31.29000, 26.
31.30000, 33.
31.31000, 30.
31.32000, 24.
31.33000, 21.
31.34000, 28.
31.35000, 31.
31.36000, 29.
31.37000, 17.
31.38000, 33.
31.39000, 37.
31.40000, 21.
31.41000, 33.
31.42000, 25.
31.43000, 23.
31.44000, 18.
31.45000, 25.
31.46000, 31.
31.47000, 27.
31.48000, 31.
31.49000, 29.
31.50000, 22.
31.51000, 21.
31.52000, 28.
31.53000, 28.
31.54000, 29.
31.55000, 20.
31.56000, 24.
31.57000, 24.
31.58000, 25.
31.59000, 27.
31.60000, 33.
31.61000, 29.
31.62000, 28.
31.63000, 25.
31.64000, 34.
31.65000, 26.
31.66000, 35.
31.67000, 28.
31.68000, 24.
31.69000, 39.
31.70000, 42.
31.71000, 31.
31.72000, 23.
31.73000, 34.
31.74000, 32.
31.75000, 36.
31.76000, 27.
31.77000, 36.
31.78000, 20.
31.79000, 33.
31.80000, 30.
31.81000, 28.
31.82000, 31.
31.83000, 33.
31.84000, 26.
31.85000, 20.
31.86000, 36.
31.87000, 25.
31.88000, 29.
31.89000, 27.
31.90000, 29.
31.91000, 30.
31.92000, 33.
31.93000, 39.
31.94000, 35.
31.95000, 33.
31.96000, 29.
31.97000, 27.
31.98000, 17.
31.99000, 32.
32.00000, 30.
32.01000, 29.
32.02000, 37.
32.03000, 21.
32.04000, 36.
32.05000, 31.
32.06000, 32.
32.07000, 34.
32.08000, 32.
32.09000, 29.
32.10000, 41.
32.11000, 24.
32.12000, 24.
32.13000, 39.
32.14000, 32.
32.15000, 40.
32.16000, 44.
32.17000, 26.
32.18000, 27.
32.19000, 30.
32.20000, 29.
32.21000, 44.
32.22000, 27.
32.23000, 24.
32.24000, 36.
32.25000, 40.
32.26000, 27.
32.27000, 23.
32.28000, 25.
32.29000, 33.
32.30000, 29.
32.31000, 32.
32.32000, 29.
32.33000, 27.
32.34000, 27.
32.35000, 37.
32.36000, 19.
32.37000, 25.
32.38000, 24.
32.39000, 18.
32.40000, 19.
32.41000, 25.
32.42000, 28.
32.43000, 24.
32.44000, 23.
32.45000, 31.
32.46000, 25.
32.47000, 20.
32.48000, 23.
32.49000, 30.
32.50000, 27.
32.51000, 20.
32.52000, 19.
32.53000, 21.
32.54000, 18.
32.55000, 22.
32.56000, 29.
32.57000, 29.
32.58000, 13.
32.59000, 28.
32.60000, 19.
32.61000, 31.
32.62000, 34.
32.63000, 27.
32.64000, 21.
32.65000, 18.
32.66000, 22.
32.67000, 28.
32.68000, 26.
32.69000, 17.
32.70000, 20.
32.71000, 22.
32.72000, 29.
32.73000, 26.
32.74000, 25.
32.75000, 24.
32.76000, 27.
32.77000, 21.
32.78000, 29.
32.79000, 16.
32.80000, 25.
32.81000, 20.
32.82000, 24.
32.83000, 26.
32.84000, 31.
32.85000, 27.
32.86000, 27.
32.87000, 19.
32.88000, 23.
32.89000, 22.
32.90000, 12.
32.91000, 29.
32.92000, 19.
32.93000, 24.
32.94000, 28.
32.95000, 28.
32.96000, 20.
32.97000, 20.
32.98000, 28.
32.99000, 23.
33.00000, 37.
33.01000, 29.
33.02000, 28.
33.03000, 18.
33.04000, 20.
33.05000, 32.
33.06000, 19.
33.07000, 30.
33.08000, 23.
33.09000, 19.
33.10000, 25.
33.11000, 26.
33.12000, 23.
33.13000, 13.
33.14000, 20.
33.15000, 25.
33.16000, 21.
33.17000, 20.
33.18000, 18.
33.19000, 19.
33.20000, 18.
33.21000, 21.
33.22000, 27.
33.23000, 27.
33.24000, 16.
33.25000, 24.
33.26000, 28.
33.27000, 17.
33.28000, 18.
33.29000, 23.
33.30000, 28.
33.31000, 29.
33.32000, 24.
33.33000, 31.
33.34000, 19.
33.35000, 21.
33.36000, 24.
33.37000, 25.
33.38000, 24.
33.39000, 22.
33.40000, 19.
33.41000, 22.
33.42000, 19.
33.43000, 27.
33.44000, 23.
33.45000, 17.
33.46000, 29.
33.47000, 23.
33.48000, 22.
33.49000, 26.
33.50000, 18.
33.51000, 15.
33.52000, 18.
33.53000, 21.
33.54000, 16.
33.55000, 11.
33.56000, 16.
33.57000, 21.
33.58000, 19.
33.59000, 29.
33.60000, 12.
33.61000, 11.
33.62000, 32.
33.63000, 22.
33.64000, 26.
33.65000, 20.
33.66000, 21.
33.67000, 19.
33.68000, 18.
33.69000, 16.
33.70000, 10.
33.71000, 16.
33.72000, 23.
33.73000, 28.
33.74000, 24.
33.75000, 21.
33.76000, 13.
33.77000, 23.
33.78000, 21.
33.79000, 17.
33.80000, 22.
33.81000, 25.
33.82000, 7.
33.83000, 28.
33.84000, 12.
33.85000, 21.
33.86000, 20.
33.87000, 13.
33.88000, 31.
33.89000, 21.
33.90000, 21.
33.91000, 25.
33.92000, 20.
33.93000, 23.
33.94000, 18.
33.95000, 19.
33.96000, 21.
33.97000, 25.
33.98000, 16.
33.99000, 21.
34.00000, 17.
34.01000, 18.
34.02000, 14.
34.03000, 14.
34.04000, 10.
34.05000, 17.
34.06000, 16.
34.07000, 10.
34.08000, 18.
34.09000, 12.
34.10000, 18.
34.11000, 16.
34.12000, 21.
34.13000, 17.
34.14000, 16.
34.15000, 10.
34.16000, 18.
34.17000, 26.
34.18000, 24.
34.19000, 24.
34.20000, 28.
34.21000, 15.
34.22000, 12.
34.23000, 18.
34.24000, 20.
34.25000, 17.
34.26000, 18.
34.27000, 19.
34.28000, 22.
34.29000, 28.
34.30000, 12.
34.31000, 17.
34.32000, 26.
34.33000, 24.
34.34000, 14.
34.35000, 15.
34.36000, 20.
34.37000, 21.
34.38000, 14.
34.39000, 23.
34.40000, 17.
34.41000, 19.
34.42000, 9.
34.43000, 16.
34.44000, 14.
34.45000, 16.
34.46000, 16.
34.47000, 25.
34.48000, 13.
34.49000, 21.
34.50000, 25.
34.51000, 7.
34.52000, 19.
34.53000, 14.
34.54000, 20.
34.55000, 19.
34.56000, 18.
34.57000, 23.
34.58000, 19.
34.59000, 16.
34.60000, 24.
34.61000, 21.
34.62000, 14.
34.63000, 18.
34.64000, 19.
34.65000, 19.
34.66000, 19.
34.67000, 18.
34.68000, 16.
34.69000, 16.
34.70000, 18.
34.71000, 14.
34.72000, 21.
34.73000, 19.
34.74000, 20.
34.75000, 12.
34.76000, 17.
34.77000, 17.
34.78000, 13.
34.79000, 21.
34.80000, 18.
34.81000, 23.
34.82000, 15.
34.83000, 21.
34.84000, 26.
34.85000, 17.
34.86000, 17.
34.87000, 18.
34.88000, 16.
34.89000, 14.
34.90000, 18.
34.91000, 16.
34.92000, 24.
34.93000, 12.
34.94000, 17.
34.95000, 25.
34.96000, 24.
34.97000, 15.
34.98000, 13.
34.99000, 12.
35.00000, 13.
35.01000, 14.
35.02000, 17.
35.03000, 11.
35.04000, 15.
35.05000, 13.
35.06000, 20.
35.07000, 17.
35.08000, 16.
35.09000, 20.
35.10000, 16.
35.11000, 16.
35.12000, 19.
35.13000, 18.
35.14000, 12.
35.15000, 18.
35.16000, 21.
35.17000, 5.
35.18000, 19.
35.19000, 14.
35.20000, 17.
35.21000, 18.
35.22000, 20.
35.23000, 18.
35.24000, 20.
35.25000, 17.
35.26000, 16.
35.27000, 17.
35.28000, 17.
35.29000, 21.
35.30000, 16.
35.31000, 15.
35.32000, 7.
35.33000, 18.
35.34000, 17.
35.35000, 18.
35.36000, 14.
35.37000, 16.
35.38000, 12.
35.39000, 14.
35.40000, 15.
35.41000, 14.
35.42000, 12.
35.43000, 14.
35.44000, 11.
35.45000, 15.
35.46000, 17.
35.47000, 8.
35.48000, 15.
35.49000, 13.
35.50000, 16.
35.51000, 15.
35.52000, 16.
35.53000, 14.
35.54000, 18.
35.55000, 9.
35.56000, 11.
35.57000, 12.
35.58000, 14.
35.59000, 14.
35.60000, 15.
35.61000, 23.
35.62000, 10.
35.63000, 16.
35.64000, 14.
35.65000, 11.
35.66000, 14.
35.67000, 14.
35.68000, 17.
35.69000, 14.
35.70000, 18.
35.71000, 20.
35.72000, 10.
35.73000, 6.
35.74000, 16.
35.75000, 14.
35.76000, 18.
35.77000, 11.
35.78000, 9.
35.79000, 15.
35.80000, 10.
35.81000, 11.
35.82000, 11.
35.83000, 12.
35.84000, 12.
35.85000, 9.
35.86000, 16.
35.87000, 10.
35.88000, 14.
35.89000, 9.
35.90000, 9.
35.91000, 13.
35.92000, 13.
35.93000, 11.
35.94000, 14.
35.95000, 15.
35.96000, 13.
35.97000, 10.
35.98000, 17.
35.99000, 13.
36.00000, 14.
36.01000, 11.
36.02000, 10.
36.03000, 22.
36.04000, 9.
36.05000, 19.
36.06000, 10.
36.07000, 13.
36.08000, 14.
36.09000, 10.
36.10000, 19.
36.11000, 15.
36.12000, 9.
36.13000, 20.
36.14000, 14.
36.15000, 20.
36.16000, 20.
36.17000, 14.
36.18000, 17.
36.19000, 13.
36.20000, 10.
36.21000, 14.
36.22000, 13.
36.23000, 12.
36.24000, 11.
36.25000, 19.
36.26000, 13.
36.27000, 16.
36.28000, 14.
36.29000, 9.
36.30000, 10.
36.31000, 12.
36.32000, 12.
36.33000, 11.
36.34000, 8.
36.35000, 15.
36.36000, 8.
36.37000, 9.
36.38000, 11.
36.39000, 13.
36.40000, 10.
36.41000, 13.
36.42000, 11.
36.43000, 20.
36.44000, 18.
36.45000, 15.
36.46000, 13.
36.47000, 12.
36.48000, 13.
36.49000, 11.
36.50000, 10.
36.51000, 12.
36.52000, 12.
36.53000, 10.
36.54000, 10.
36.55000, 16.
36.56000, 9.
36.57000, 14.
36.58000, 12.
36.59000, 10.
36.60000, 6.
36.61000, 20.
36.62000, 15.
36.63000, 14.
36.64000, 15.
36.65000, 17.
36.66000, 9.
36.67000, 9.
36.68000, 8.
36.69000, 10.
36.70000, 9.
36.71000, 10.
36.72000, 14.
36.73000, 13.
36.74000, 13.
36.75000, 13.
36.76000, 8.
36.77000, 10.
36.78000, 13.
36.79000, 7.
36.80000, 14.
36.81000, 6.
36.82000, 15.
36.83000, 7.
36.84000, 11.
36.85000, 11.
36.86000, 14.
36.87000, 14.
36.88000, 15.
36.89000, 14.
36.90000, 13.
36.91000, 14.
36.92000, 10.
36.93000, 10.
36.94000, 11.
36.95000, 10.
36.96000, 9.
36.97000, 8.
36.98000, 13.
36.99000, 7.
37.00000, 11.
37.01000, 8.
37.02000, 15.
37.03000, 12.
37.04000, 12.
37.05000, 9.
37.06000, 17.
37.07000, 11.
37.08000, 14.
37.09000, 16.
37.10000, 11.
37.11000, 8.
37.12000, 17.
37.13000, 6.
37.14000, 10.
37.15000, 8.
37.16000, 7.
37.17000, 7.
37.18000, 12.
37.19000, 7.
37.20000, 15.
37.21000, 7.
37.22000, 11.
37.23000, 7.
37.24000, 7.
37.25000, 15.
37.26000, 10.
37.27000, 5.
37.28000, 8.
37.29000, 15.
37.30000, 16.
37.31000, 4.
37.32000, 7.
37.33000, 16.
37.34000, 10.
37.35000, 11.
37.36000, 11.
37.37000, 9.
37.38000, 12.
37.39000, 10.
37.40000, 7.
37.41000, 13.
37.42000, 6.
37.43000, 16.
37.44000, 11.
37.45000, 12.
37.46000, 8.
37.47000, 9.
37.48000, 8.
37.49000, 13.
37.50000, 17.
37.51000, 18.
37.52000, 16.
37.53000, 14.
37.54000, 5.
37.55000, 9.
37.56000, 10.
37.57000, 4.
37.58000, 9.
37.59000, 8.
37.60000, 9.
37.61000, 9.
37.62000, 11.
37.63000, 6.
37.64000, 6.
37.65000, 10.
37.66000, 12.
37.67000, 12.
37.68000, 15.
37.69000, 15.
37.70000, 13.
37.71000, 9.
37.72000, 8.
37.73000, 10.
37.74000, 6.
37.75000, 7.
37.76000, 3.
37.77000, 10.
37.78000, 5.
37.79000, 10.
37.80000, 9.
37.81000, 9.
37.82000, 16.
37.83000, 11.
37.84000, 11.
37.85000, 13.
37.86000, 14.
37.87000, 12.
37.88000, 10.
37.89000, 8.
37.90000, 10.
37.91000, 12.
37.92000, 11.
37.93000, 7.
37.94000, 11.
37.95000, 11.
37.96000, 12.
37.97000, 7.
37.98000, 8.
37.99000, 11.
38.00000, 12.
38.01000, 6.
38.02000, 10.
38.03000, 7.
38.04000, 12.
38.05000, 8.
38.06000, 9.
38.07000, 9.
38.08000, 6.
38.09000, 11.
38.10000, 9.
38.11000, 8.
38.12000, 9.
38.13000, 9.
38.14000, 9.
38.15000, 12.
38.16000, 7.
38.17000, 5.
38.18000, 16.
38.19000, 7.
38.20000, 8.
38.21000, 4.
38.22000, 7.
38.23000, 11.
38.24000, 8.
38.25000, 7.
38.26000, 7.
38.27000, 9.
38.28000, 11.
38.29000, 8.
38.30000, 7.
38.31000, 11.
38.32000, 8.
38.33000, 7.
38.34000, 6.
38.35000, 8.
38.36000, 10.
38.37000, 9.
38.38000, 10.
38.39000, 9.
38.40000, 9.
38.41000, 8.
38.42000, 12.
38.43000, 6.
38.44000, 11.
38.45000, 6.
38.46000, 5.
38.47000, 11.
38.48000, 12.
38.49000, 6.
38.50000, 4.
38.51000, 10.
38.52000, 15.
38.53000, 6.
38.54000, 7.
38.55000, 8.
38.56000, 3.
38.57000, 7.
38.58000, 12.
38.59000, 14.
38.60000, 5.
38.61000, 7.
38.62000, 4.
38.63000, 6.
38.64000, 8.
38.65000, 6.
38.66000, 6.
38.67000, 6.
38.68000, 7.
38.69000, 6.
38.70000, 10.
38.71000, 5.
38.72000, 5.
38.73000, 10.
38.74000, 11.
38.75000, 9.
38.76000, 3.
38.77000, 6.
38.78000, 6.
38.79000, 9.
38.80000, 6.
38.81000, 3.
38.82000, 6.
38.83000, 10.
38.84000, 10.
38.85000, 9.
38.86000, 10.
38.87000, 3.
38.88000, 10.
38.89000, 8.
38.90000, 8.
38.91000, 6.
38.92000, 7.
38.93000, 3.
38.94000, 9.
38.95000, 9.
38.96000, 10.
38.97000, 6.
38.98000, 8.
38.99000, 8.
39.00000, 6.
39.01000, 6.
39.02000, 6.
39.03000, 5.
39.04000, 8.
39.05000, 10.
39.06000, 6.
39.07000, 3.
39.08000, 7.
39.09000, 5.
39.10000, 5.
39.11000, 10.
39.12000, 7.
39.13000, 8.
39.14000, 3.
39.15000, 4.
39.16000, 8.
39.17000, 10.
39.18000, 4.
39.19000, 5.
39.20000, 9.
39.21000, 7.
39.22000, 11.
39.23000, 8.
39.24000, 6.
39.25000, 5.
39.26000, 4.
39.27000, 11.
39.28000, 5.
39.29000, 5.
39.30000, 5.
39.31000, 7.
39.32000, 8.
39.33000, 4.
39.34000, 8.
39.35000, 9.
39.36000, 4.
39.37000, 6.
39.38000, 9.
39.39000, 4.
39.40000, 6.
39.41000, 8.
39.42000, 7.
39.43000, 7.
39.44000, 5.
39.45000, 2.
39.46000, 11.
39.47000, 6.
39.48000, 6.
39.49000, 4.
39.50000, 5.
39.51000, 7.
39.52000, 11.
39.53000, 3.
39.54000, 5.
39.55000, 7.
39.56000, 11.
39.57000, 2.
39.58000, 4.
39.59000, 6.
39.60000, 5.
39.61000, 5.
39.62000, 4.
39.63000, 4.
39.64000, 7.
39.65000, 5.
39.66000, 4.
39.67000, 6.
39.68000, 2.
39.69000, 5.
39.70000, 4.
39.71000, 7.
39.72000, 3.
39.73000, 4.
39.74000, 6.
39.75000, 2.
39.76000, 4.
39.77000, 3.
39.78000, 7.
39.79000, 9.
39.80000, 4.
39.81000, 2.
39.82000, 6.
39.83000, 6.
39.84000, 4.
39.85000, 8.
39.86000, 9.
39.87000, 2.
39.88000, 6.
39.89000, 7.
39.90000, 6.
39.91000, 4.
39.92000, 7.
39.93000, 8.
39.94000, 5.
39.95000, 8.
39.96000, 5.
39.97000, 4.
39.98000, 5.
39.99000, 8.
40.00000, 12.
40.01000, 5.
40.02000, 4.
40.03000, 6.
40.04000, 7.
40.05000, 6.
40.06000, 3.
40.07000, 4.
40.08000, 4.
40.09000, 9.
40.10000, 9.
40.11000, 4.
40.12000, 5.
40.13000, 5.
40.14000, 6.
40.15000, 5.
40.16000, 3.
40.17000, 3.
40.18000, 6.
40.19000, 6.
40.20000, 9.
40.21000, 3.
40.22000, 6.
40.23000, 2.
40.24000, 3.
40.25000, 6.
40.26000, 4.
40.27000, 4.
40.28000, 6.
40.29000, 3.
40.30000, 9.
40.31000, 6.
40.32000, 5.
40.33000, 2.
40.34000, 5.
40.35000, 8.
40.36000, 7.
40.37000, 4.
40.38000, 3.
40.39000, 3.
40.40000, 5.
40.41000, 4.
40.42000, 2.
40.43000, 3.
40.44000, 3.
40.45000, 3.
40.46000, 3.
40.47000, 7.
40.48000, 7.
40.49000, 3.
40.50000, 1.
40.51000, 6.
40.52000, 3.
40.53000, 2.
40.54000, 5.
40.55000, 0.
#ENDOFDATA   : 
