#FORMAT      : EMSA/MAS Spectral Data File
#VERSION     : 1.0
#TITLE       : oreas 460b 4
#DATE        : 23-JUL-2026
#TIME        : 11:34
#OWNER       : XGT7200
#NPOINTS     : 4096.
#NCOLUMNS    : 1.
#XUNITS      : keV
#YUNITS      : counts
#DATATYPE    : XY
#XPERCHAN    : 0.0100000
#OFFSET      : -0.400000
#SIGNALTYPE  : EDS
#CHOFFSET    : 40.0000
#LIVETIME    : 30.000000
#REALTIME    : 39.867474
#BEAMKV      : 50.0000
#PROBECUR    : 601000.
#MAGCAM      : 100.000
#XTILTSTGE   : 0.0
#AZIMANGLE   : 0.0
#ELEVANGLE   : 45.0
#XPOSITION mm: 0.0000
#YPOSITION mm: 0.0000
#ZPOSITION mm: 0.0000
##OXINSTPT   : 4
##OXINSTSTROB: 71.53
##OXINSTELEMS: 13,14,19,20,21,22,26,33,37,38,39,40
##OXINSTLABEL: 26, 6.404, Fe
##OXINSTLABEL: 26, 7.058, Fe
##OXINSTLABEL: 26, 0.705, Fe
##OXINSTLABEL: 26, 0.628, Fe
##OXINSTLABEL: 13, 1.487, Al
##OXINSTLABEL: 14, 1.740, Si
##OXINSTLABEL: 33, 10.544, As
##OXINSTLABEL: 33, 11.726, As
##OXINSTLABEL: 33, 1.282, As
##OXINSTLABEL: 33, 1.155, As
##OXINSTLABEL: 33, 1.120, As
##OXINSTLABEL: 22, 4.511, Ti
##OXINSTLABEL: 22, 4.932, Ti
##OXINSTLABEL: 22, 0.452, Ti
##OXINSTLABEL: 22, 0.401, Ti
##OXINSTLABEL: 40, 15.775, Zr
##OXINSTLABEL: 40, 17.668, Zr
##OXINSTLABEL: 40, 17.970, Zr
##OXINSTLABEL: 40, 2.042, Zr
##OXINSTLABEL: 40, 1.877, Zr
##OXINSTLABEL: 40, 2.503, Zr
##OXINSTLABEL: 40, 1.792, Zr
##OXINSTLABEL: 37, 13.396, Rb
##OXINSTLABEL: 37, 14.962, Rb
##OXINSTLABEL: 37, 1.694, Rb
##OXINSTLABEL: 37, 1.542, Rb
##OXINSTLABEL: 37, 1.482, Rb
##OXINSTLABEL: 19, 3.314, K
##OXINSTLABEL: 19, 3.590, K
##OXINSTLABEL: 19, 0.262, K
##OXINSTLABEL: 38, 14.165, Sr
##OXINSTLABEL: 38, 15.836, Sr
##OXINSTLABEL: 38, 16.085, Sr
##OXINSTLABEL: 38, 1.807, Sr
##OXINSTLABEL: 38, 1.649, Sr
##OXINSTLABEL: 38, 1.582, Sr
##OXINSTLABEL: 20, 3.692, Ca
##OXINSTLABEL: 20, 4.013, Ca
##OXINSTLABEL: 20, 0.341, Ca
##OXINSTLABEL: 20, 0.306, Ca
##OXINSTLABEL: 21, 4.091, Sc
##OXINSTLABEL: 21, 4.460, Sc
##OXINSTLABEL: 21, 0.395, Sc
##OXINSTLABEL: 21, 0.353, Sc
##OXINSTLABEL: 39, 14.959, Y
##OXINSTLABEL: 39, 16.738, Y
##OXINSTLABEL: 39, 17.016, Y
##OXINSTLABEL: 39, 1.923, Y
##OXINSTLABEL: 39, 1.761, Y
##OXINSTLABEL: 39, 1.685, Y
#SPECTRUM    : Spectral Data Starts Here
-0.40000, 0.
-0.39000, 0.
-0.38000, 0.
-0.37000, 0.
-0.36000, 0.
-0.35000, 0.
-0.34000, 0.
-0.33000, 0.
-0.32000, 0.
-0.31000, 0.
-0.30000, 0.
-0.29000, 0.
-0.28000, 0.
-0.27000, 0.
-0.26000, 0.
-0.25000, 0.
-0.24000, 0.
-0.23000, 0.
-0.22000, 0.
-0.21000, 0.
-0.20000, 0.
-0.19000, 0.
-0.18000, 0.
-0.17000, 0.
-0.16000, 0.
-0.15000, 0.
-0.14000, 0.
-0.13000, 0.
-0.12000, 0.
-0.11000, 0.
-0.10000, 0.
-0.09000, 0.
-0.08000, 0.
-0.07000, 0.
-0.06000, 0.
-0.05000, 0.
-0.04000, 0.
-0.03000, 0.
-0.02000, 0.
-0.01000, 0.
0.00000, 0.
0.01000, 0.
0.02000, 0.
0.03000, 0.
0.04000, 0.
0.05000, 0.
0.06000, 0.
0.07000, 0.
0.08000, 0.
0.09000, 0.
0.10000, 0.
0.11000, 0.
0.12000, 0.
0.13000, 0.
0.14000, 0.
0.15000, 0.
0.16000, 0.
0.17000, 0.
0.18000, 0.
0.19000, 0.
0.20000, 0.
0.21000, 0.
0.22000, 0.
0.23000, 0.
0.24000, 0.
0.25000, 0.
0.26000, 0.
0.27000, 0.
0.28000, 0.
0.29000, 0.
0.30000, 0.
0.31000, 0.
0.32000, 0.
0.33000, 1.
0.34000, 3.
0.35000, 0.
0.36000, 8.
0.37000, 6.
0.38000, 13.
0.39000, 19.
0.40000, 21.
0.41000, 28.
0.42000, 41.
0.43000, 29.
0.44000, 46.
0.45000, 40.
0.46000, 36.
0.47000, 42.
0.48000, 38.
0.49000, 36.
0.50000, 32.
0.51000, 31.
0.52000, 31.
0.53000, 50.
0.54000, 45.
0.55000, 49.
0.56000, 39.
0.57000, 36.
0.58000, 37.
0.59000, 37.
0.60000, 49.
0.61000, 38.
0.62000, 41.
0.63000, 35.
0.64000, 31.
0.65000, 57.
0.66000, 37.
0.67000, 41.
0.68000, 43.
0.69000, 43.
0.70000, 31.
0.71000, 29.
0.72000, 39.
0.73000, 35.
0.74000, 30.
0.75000, 42.
0.76000, 39.
0.77000, 35.
0.78000, 27.
0.79000, 35.
0.80000, 44.
0.81000, 44.
0.82000, 33.
0.83000, 32.
0.84000, 39.
0.85000, 40.
0.86000, 32.
0.87000, 38.
0.88000, 35.
0.89000, 39.
0.90000, 36.
0.91000, 41.
0.92000, 51.
0.93000, 39.
0.94000, 27.
0.95000, 45.
0.96000, 41.
0.97000, 34.
0.98000, 42.
0.99000, 48.
1.00000, 32.
1.01000, 40.
1.02000, 39.
1.03000, 49.
1.04000, 47.
1.05000, 39.
1.06000, 43.
1.07000, 34.
1.08000, 40.
1.09000, 29.
1.10000, 34.
1.11000, 38.
1.12000, 33.
1.13000, 32.
1.14000, 38.
1.15000, 53.
1.16000, 31.
1.17000, 30.
1.18000, 38.
1.19000, 34.
1.20000, 46.
1.21000, 37.
1.22000, 33.
1.23000, 40.
1.24000, 59.
1.25000, 55.
1.26000, 38.
1.27000, 48.
1.28000, 54.
1.29000, 37.
1.30000, 48.
1.31000, 46.
1.32000, 35.
1.33000, 22.
1.34000, 22.
1.35000, 51.
1.36000, 41.
1.37000, 41.
1.38000, 59.
1.39000, 71.
1.40000, 93.
1.41000, 165.
1.42000, 244.
1.43000, 283.
1.44000, 415.
1.45000, 555.
1.46000, 712.
1.47000, 799.
1.48000, 906.
1.49000, 855.
1.50000, 905.
1.51000, 846.
1.52000, 755.
1.53000, 670.
1.54000, 505.
1.55000, 375.
1.56000, 256.
1.57000, 203.
1.58000, 165.
1.59000, 124.
1.60000, 133.
1.61000, 109.
1.62000, 146.
1.63000, 192.
1.64000, 333.
1.65000, 544.
1.66000, 918.
1.67000, 1365.
1.68000, 2066.
1.69000, 2730.
1.70000, 3785.
1.71000, 4686.
1.72000, 5432.
1.73000, 6290.
1.74000, 6646.
1.75000, 6806.
1.76000, 6301.
1.77000, 5706.
1.78000, 5001.
1.79000, 3976.
1.80000, 3028.
1.81000, 2237.
1.82000, 1584.
1.83000, 1201.
1.84000, 797.
1.85000, 611.
1.86000, 462.
1.87000, 333.
1.88000, 207.
1.89000, 169.
1.90000, 130.
1.91000, 93.
1.92000, 75.
1.93000, 64.
1.94000, 52.
1.95000, 41.
1.96000, 31.
1.97000, 39.
1.98000, 47.
1.99000, 43.
2.00000, 43.
2.01000, 36.
2.02000, 57.
2.03000, 48.
2.04000, 56.
2.05000, 37.
2.06000, 31.
2.07000, 37.
2.08000, 33.
2.09000, 26.
2.10000, 38.
2.11000, 23.
2.12000, 30.
2.13000, 35.
2.14000, 30.
2.15000, 23.
2.16000, 30.
2.17000, 26.
2.18000, 28.
2.19000, 31.
2.20000, 20.
2.21000, 26.
2.22000, 25.
2.23000, 34.
2.24000, 35.
2.25000, 24.
2.26000, 29.
2.27000, 23.
2.28000, 30.
2.29000, 23.
2.30000, 22.
2.31000, 31.
2.32000, 37.
2.33000, 23.
2.34000, 31.
2.35000, 23.
2.36000, 27.
2.37000, 30.
2.38000, 27.
2.39000, 26.
2.40000, 25.
2.41000, 22.
2.42000, 28.
2.43000, 24.
2.44000, 22.
2.45000, 21.
2.46000, 31.
2.47000, 31.
2.48000, 33.
2.49000, 28.
2.50000, 23.
2.51000, 31.
2.52000, 40.
2.53000, 37.
2.54000, 36.
2.55000, 40.
2.56000, 51.
2.57000, 53.
2.58000, 63.
2.59000, 55.
2.60000, 91.
2.61000, 109.
2.62000, 145.
2.63000, 203.
2.64000, 250.
2.65000, 330.
2.66000, 360.
2.67000, 383.
2.68000, 418.
2.69000, 453.
2.70000, 522.
2.71000, 503.
2.72000, 450.
2.73000, 469.
2.74000, 355.
2.75000, 324.
2.76000, 294.
2.77000, 239.
2.78000, 243.
2.79000, 200.
2.80000, 223.
2.81000, 183.
2.82000, 249.
2.83000, 208.
2.84000, 243.
2.85000, 255.
2.86000, 208.
2.87000, 222.
2.88000, 186.
2.89000, 195.
2.90000, 161.
2.91000, 138.
2.92000, 130.
2.93000, 114.
2.94000, 85.
2.95000, 119.
2.96000, 100.
2.97000, 73.
2.98000, 90.
2.99000, 77.
3.00000, 75.
3.01000, 68.
3.02000, 49.
3.03000, 62.
3.04000, 45.
3.05000, 48.
3.06000, 40.
3.07000, 32.
3.08000, 38.
3.09000, 24.
3.10000, 35.
3.11000, 34.
3.12000, 27.
3.13000, 31.
3.14000, 27.
3.15000, 26.
3.16000, 46.
3.17000, 48.
3.18000, 76.
3.19000, 79.
3.20000, 90.
3.21000, 112.
3.22000, 172.
3.23000, 257.
3.24000, 361.
3.25000, 432.
3.26000, 576.
3.27000, 656.
3.28000, 764.
3.29000, 927.
3.30000, 971.
3.31000, 1125.
3.32000, 1075.
3.33000, 1047.
3.34000, 987.
3.35000, 847.
3.36000, 705.
3.37000, 650.
3.38000, 494.
3.39000, 404.
3.40000, 308.
3.41000, 200.
3.42000, 156.
3.43000, 111.
3.44000, 85.
3.45000, 60.
3.46000, 67.
3.47000, 44.
3.48000, 42.
3.49000, 67.
3.50000, 68.
3.51000, 89.
3.52000, 97.
3.53000, 86.
3.54000, 125.
3.55000, 133.
3.56000, 146.
3.57000, 139.
3.58000, 176.
3.59000, 197.
3.60000, 181.
3.61000, 188.
3.62000, 197.
3.63000, 216.
3.64000, 199.
3.65000, 223.
3.66000, 204.
3.67000, 224.
3.68000, 196.
3.69000, 218.
3.70000, 201.
3.71000, 177.
3.72000, 183.
3.73000, 175.
3.74000, 129.
3.75000, 115.
3.76000, 74.
3.77000, 78.
3.78000, 55.
3.79000, 44.
3.80000, 41.
3.81000, 29.
3.82000, 31.
3.83000, 26.
3.84000, 29.
3.85000, 21.
3.86000, 21.
3.87000, 22.
3.88000, 26.
3.89000, 23.
3.90000, 24.
3.91000, 23.
3.92000, 22.
3.93000, 31.
3.94000, 31.
3.95000, 56.
3.96000, 30.
3.97000, 35.
3.98000, 49.
3.99000, 36.
4.00000, 50.
4.01000, 52.
4.02000, 63.
4.03000, 46.
4.04000, 46.
4.05000, 56.
4.06000, 54.
4.07000, 38.
4.08000, 50.
4.09000, 33.
4.10000, 19.
4.11000, 48.
4.12000, 21.
4.13000, 29.
4.14000, 32.
4.15000, 25.
4.16000, 39.
4.17000, 28.
4.18000, 27.
4.19000, 24.
4.20000, 41.
4.21000, 18.
4.22000, 23.
4.23000, 24.
4.24000, 36.
4.25000, 31.
4.26000, 28.
4.27000, 38.
4.28000, 27.
4.29000, 23.
4.30000, 29.
4.31000, 36.
4.32000, 40.
4.33000, 37.
4.34000, 41.
4.35000, 49.
4.36000, 47.
4.37000, 73.
4.38000, 84.
4.39000, 110.
4.40000, 141.
4.41000, 175.
4.42000, 214.
4.43000, 297.
4.44000, 412.
4.45000, 434.
4.46000, 509.
4.47000, 572.
4.48000, 678.
4.49000, 737.
4.50000, 791.
4.51000, 765.
4.52000, 729.
4.53000, 737.
4.54000, 617.
4.55000, 574.
4.56000, 512.
4.57000, 471.
4.58000, 402.
4.59000, 318.
4.60000, 265.
4.61000, 209.
4.62000, 180.
4.63000, 192.
4.64000, 148.
4.65000, 145.
4.66000, 113.
4.67000, 120.
4.68000, 119.
4.69000, 95.
4.70000, 99.
4.71000, 100.
4.72000, 78.
4.73000, 85.
4.74000, 89.
4.75000, 82.
4.76000, 74.
4.77000, 72.
4.78000, 95.
4.79000, 92.
4.80000, 94.
4.81000, 106.
4.82000, 90.
4.83000, 111.
4.84000, 120.
4.85000, 145.
4.86000, 139.
4.87000, 168.
4.88000, 160.
4.89000, 162.
4.90000, 173.
4.91000, 194.
4.92000, 183.
4.93000, 195.
4.94000, 195.
4.95000, 183.
4.96000, 186.
4.97000, 168.
4.98000, 145.
4.99000, 155.
5.00000, 135.
5.01000, 122.
5.02000, 99.
5.03000, 119.
5.04000, 94.
5.05000, 72.
5.06000, 72.
5.07000, 66.
5.08000, 78.
5.09000, 56.
5.10000, 64.
5.11000, 56.
5.12000, 64.
5.13000, 61.
5.14000, 53.
5.15000, 69.
5.16000, 65.
5.17000, 55.
5.18000, 60.
5.19000, 70.
5.20000, 66.
5.21000, 60.
5.22000, 103.
5.23000, 100.
5.24000, 79.
5.25000, 81.
5.26000, 79.
5.27000, 80.
5.28000, 92.
5.29000, 78.
5.30000, 97.
5.31000, 98.
5.32000, 90.
5.33000, 88.
5.34000, 95.
5.35000, 75.
5.36000, 89.
5.37000, 101.
5.38000, 100.
5.39000, 99.
5.40000, 104.
5.41000, 107.
5.42000, 100.
5.43000, 118.
5.44000, 100.
5.45000, 113.
5.46000, 108.
5.47000, 93.
5.48000, 108.
5.49000, 85.
5.50000, 88.
5.51000, 78.
5.52000, 84.
5.53000, 78.
5.54000, 72.
5.55000, 84.
5.56000, 58.
5.57000, 72.
5.58000, 65.
5.59000, 72.
5.60000, 73.
5.61000, 89.
5.62000, 61.
5.63000, 71.
5.64000, 68.
5.65000, 55.
5.66000, 63.
5.67000, 69.
5.68000, 64.
5.69000, 46.
5.70000, 73.
5.71000, 63.
5.72000, 77.
5.73000, 71.
5.74000, 54.
5.75000, 61.
5.76000, 76.
5.77000, 71.
5.78000, 68.
5.79000, 82.
5.80000, 70.
5.81000, 67.
5.82000, 55.
5.83000, 87.
5.84000, 81.
5.85000, 74.
5.86000, 70.
5.87000, 82.
5.88000, 88.
5.89000, 97.
5.90000, 77.
5.91000, 75.
5.92000, 82.
5.93000, 88.
5.94000, 77.
5.95000, 90.
5.96000, 74.
5.97000, 75.
5.98000, 80.
5.99000, 68.
6.00000, 86.
6.01000, 79.
6.02000, 86.
6.03000, 83.
6.04000, 83.
6.05000, 70.
6.06000, 82.
6.07000, 68.
6.08000, 84.
6.09000, 72.
6.10000, 79.
6.11000, 90.
6.12000, 99.
6.13000, 92.
6.14000, 121.
6.15000, 92.
6.16000, 108.
6.17000, 147.
6.18000, 145.
6.19000, 210.
6.20000, 225.
6.21000, 314.
6.22000, 374.
6.23000, 550.
6.24000, 773.
6.25000, 1107.
6.26000, 1531.
6.27000, 2037.
6.28000, 2918.
6.29000, 3699.
6.30000, 5055.
6.31000, 6353.
6.32000, 7844.
6.33000, 9550.
6.34000, 11422.
6.35000, 12896.
6.36000, 14509.
6.37000, 15662.
6.38000, 17098.
6.39000, 17598.
6.40000, 17684.
6.41000, 17392.
6.42000, 16833.
6.43000, 15346.
6.44000, 13908.
6.45000, 12290.
6.46000, 10811.
6.47000, 9058.
6.48000, 7295.
6.49000, 5861.
6.50000, 4492.
6.51000, 3343.
6.52000, 2562.
6.53000, 1901.
6.54000, 1379.
6.55000, 998.
6.56000, 653.
6.57000, 455.
6.58000, 303.
6.59000, 244.
6.60000, 194.
6.61000, 156.
6.62000, 128.
6.63000, 145.
6.64000, 115.
6.65000, 120.
6.66000, 114.
6.67000, 97.
6.68000, 123.
6.69000, 122.
6.70000, 112.
6.71000, 108.
6.72000, 133.
6.73000, 108.
6.74000, 113.
6.75000, 115.
6.76000, 111.
6.77000, 115.
6.78000, 142.
6.79000, 115.
6.80000, 129.
6.81000, 117.
6.82000, 125.
6.83000, 141.
6.84000, 158.
6.85000, 164.
6.86000, 176.
6.87000, 231.
6.88000, 239.
6.89000, 264.
6.90000, 333.
6.91000, 365.
6.92000, 497.
6.93000, 590.
6.94000, 753.
6.95000, 875.
6.96000, 1125.
6.97000, 1277.
6.98000, 1579.
6.99000, 1821.
7.00000, 2104.
7.01000, 2350.
7.02000, 2488.
7.03000, 2674.
7.04000, 2791.
7.05000, 2793.
7.06000, 2755.
7.07000, 2723.
7.08000, 2618.
7.09000, 2411.
7.10000, 2187.
7.11000, 1913.
7.12000, 1678.
7.13000, 1421.
7.14000, 1227.
7.15000, 919.
7.16000, 743.
7.17000, 625.
7.18000, 455.
7.19000, 368.
7.20000, 294.
7.21000, 204.
7.22000, 170.
7.23000, 135.
7.24000, 106.
7.25000, 103.
7.26000, 99.
7.27000, 78.
7.28000, 69.
7.29000, 77.
7.30000, 54.
7.31000, 66.
7.32000, 65.
7.33000, 62.
7.34000, 74.
7.35000, 69.
7.36000, 58.
7.37000, 67.
7.38000, 74.
7.39000, 87.
7.40000, 77.
7.41000, 85.
7.42000, 87.
7.43000, 72.
7.44000, 77.
7.45000, 69.
7.46000, 76.
7.47000, 84.
7.48000, 81.
7.49000, 80.
7.50000, 81.
7.51000, 68.
7.52000, 70.
7.53000, 83.
7.54000, 69.
7.55000, 70.
7.56000, 80.
7.57000, 79.
7.58000, 60.
7.59000, 62.
7.60000, 76.
7.61000, 73.
7.62000, 77.
7.63000, 58.
7.64000, 72.
7.65000, 65.
7.66000, 61.
7.67000, 87.
7.68000, 66.
7.69000, 75.
7.70000, 80.
7.71000, 66.
7.72000, 79.
7.73000, 85.
7.74000, 64.
7.75000, 96.
7.76000, 99.
7.77000, 89.
7.78000, 79.
7.79000, 64.
7.80000, 99.
7.81000, 103.
7.82000, 98.
7.83000, 88.
7.84000, 107.
7.85000, 92.
7.86000, 88.
7.87000, 103.
7.88000, 100.
7.89000, 98.
7.90000, 105.
7.91000, 95.
7.92000, 120.
7.93000, 115.
7.94000, 101.
7.95000, 114.
7.96000, 113.
7.97000, 127.
7.98000, 116.
7.99000, 144.
8.00000, 134.
8.01000, 123.
8.02000, 124.
8.03000, 155.
8.04000, 157.
8.05000, 159.
8.06000, 157.
8.07000, 133.
8.08000, 142.
8.09000, 145.
8.10000, 164.
8.11000, 155.
8.12000, 141.
8.13000, 154.
8.14000, 161.
8.15000, 151.
8.16000, 125.
8.17000, 154.
8.18000, 126.
8.19000, 140.
8.20000, 147.
8.21000, 105.
8.22000, 130.
8.23000, 114.
8.24000, 113.
8.25000, 123.
8.26000, 122.
8.27000, 96.
8.28000, 102.
8.29000, 102.
8.30000, 120.
8.31000, 104.
8.32000, 107.
8.33000, 110.
8.34000, 106.
8.35000, 90.
8.36000, 121.
8.37000, 104.
8.38000, 116.
8.39000, 123.
8.40000, 140.
8.41000, 117.
8.42000, 114.
8.43000, 105.
8.44000, 90.
8.45000, 97.
8.46000, 109.
8.47000, 97.
8.48000, 103.
8.49000, 89.
8.50000, 107.
8.51000, 103.
8.52000, 109.
8.53000, 126.
8.54000, 107.
8.55000, 118.
8.56000, 116.
8.57000, 130.
8.58000, 117.
8.59000, 141.
8.60000, 125.
8.61000, 135.
8.62000, 125.
8.63000, 118.
8.64000, 121.
8.65000, 122.
8.66000, 159.
8.67000, 117.
8.68000, 131.
8.69000, 115.
8.70000, 121.
8.71000, 106.
8.72000, 114.
8.73000, 102.
8.74000, 120.
8.75000, 107.
8.76000, 102.
8.77000, 111.
8.78000, 110.
8.79000, 95.
8.80000, 108.
8.81000, 106.
8.82000, 120.
8.83000, 124.
8.84000, 100.
8.85000, 118.
8.86000, 117.
8.87000, 108.
8.88000, 119.
8.89000, 108.
8.90000, 106.
8.91000, 116.
8.92000, 130.
8.93000, 91.
8.94000, 109.
8.95000, 118.
8.96000, 105.
8.97000, 116.
8.98000, 109.
8.99000, 102.
9.00000, 96.
9.01000, 126.
9.02000, 118.
9.03000, 101.
9.04000, 104.
9.05000, 127.
9.06000, 111.
9.07000, 112.
9.08000, 107.
9.09000, 140.
9.10000, 111.
9.11000, 119.
9.12000, 118.
9.13000, 107.
9.14000, 118.
9.15000, 121.
9.16000, 127.
9.17000, 118.
9.18000, 126.
9.19000, 141.
9.20000, 118.
9.21000, 135.
9.22000, 137.
9.23000, 112.
9.24000, 109.
9.25000, 106.
9.26000, 128.
9.27000, 105.
9.28000, 147.
9.29000, 122.
9.30000, 127.
9.31000, 115.
9.32000, 119.
9.33000, 151.
9.34000, 145.
9.35000, 118.
9.36000, 140.
9.37000, 121.
9.38000, 98.
9.39000, 135.
9.40000, 127.
9.41000, 110.
9.42000, 126.
9.43000, 126.
9.44000, 94.
9.45000, 110.
9.46000, 117.
9.47000, 118.
9.48000, 127.
9.49000, 134.
9.50000, 111.
9.51000, 131.
9.52000, 128.
9.53000, 110.
9.54000, 129.
9.55000, 151.
9.56000, 128.
9.57000, 106.
9.58000, 136.
9.59000, 136.
9.60000, 131.
9.61000, 147.
9.62000, 128.
9.63000, 146.
9.64000, 121.
9.65000, 140.
9.66000, 142.
9.67000, 125.
9.68000, 131.
9.69000, 146.
9.70000, 141.
9.71000, 154.
9.72000, 138.
9.73000, 157.
9.74000, 125.
9.75000, 139.
9.76000, 108.
9.77000, 122.
9.78000, 126.
9.79000, 119.
9.80000, 122.
9.81000, 142.
9.82000, 128.
9.83000, 123.
9.84000, 122.
9.85000, 124.
9.86000, 118.
9.87000, 115.
9.88000, 136.
9.89000, 129.
9.90000, 124.
9.91000, 133.
9.92000, 142.
9.93000, 115.
9.94000, 128.
9.95000, 125.
9.96000, 137.
9.97000, 158.
9.98000, 116.
9.99000, 124.
10.00000, 141.
10.01000, 135.
10.02000, 117.
10.03000, 120.
10.04000, 127.
10.05000, 132.
10.06000, 119.
10.07000, 122.
10.08000, 130.
10.09000, 109.
10.10000, 130.
10.11000, 111.
10.12000, 119.
10.13000, 155.
10.14000, 151.
10.15000, 110.
10.16000, 136.
10.17000, 133.
10.18000, 113.
10.19000, 118.
10.20000, 117.
10.21000, 124.
10.22000, 120.
10.23000, 115.
10.24000, 124.
10.25000, 119.
10.26000, 111.
10.27000, 137.
10.28000, 115.
10.29000, 135.
10.30000, 129.
10.31000, 159.
10.32000, 140.
10.33000, 133.
10.34000, 146.
10.35000, 169.
10.36000, 179.
10.37000, 152.
10.38000, 195.
10.39000, 201.
10.40000, 233.
10.41000, 257.
10.42000, 290.
10.43000, 330.
10.44000, 324.
10.45000, 379.
10.46000, 406.
10.47000, 401.
10.48000, 448.
10.49000, 490.
10.50000, 476.
10.51000, 514.
10.52000, 500.
10.53000, 509.
10.54000, 519.
10.55000, 479.
10.56000, 468.
10.57000, 429.
10.58000, 445.
10.59000, 393.
10.60000, 375.
10.61000, 307.
10.62000, 309.
10.63000, 259.
10.64000, 250.
10.65000, 196.
10.66000, 231.
10.67000, 188.
10.68000, 175.
10.69000, 155.
10.70000, 144.
10.71000, 152.
10.72000, 122.
10.73000, 149.
10.74000, 127.
10.75000, 124.
10.76000, 129.
10.77000, 157.
10.78000, 152.
10.79000, 123.
10.80000, 116.
10.81000, 163.
10.82000, 138.
10.83000, 143.
10.84000, 150.
10.85000, 162.
10.86000, 152.
10.87000, 107.
10.88000, 146.
10.89000, 133.
10.90000, 132.
10.91000, 115.
10.92000, 144.
10.93000, 133.
10.94000, 129.
10.95000, 140.
10.96000, 130.
10.97000, 144.
10.98000, 147.
10.99000, 135.
11.00000, 142.
11.01000, 124.
11.02000, 145.
11.03000, 118.
11.04000, 151.
11.05000, 133.
11.06000, 146.
11.07000, 125.
11.08000, 111.
11.09000, 129.
11.10000, 133.
11.11000, 134.
11.12000, 138.
11.13000, 125.
11.14000, 136.
11.15000, 130.
11.16000, 152.
11.17000, 132.
11.18000, 140.
11.19000, 129.
11.20000, 137.
11.21000, 163.
11.22000, 155.
11.23000, 155.
11.24000, 157.
11.25000, 125.
11.26000, 153.
11.27000, 133.
11.28000, 134.
11.29000, 136.
11.30000, 144.
11.31000, 134.
11.32000, 157.
11.33000, 116.
11.34000, 130.
11.35000, 152.
11.36000, 146.
11.37000, 136.
11.38000, 156.
11.39000, 130.
11.40000, 131.
11.41000, 146.
11.42000, 116.
11.43000, 135.
11.44000, 130.
11.45000, 149.
11.46000, 137.
11.47000, 123.
11.48000, 158.
11.49000, 149.
11.50000, 147.
11.51000, 146.
11.52000, 146.
11.53000, 131.
11.54000, 161.
11.55000, 154.
11.56000, 159.
11.57000, 160.
11.58000, 162.
11.59000, 135.
11.60000, 148.
11.61000, 186.
11.62000, 173.
11.63000, 172.
11.64000, 161.
11.65000, 182.
11.66000, 200.
11.67000, 216.
11.68000, 189.
11.69000, 185.
11.70000, 215.
11.71000, 181.
11.72000, 229.
11.73000, 220.
11.74000, 209.
11.75000, 186.
11.76000, 172.
11.77000, 184.
11.78000, 157.
11.79000, 179.
11.80000, 148.
11.81000, 151.
11.82000, 158.
11.83000, 172.
11.84000, 160.
11.85000, 157.
11.86000, 156.
11.87000, 166.
11.88000, 153.
11.89000, 130.
11.90000, 124.
11.91000, 164.
11.92000, 148.
11.93000, 140.
11.94000, 143.
11.95000, 135.
11.96000, 157.
11.97000, 144.
11.98000, 119.
11.99000, 136.
12.00000, 124.
12.01000, 121.
12.02000, 146.
12.03000, 141.
12.04000, 120.
12.05000, 131.
12.06000, 126.
12.07000, 145.
12.08000, 132.
12.09000, 129.
12.10000, 120.
12.11000, 150.
12.12000, 128.
12.13000, 134.
12.14000, 146.
12.15000, 144.
12.16000, 140.
12.17000, 140.
12.18000, 146.
12.19000, 149.
12.20000, 134.
12.21000, 137.
12.22000, 137.
12.23000, 143.
12.24000, 132.
12.25000, 138.
12.26000, 138.
12.27000, 144.
12.28000, 157.
12.29000, 156.
12.30000, 162.
12.31000, 137.
12.32000, 123.
12.33000, 150.
12.34000, 144.
12.35000, 152.
12.36000, 163.
12.37000, 146.
12.38000, 123.
12.39000, 147.
12.40000, 129.
12.41000, 131.
12.42000, 126.
12.43000, 131.
12.44000, 160.
12.45000, 143.
12.46000, 154.
12.47000, 133.
12.48000, 140.
12.49000, 135.
12.50000, 147.
12.51000, 140.
12.52000, 147.
12.53000, 148.
12.54000, 136.
12.55000, 135.
12.56000, 135.
12.57000, 135.
12.58000, 159.
12.59000, 154.
12.60000, 138.
12.61000, 157.
12.62000, 137.
12.63000, 138.
12.64000, 159.
12.65000, 159.
12.66000, 171.
12.67000, 172.
12.68000, 157.
12.69000, 159.
12.70000, 167.
12.71000, 174.
12.72000, 174.
12.73000, 189.
12.74000, 190.
12.75000, 184.
12.76000, 174.
12.77000, 190.
12.78000, 182.
12.79000, 176.
12.80000, 170.
12.81000, 211.
12.82000, 171.
12.83000, 176.
12.84000, 189.
12.85000, 203.
12.86000, 159.
12.87000, 162.
12.88000, 147.
12.89000, 192.
12.90000, 203.
12.91000, 200.
12.92000, 152.
12.93000, 197.
12.94000, 139.
12.95000, 165.
12.96000, 164.
12.97000, 168.
12.98000, 172.
12.99000, 187.
13.00000, 188.
13.01000, 144.
13.02000, 169.
13.03000, 152.
13.04000, 131.
13.05000, 167.
13.06000, 145.
13.07000, 173.
13.08000, 160.
13.09000, 155.
13.10000, 155.
13.11000, 141.
13.12000, 129.
13.13000, 147.
13.14000, 155.
13.15000, 154.
13.16000, 154.
13.17000, 158.
13.18000, 173.
13.19000, 163.
13.20000, 183.
13.21000, 193.
13.22000, 174.
13.23000, 206.
13.24000, 197.
13.25000, 174.
13.26000, 192.
13.27000, 227.
13.28000, 235.
13.29000, 250.
13.30000, 271.
13.31000, 261.
13.32000, 301.
13.33000, 288.
13.34000, 248.
13.35000, 276.
13.36000, 278.
13.37000, 255.
13.38000, 286.
13.39000, 289.
13.40000, 296.
13.41000, 285.
13.42000, 261.
13.43000, 271.
13.44000, 229.
13.45000, 239.
13.46000, 220.
13.47000, 209.
13.48000, 184.
13.49000, 202.
13.50000, 181.
13.51000, 196.
13.52000, 181.
13.53000, 167.
13.54000, 166.
13.55000, 157.
13.56000, 156.
13.57000, 141.
13.58000, 156.
13.59000, 137.
13.60000, 164.
13.61000, 148.
13.62000, 176.
13.63000, 161.
13.64000, 154.
13.65000, 141.
13.66000, 146.
13.67000, 159.
13.68000, 176.
13.69000, 149.
13.70000, 137.
13.71000, 145.
13.72000, 168.
13.73000, 135.
13.74000, 168.
13.75000, 156.
13.76000, 153.
13.77000, 145.
13.78000, 157.
13.79000, 166.
13.80000, 127.
13.81000, 143.
13.82000, 151.
13.83000, 149.
13.84000, 128.
13.85000, 157.
13.86000, 151.
13.87000, 153.
13.88000, 138.
13.89000, 154.
13.90000, 152.
13.91000, 146.
13.92000, 126.
13.93000, 129.
13.94000, 171.
13.95000, 162.
13.96000, 191.
13.97000, 143.
13.98000, 168.
13.99000, 180.
14.00000, 191.
14.01000, 181.
14.02000, 216.
14.03000, 207.
14.04000, 199.
14.05000, 223.
14.06000, 230.
14.07000, 228.
14.08000, 269.
14.09000, 224.
14.10000, 265.
14.11000, 245.
14.12000, 233.
14.13000, 264.
14.14000, 246.
14.15000, 237.
14.16000, 251.
14.17000, 235.
14.18000, 223.
14.19000, 214.
14.20000, 219.
14.21000, 187.
14.22000, 194.
14.23000, 196.
14.24000, 201.
14.25000, 179.
14.26000, 179.
14.27000, 154.
14.28000, 138.
14.29000, 155.
14.30000, 164.
14.31000, 139.
14.32000, 147.
14.33000, 152.
14.34000, 152.
14.35000, 147.
14.36000, 149.
14.37000, 140.
14.38000, 132.
14.39000, 140.
14.40000, 144.
14.41000, 157.
14.42000, 134.
14.43000, 141.
14.44000, 108.
14.45000, 134.
14.46000, 133.
14.47000, 146.
14.48000, 155.
14.49000, 146.
14.50000, 122.
14.51000, 118.
14.52000, 137.
14.53000, 118.
14.54000, 138.
14.55000, 151.
14.56000, 117.
14.57000, 152.
14.58000, 141.
14.59000, 153.
14.60000, 142.
14.61000, 147.
14.62000, 161.
14.63000, 150.
14.64000, 149.
14.65000, 167.
14.66000, 137.
14.67000, 149.
14.68000, 149.
14.69000, 140.
14.70000, 148.
14.71000, 155.
14.72000, 162.
14.73000, 158.
14.74000, 140.
14.75000, 177.
14.76000, 142.
14.77000, 142.
14.78000, 186.
14.79000, 166.
14.80000, 171.
14.81000, 163.
14.82000, 158.
14.83000, 173.
14.84000, 175.
14.85000, 198.
14.86000, 191.
14.87000, 189.
14.88000, 183.
14.89000, 199.
14.90000, 223.
14.91000, 216.
14.92000, 194.
14.93000, 216.
14.94000, 187.
14.95000, 188.
14.96000, 186.
14.97000, 201.
14.98000, 178.
14.99000, 184.
15.00000, 182.
15.01000, 189.
15.02000, 176.
15.03000, 180.
15.04000, 167.
15.05000, 150.
15.06000, 148.
15.07000, 155.
15.08000, 131.
15.09000, 140.
15.10000, 155.
15.11000, 149.
15.12000, 154.
15.13000, 142.
15.14000, 146.
15.15000, 151.
15.16000, 142.
15.17000, 164.
15.18000, 141.
15.19000, 140.
15.20000, 121.
15.21000, 153.
15.22000, 154.
15.23000, 145.
15.24000, 137.
15.25000, 160.
15.26000, 162.
15.27000, 173.
15.28000, 137.
15.29000, 145.
15.30000, 162.
15.31000, 120.
15.32000, 133.
15.33000, 137.
15.34000, 137.
15.35000, 139.
15.36000, 130.
15.37000, 134.
15.38000, 156.
15.39000, 152.
15.40000, 155.
15.41000, 131.
15.42000, 123.
15.43000, 177.
15.44000, 151.
15.45000, 166.
15.46000, 160.
15.47000, 165.
15.48000, 159.
15.49000, 150.
15.50000, 168.
15.51000, 168.
15.52000, 193.
15.53000, 181.
15.54000, 179.
15.55000, 210.
15.56000, 213.
15.57000, 242.
15.58000, 230.
15.59000, 255.
15.60000, 220.
15.61000, 261.
15.62000, 288.
15.63000, 317.
15.64000, 330.
15.65000, 364.
15.66000, 334.
15.67000, 353.
15.68000, 360.
15.69000, 385.
15.70000, 414.
15.71000, 405.
15.72000, 407.
15.73000, 395.
15.74000, 375.
15.75000, 396.
15.76000, 388.
15.77000, 380.
15.78000, 348.
15.79000, 382.
15.80000, 343.
15.81000, 315.
15.82000, 308.
15.83000, 274.
15.84000, 283.
15.85000, 243.
15.86000, 242.
15.87000, 233.
15.88000, 211.
15.89000, 211.
15.90000, 194.
15.91000, 201.
15.92000, 188.
15.93000, 188.
15.94000, 164.
15.95000, 153.
15.96000, 169.
15.97000, 151.
15.98000, 136.
15.99000, 141.
16.00000, 153.
16.01000, 142.
16.02000, 137.
16.03000, 139.
16.04000, 163.
16.05000, 152.
16.06000, 130.
16.07000, 129.
16.08000, 141.
16.09000, 129.
16.10000, 155.
16.11000, 146.
16.12000, 163.
16.13000, 156.
16.14000, 149.
16.15000, 159.
16.16000, 152.
16.17000, 134.
16.18000, 143.
16.19000, 141.
16.20000, 160.
16.21000, 157.
16.22000, 151.
16.23000, 138.
16.24000, 151.
16.25000, 156.
16.26000, 144.
16.27000, 125.
16.28000, 131.
16.29000, 123.
16.30000, 148.
16.31000, 156.
16.32000, 151.
16.33000, 191.
16.34000, 152.
16.35000, 155.
16.36000, 133.
16.37000, 151.
16.38000, 158.
16.39000, 181.
16.40000, 193.
16.41000, 153.
16.42000, 183.
16.43000, 192.
16.44000, 198.
16.45000, 209.
16.46000, 222.
16.47000, 216.
16.48000, 230.
16.49000, 225.
16.50000, 228.
16.51000, 181.
16.52000, 234.
16.53000, 249.
16.54000, 209.
16.55000, 221.
16.56000, 220.
16.57000, 227.
16.58000, 247.
16.59000, 257.
16.60000, 231.
16.61000, 259.
16.62000, 248.
16.63000, 228.
16.64000, 218.
16.65000, 216.
16.66000, 211.
16.67000, 184.
16.68000, 197.
16.69000, 193.
16.70000, 156.
16.71000, 183.
16.72000, 155.
16.73000, 171.
16.74000, 150.
16.75000, 173.
16.76000, 156.
16.77000, 170.
16.78000, 152.
16.79000, 168.
16.80000, 155.
16.81000, 134.
16.82000, 142.
16.83000, 150.
16.84000, 140.
16.85000, 145.
16.86000, 152.
16.87000, 151.
16.88000, 149.
16.89000, 158.
16.90000, 142.
16.91000, 139.
16.92000, 128.
16.93000, 137.
16.94000, 139.
16.95000, 161.
16.96000, 164.
16.97000, 151.
16.98000, 145.
16.99000, 170.
17.00000, 169.
17.01000, 123.
17.02000, 142.
17.03000, 149.
17.04000, 116.
17.05000, 132.
17.06000, 164.
17.07000, 137.
17.08000, 143.
17.09000, 144.
17.10000, 143.
17.11000, 160.
17.12000, 158.
17.13000, 132.
17.14000, 136.
17.15000, 156.
17.16000, 154.
17.17000, 146.
17.18000, 122.
17.19000, 160.
17.20000, 148.
17.21000, 145.
17.22000, 143.
17.23000, 146.
17.24000, 140.
17.25000, 141.
17.26000, 158.
17.27000, 163.
17.28000, 157.
17.29000, 152.
17.30000, 168.
17.31000, 159.
17.32000, 161.
17.33000, 164.
17.34000, 155.
17.35000, 180.
17.36000, 175.
17.37000, 162.
17.38000, 159.
17.39000, 149.
17.40000, 161.
17.41000, 167.
17.42000, 188.
17.43000, 151.
17.44000, 159.
17.45000, 158.
17.46000, 165.
17.47000, 189.
17.48000, 177.
17.49000, 208.
17.50000, 184.
17.51000, 160.
17.52000, 193.
17.53000, 179.
17.54000, 174.
17.55000, 203.
17.56000, 191.
17.57000, 206.
17.58000, 215.
17.59000, 192.
17.60000, 203.
17.61000, 226.
17.62000, 215.
17.63000, 208.
17.64000, 217.
17.65000, 211.
17.66000, 196.
17.67000, 219.
17.68000, 215.
17.69000, 200.
17.70000, 183.
17.71000, 189.
17.72000, 206.
17.73000, 209.
17.74000, 219.
17.75000, 178.
17.76000, 174.
17.77000, 189.
17.78000, 230.
17.79000, 190.
17.80000, 193.
17.81000, 195.
17.82000, 173.
17.83000, 179.
17.84000, 183.
17.85000, 189.
17.86000, 187.
17.87000, 224.
17.88000, 193.
17.89000, 188.
17.90000, 165.
17.91000, 196.
17.92000, 213.
17.93000, 201.
17.94000, 227.
17.95000, 202.
17.96000, 195.
17.97000, 220.
17.98000, 209.
17.99000, 219.
18.00000, 191.
18.01000, 193.
18.02000, 216.
18.03000, 234.
18.04000, 185.
18.05000, 211.
18.06000, 229.
18.07000, 211.
18.08000, 220.
18.09000, 224.
18.10000, 226.
18.11000, 217.
18.12000, 209.
18.13000, 254.
18.14000, 241.
18.15000, 236.
18.16000, 228.
18.17000, 284.
18.18000, 240.
18.19000, 287.
18.20000, 246.
18.21000, 265.
18.22000, 266.
18.23000, 254.
18.24000, 263.
18.25000, 265.
18.26000, 260.
18.27000, 278.
18.28000, 265.
18.29000, 293.
18.30000, 317.
18.31000, 306.
18.32000, 310.
18.33000, 329.
18.34000, 363.
18.35000, 309.
18.36000, 380.
18.37000, 371.
18.38000, 370.
18.39000, 388.
18.40000, 408.
18.41000, 407.
18.42000, 446.
18.43000, 439.
18.44000, 439.
18.45000, 428.
18.46000, 465.
18.47000, 472.
18.48000, 484.
18.49000, 544.
18.50000, 517.
18.51000, 564.
18.52000, 541.
18.53000, 566.
18.54000, 600.
18.55000, 623.
18.56000, 594.
18.57000, 634.
18.58000, 635.
18.59000, 646.
18.60000, 673.
18.61000, 741.
18.62000, 728.
18.63000, 753.
18.64000, 744.
18.65000, 766.
18.66000, 813.
18.67000, 780.
18.68000, 812.
18.69000, 804.
18.70000, 834.
18.71000, 850.
18.72000, 814.
18.73000, 842.
18.74000, 847.
18.75000, 878.
18.76000, 885.
18.77000, 811.
18.78000, 907.
18.79000, 858.
18.80000, 867.
18.81000, 851.
18.82000, 864.
18.83000, 931.
18.84000, 856.
18.85000, 936.
18.86000, 850.
18.87000, 918.
18.88000, 840.
18.89000, 885.
18.90000, 809.
18.91000, 816.
18.92000, 825.
18.93000, 767.
18.94000, 790.
18.95000, 826.
18.96000, 801.
18.97000, 758.
18.98000, 706.
18.99000, 742.
19.00000, 715.
19.01000, 686.
19.02000, 660.
19.03000, 713.
19.04000, 654.
19.05000, 648.
19.06000, 644.
19.07000, 586.
19.08000, 626.
19.09000, 580.
19.10000, 569.
19.11000, 550.
19.12000, 520.
19.13000, 468.
19.14000, 524.
19.15000, 480.
19.16000, 487.
19.17000, 479.
19.18000, 429.
19.19000, 419.
19.20000, 412.
19.21000, 399.
19.22000, 372.
19.23000, 391.
19.24000, 356.
19.25000, 386.
19.26000, 344.
19.27000, 327.
19.28000, 348.
19.29000, 349.
19.30000, 305.
19.31000, 335.
19.32000, 297.
19.33000, 310.
19.34000, 299.
19.35000, 281.
19.36000, 269.
19.37000, 311.
19.38000, 282.
19.39000, 267.
19.40000, 259.
19.41000, 243.
19.42000, 239.
19.43000, 262.
19.44000, 255.
19.45000, 249.
19.46000, 236.
19.47000, 222.
19.48000, 251.
19.49000, 222.
19.50000, 217.
19.51000, 254.
19.52000, 217.
19.53000, 207.
19.54000, 202.
19.55000, 210.
19.56000, 211.
19.57000, 194.
19.58000, 195.
19.59000, 208.
19.60000, 172.
19.61000, 194.
19.62000, 212.
19.63000, 161.
19.64000, 193.
19.65000, 187.
19.66000, 172.
19.67000, 189.
19.68000, 187.
19.69000, 168.
19.70000, 190.
19.71000, 216.
19.72000, 195.
19.73000, 157.
19.74000, 169.
19.75000, 194.
19.76000, 162.
19.77000, 147.
19.78000, 169.
19.79000, 166.
19.80000, 180.
19.81000, 193.
19.82000, 153.
19.83000, 190.
19.84000, 176.
19.85000, 186.
19.86000, 195.
19.87000, 207.
19.88000, 192.
19.89000, 218.
19.90000, 230.
19.91000, 209.
19.92000, 236.
19.93000, 233.
19.94000, 230.
19.95000, 292.
19.96000, 288.
19.97000, 325.
19.98000, 335.
19.99000, 282.
20.00000, 355.
20.01000, 376.
20.02000, 404.
20.03000, 366.
20.04000, 415.
20.05000, 419.
20.06000, 491.
20.07000, 449.
20.08000, 525.
20.09000, 455.
20.10000, 491.
20.11000, 539.
20.12000, 551.
20.13000, 529.
20.14000, 510.
20.15000, 512.
20.16000, 528.
20.17000, 533.
20.18000, 519.
20.19000, 530.
20.20000, 500.
20.21000, 448.
20.22000, 453.
20.23000, 458.
20.24000, 443.
20.25000, 421.
20.26000, 390.
20.27000, 376.
20.28000, 310.
20.29000, 305.
20.30000, 326.
20.31000, 249.
20.32000, 233.
20.33000, 237.
20.34000, 199.
20.35000, 222.
20.36000, 198.
20.37000, 203.
20.38000, 192.
20.39000, 171.
20.40000, 167.
20.41000, 166.
20.42000, 148.
20.43000, 152.
20.44000, 164.
20.45000, 147.
20.46000, 165.
20.47000, 153.
20.48000, 136.
20.49000, 141.
20.50000, 153.
20.51000, 159.
20.52000, 151.
20.53000, 140.
20.54000, 159.
20.55000, 158.
20.56000, 155.
20.57000, 149.
20.58000, 182.
20.59000, 159.
20.60000, 148.
20.61000, 155.
20.62000, 181.
20.63000, 165.
20.64000, 164.
20.65000, 180.
20.66000, 164.
20.67000, 158.
20.68000, 183.
20.69000, 173.
20.70000, 195.
20.71000, 198.
20.72000, 186.
20.73000, 186.
20.74000, 187.
20.75000, 200.
20.76000, 203.
20.77000, 205.
20.78000, 183.
20.79000, 232.
20.80000, 207.
20.81000, 192.
20.82000, 208.
20.83000, 227.
20.84000, 210.
20.85000, 199.
20.86000, 225.
20.87000, 226.
20.88000, 227.
20.89000, 234.
20.90000, 219.
20.91000, 262.
20.92000, 231.
20.93000, 225.
20.94000, 204.
20.95000, 247.
20.96000, 237.
20.97000, 245.
20.98000, 219.
20.99000, 243.
21.00000, 256.
21.01000, 225.
21.02000, 221.
21.03000, 247.
21.04000, 266.
21.05000, 240.
21.06000, 241.
21.07000, 248.
21.08000, 237.
21.09000, 233.
21.10000, 227.
21.11000, 232.
21.12000, 235.
21.13000, 222.
21.14000, 250.
21.15000, 223.
21.16000, 190.
21.17000, 203.
21.18000, 212.
21.19000, 202.
21.20000, 193.
21.21000, 229.
21.22000, 222.
21.23000, 202.
21.24000, 197.
21.25000, 210.
21.26000, 213.
21.27000, 206.
21.28000, 200.
21.29000, 180.
21.30000, 170.
21.31000, 177.
21.32000, 193.
21.33000, 162.
21.34000, 173.
21.35000, 184.
21.36000, 163.
21.37000, 192.
21.38000, 156.
21.39000, 168.
21.40000, 157.
21.41000, 174.
21.42000, 155.
21.43000, 158.
21.44000, 142.
21.45000, 146.
21.46000, 129.
21.47000, 163.
21.48000, 135.
21.49000, 158.
21.50000, 129.
21.51000, 147.
21.52000, 141.
21.53000, 127.
21.54000, 137.
21.55000, 123.
21.56000, 143.
21.57000, 102.
21.58000, 132.
21.59000, 139.
21.60000, 136.
21.61000, 150.
21.62000, 132.
21.63000, 124.
21.64000, 118.
21.65000, 111.
21.66000, 127.
21.67000, 121.
21.68000, 120.
21.69000, 105.
21.70000, 133.
21.71000, 117.
21.72000, 102.
21.73000, 105.
21.74000, 121.
21.75000, 120.
21.76000, 95.
21.77000, 113.
21.78000, 124.
21.79000, 114.
21.80000, 98.
21.81000, 92.
21.82000, 108.
21.83000, 103.
21.84000, 106.
21.85000, 112.
21.86000, 93.
21.87000, 119.
21.88000, 99.
21.89000, 94.
21.90000, 90.
21.91000, 95.
21.92000, 96.
21.93000, 112.
21.94000, 97.
21.95000, 91.
21.96000, 83.
21.97000, 98.
21.98000, 83.
21.99000, 105.
22.00000, 97.
22.01000, 101.
22.02000, 101.
22.03000, 101.
22.04000, 78.
22.05000, 79.
22.06000, 96.
22.07000, 98.
22.08000, 104.
22.09000, 83.
22.10000, 99.
22.11000, 81.
22.12000, 92.
22.13000, 84.
22.14000, 91.
22.15000, 87.
22.16000, 78.
22.17000, 91.
22.18000, 81.
22.19000, 77.
22.20000, 79.
22.21000, 99.
22.22000, 84.
22.23000, 88.
22.24000, 95.
22.25000, 95.
22.26000, 94.
22.27000, 74.
22.28000, 91.
22.29000, 101.
22.30000, 105.
22.31000, 85.
22.32000, 83.
22.33000, 85.
22.34000, 72.
22.35000, 75.
22.36000, 75.
22.37000, 72.
22.38000, 86.
22.39000, 84.
22.40000, 79.
22.41000, 86.
22.42000, 77.
22.43000, 71.
22.44000, 97.
22.45000, 89.
22.46000, 78.
22.47000, 92.
22.48000, 88.
22.49000, 85.
22.50000, 95.
22.51000, 106.
22.52000, 92.
22.53000, 89.
22.54000, 120.
22.55000, 103.
22.56000, 100.
22.57000, 126.
22.58000, 116.
22.59000, 114.
22.60000, 105.
22.61000, 129.
22.62000, 124.
22.63000, 127.
22.64000, 129.
22.65000, 127.
22.66000, 122.
22.67000, 118.
22.68000, 145.
22.69000, 160.
22.70000, 147.
22.71000, 117.
22.72000, 119.
22.73000, 118.
22.74000, 127.
22.75000, 124.
22.76000, 122.
22.77000, 126.
22.78000, 106.
22.79000, 108.
22.80000, 105.
22.81000, 95.
22.82000, 92.
22.83000, 113.
22.84000, 97.
22.85000, 85.
22.86000, 79.
22.87000, 99.
22.88000, 89.
22.89000, 68.
22.90000, 74.
22.91000, 79.
22.92000, 85.
22.93000, 87.
22.94000, 79.
22.95000, 71.
22.96000, 82.
22.97000, 72.
22.98000, 70.
22.99000, 69.
23.00000, 69.
23.01000, 79.
23.02000, 68.
23.03000, 91.
23.04000, 95.
23.05000, 74.
23.06000, 81.
23.07000, 91.
23.08000, 68.
23.09000, 87.
23.10000, 65.
23.11000, 80.
23.12000, 74.
23.13000, 81.
23.14000, 80.
23.15000, 81.
23.16000, 90.
23.17000, 78.
23.18000, 88.
23.19000, 74.
23.20000, 86.
23.21000, 74.
23.22000, 79.
23.23000, 75.
23.24000, 55.
23.25000, 83.
23.26000, 83.
23.27000, 63.
23.28000, 55.
23.29000, 73.
23.30000, 68.
23.31000, 69.
23.32000, 82.
23.33000, 77.
23.34000, 72.
23.35000, 66.
23.36000, 72.
23.37000, 58.
23.38000, 58.
23.39000, 57.
23.40000, 73.
23.41000, 58.
23.42000, 51.
23.43000, 66.
23.44000, 77.
23.45000, 60.
23.46000, 67.
23.47000, 74.
23.48000, 67.
23.49000, 66.
23.50000, 71.
23.51000, 64.
23.52000, 63.
23.53000, 64.
23.54000, 64.
23.55000, 65.
23.56000, 55.
23.57000, 60.
23.58000, 76.
23.59000, 84.
23.60000, 65.
23.61000, 69.
23.62000, 68.
23.63000, 79.
23.64000, 58.
23.65000, 62.
23.66000, 59.
23.67000, 67.
23.68000, 59.
23.69000, 64.
23.70000, 60.
23.71000, 53.
23.72000, 66.
23.73000, 55.
23.74000, 65.
23.75000, 55.
23.76000, 64.
23.77000, 72.
23.78000, 86.
23.79000, 70.
23.80000, 52.
23.81000, 64.
23.82000, 54.
23.83000, 69.
23.84000, 59.
23.85000, 76.
23.86000, 73.
23.87000, 69.
23.88000, 59.
23.89000, 71.
23.90000, 74.
23.91000, 69.
23.92000, 69.
23.93000, 63.
23.94000, 70.
23.95000, 66.
23.96000, 57.
23.97000, 48.
23.98000, 78.
23.99000, 50.
24.00000, 75.
24.01000, 71.
24.02000, 49.
24.03000, 60.
24.04000, 60.
24.05000, 70.
24.06000, 61.
24.07000, 57.
24.08000, 74.
24.09000, 73.
24.10000, 67.
24.11000, 67.
24.12000, 58.
24.13000, 72.
24.14000, 67.
24.15000, 58.
24.16000, 56.
24.17000, 56.
24.18000, 59.
24.19000, 66.
24.20000, 72.
24.21000, 59.
24.22000, 59.
24.23000, 69.
24.24000, 63.
24.25000, 72.
24.26000, 58.
24.27000, 64.
24.28000, 73.
24.29000, 57.
24.30000, 52.
24.31000, 51.
24.32000, 59.
24.33000, 59.
24.34000, 60.
24.35000, 64.
24.36000, 63.
24.37000, 63.
24.38000, 78.
24.39000, 50.
24.40000, 71.
24.41000, 59.
24.42000, 73.
24.43000, 56.
24.44000, 62.
24.45000, 54.
24.46000, 60.
24.47000, 60.
24.48000, 66.
24.49000, 66.
24.50000, 55.
24.51000, 43.
24.52000, 65.
24.53000, 60.
24.54000, 71.
24.55000, 49.
24.56000, 52.
24.57000, 64.
24.58000, 62.
24.59000, 68.
24.60000, 51.
24.61000, 59.
24.62000, 56.
24.63000, 58.
24.64000, 59.
24.65000, 49.
24.66000, 58.
24.67000, 66.
24.68000, 58.
24.69000, 67.
24.70000, 53.
24.71000, 54.
24.72000, 55.
24.73000, 57.
24.74000, 53.
24.75000, 57.
24.76000, 74.
24.77000, 65.
24.78000, 51.
24.79000, 62.
24.80000, 68.
24.81000, 52.
24.82000, 57.
24.83000, 66.
24.84000, 72.
24.85000, 75.
24.86000, 50.
24.87000, 71.
24.88000, 68.
24.89000, 60.
24.90000, 60.
24.91000, 59.
24.92000, 65.
24.93000, 54.
24.94000, 63.
24.95000, 63.
24.96000, 63.
24.97000, 75.
24.98000, 61.
24.99000, 67.
25.00000, 59.
25.01000, 62.
25.02000, 67.
25.03000, 66.
25.04000, 76.
25.05000, 61.
25.06000, 53.
25.07000, 74.
25.08000, 72.
25.09000, 65.
25.10000, 60.
25.11000, 62.
25.12000, 74.
25.13000, 72.
25.14000, 71.
25.15000, 66.
25.16000, 57.
25.17000, 59.
25.18000, 66.
25.19000, 62.
25.20000, 68.
25.21000, 74.
25.22000, 77.
25.23000, 58.
25.24000, 69.
25.25000, 80.
25.26000, 57.
25.27000, 56.
25.28000, 68.
25.29000, 60.
25.30000, 58.
25.31000, 61.
25.32000, 57.
25.33000, 68.
25.34000, 55.
25.35000, 52.
25.36000, 63.
25.37000, 58.
25.38000, 50.
25.39000, 61.
25.40000, 70.
25.41000, 62.
25.42000, 60.
25.43000, 68.
25.44000, 56.
25.45000, 52.
25.46000, 63.
25.47000, 51.
25.48000, 48.
25.49000, 68.
25.50000, 58.
25.51000, 62.
25.52000, 60.
25.53000, 46.
25.54000, 67.
25.55000, 57.
25.56000, 59.
25.57000, 68.
25.58000, 69.
25.59000, 59.
25.60000, 62.
25.61000, 65.
25.62000, 57.
25.63000, 64.
25.64000, 43.
25.65000, 66.
25.66000, 64.
25.67000, 56.
25.68000, 73.
25.69000, 55.
25.70000, 65.
25.71000, 48.
25.72000, 58.
25.73000, 63.
25.74000, 49.
25.75000, 61.
25.76000, 52.
25.77000, 56.
25.78000, 52.
25.79000, 56.
25.80000, 51.
25.81000, 49.
25.82000, 59.
25.83000, 62.
25.84000, 48.
25.85000, 61.
25.86000, 55.
25.87000, 53.
25.88000, 43.
25.89000, 50.
25.90000, 55.
25.91000, 44.
25.92000, 45.
25.93000, 53.
25.94000, 76.
25.95000, 59.
25.96000, 48.
25.97000, 66.
25.98000, 48.
25.99000, 49.
26.00000, 68.
26.01000, 55.
26.02000, 52.
26.03000, 46.
26.04000, 43.
26.05000, 36.
26.06000, 56.
26.07000, 37.
26.08000, 57.
26.09000, 65.
26.10000, 49.
26.11000, 57.
26.12000, 56.
26.13000, 50.
26.14000, 73.
26.15000, 49.
26.16000, 51.
26.17000, 52.
26.18000, 53.
26.19000, 50.
26.20000, 49.
26.21000, 69.
26.22000, 61.
26.23000, 45.
26.24000, 51.
26.25000, 52.
26.26000, 50.
26.27000, 48.
26.28000, 47.
26.29000, 50.
26.30000, 57.
26.31000, 51.
26.32000, 53.
26.33000, 51.
26.34000, 47.
26.35000, 40.
26.36000, 57.
26.37000, 54.
26.38000, 49.
26.39000, 70.
26.40000, 50.
26.41000, 51.
26.42000, 59.
26.43000, 59.
26.44000, 57.
26.45000, 54.
26.46000, 53.
26.47000, 50.
26.48000, 35.
26.49000, 46.
26.50000, 34.
26.51000, 52.
26.52000, 55.
26.53000, 50.
26.54000, 59.
26.55000, 41.
26.56000, 56.
26.57000, 47.
26.58000, 46.
26.59000, 44.
26.60000, 52.
26.61000, 50.
26.62000, 48.
26.63000, 52.
26.64000, 56.
26.65000, 53.
26.66000, 50.
26.67000, 40.
26.68000, 54.
26.69000, 45.
26.70000, 60.
26.71000, 52.
26.72000, 50.
26.73000, 42.
26.74000, 57.
26.75000, 43.
26.76000, 49.
26.77000, 39.
26.78000, 48.
26.79000, 49.
26.80000, 51.
26.81000, 43.
26.82000, 44.
26.83000, 37.
26.84000, 63.
26.85000, 53.
26.86000, 59.
26.87000, 45.
26.88000, 49.
26.89000, 42.
26.90000, 49.
26.91000, 55.
26.92000, 52.
26.93000, 38.
26.94000, 39.
26.95000, 42.
26.96000, 49.
26.97000, 45.
26.98000, 42.
26.99000, 40.
27.00000, 45.
27.01000, 48.
27.02000, 35.
27.03000, 36.
27.04000, 45.
27.05000, 49.
27.06000, 46.
27.07000, 45.
27.08000, 64.
27.09000, 45.
27.10000, 48.
27.11000, 37.
27.12000, 42.
27.13000, 55.
27.14000, 44.
27.15000, 47.
27.16000, 47.
27.17000, 49.
27.18000, 57.
27.19000, 47.
27.20000, 46.
27.21000, 36.
27.22000, 57.
27.23000, 42.
27.24000, 42.
27.25000, 50.
27.26000, 46.
27.27000, 45.
27.28000, 50.
27.29000, 55.
27.30000, 44.
27.31000, 53.
27.32000, 48.
27.33000, 44.
27.34000, 55.
27.35000, 52.
27.36000, 47.
27.37000, 45.
27.38000, 47.
27.39000, 45.
27.40000, 42.
27.41000, 41.
27.42000, 35.
27.43000, 51.
27.44000, 54.
27.45000, 54.
27.46000, 31.
27.47000, 45.
27.48000, 37.
27.49000, 39.
27.50000, 45.
27.51000, 41.
27.52000, 43.
27.53000, 62.
27.54000, 41.
27.55000, 49.
27.56000, 48.
27.57000, 56.
27.58000, 41.
27.59000, 46.
27.60000, 49.
27.61000, 55.
27.62000, 46.
27.63000, 55.
27.64000, 44.
27.65000, 36.
27.66000, 49.
27.67000, 46.
27.68000, 48.
27.69000, 46.
27.70000, 44.
27.71000, 42.
27.72000, 58.
27.73000, 39.
27.74000, 38.
27.75000, 42.
27.76000, 41.
27.77000, 37.
27.78000, 44.
27.79000, 44.
27.80000, 43.
27.81000, 45.
27.82000, 55.
27.83000, 46.
27.84000, 48.
27.85000, 41.
27.86000, 44.
27.87000, 42.
27.88000, 44.
27.89000, 50.
27.90000, 38.
27.91000, 52.
27.92000, 37.
27.93000, 54.
27.94000, 48.
27.95000, 31.
27.96000, 40.
27.97000, 35.
27.98000, 40.
27.99000, 40.
28.00000, 52.
28.01000, 51.
28.02000, 39.
28.03000, 31.
28.04000, 53.
28.05000, 42.
28.06000, 51.
28.07000, 43.
28.08000, 41.
28.09000, 47.
28.10000, 56.
28.11000, 38.
28.12000, 50.
28.13000, 42.
28.14000, 37.
28.15000, 41.
28.16000, 38.
28.17000, 39.
28.18000, 38.
28.19000, 40.
28.20000, 49.
28.21000, 40.
28.22000, 34.
28.23000, 51.
28.24000, 38.
28.25000, 38.
28.26000, 41.
28.27000, 42.
28.28000, 44.
28.29000, 48.
28.30000, 45.
28.31000, 48.
28.32000, 42.
28.33000, 42.
28.34000, 30.
28.35000, 37.
28.36000, 46.
28.37000, 42.
28.38000, 51.
28.39000, 61.
28.40000, 50.
28.41000, 31.
28.42000, 49.
28.43000, 40.
28.44000, 40.
28.45000, 37.
28.46000, 39.
28.47000, 34.
28.48000, 49.
28.49000, 38.
28.50000, 54.
28.51000, 50.
28.52000, 42.
28.53000, 35.
28.54000, 43.
28.55000, 44.
28.56000, 35.
28.57000, 36.
28.58000, 41.
28.59000, 43.
28.60000, 35.
28.61000, 38.
28.62000, 35.
28.63000, 44.
28.64000, 33.
28.65000, 34.
28.66000, 37.
28.67000, 29.
28.68000, 42.
28.69000, 38.
28.70000, 46.
28.71000, 38.
28.72000, 32.
28.73000, 42.
28.74000, 37.
28.75000, 37.
28.76000, 29.
28.77000, 42.
28.78000, 39.
28.79000, 41.
28.80000, 41.
28.81000, 46.
28.82000, 33.
28.83000, 39.
28.84000, 31.
28.85000, 30.
28.86000, 24.
28.87000, 42.
28.88000, 26.
28.89000, 36.
28.90000, 27.
28.91000, 42.
28.92000, 40.
28.93000, 41.
28.94000, 40.
28.95000, 38.
28.96000, 35.
28.97000, 42.
28.98000, 46.
28.99000, 32.
29.00000, 31.
29.01000, 31.
29.02000, 42.
29.03000, 42.
29.04000, 30.
29.05000, 44.
29.06000, 29.
29.07000, 45.
29.08000, 49.
29.09000, 47.
29.10000, 29.
29.11000, 30.
29.12000, 33.
29.13000, 27.
29.14000, 47.
29.15000, 35.
29.16000, 40.
29.17000, 35.
29.18000, 45.
29.19000, 33.
29.20000, 42.
29.21000, 37.
29.22000, 35.
29.23000, 41.
29.24000, 33.
29.25000, 35.
29.26000, 42.
29.27000, 35.
29.28000, 23.
29.29000, 36.
29.30000, 39.
29.31000, 30.
29.32000, 32.
29.33000, 30.
29.34000, 39.
29.35000, 38.
29.36000, 43.
29.37000, 42.
29.38000, 36.
29.39000, 30.
29.40000, 36.
29.41000, 29.
29.42000, 30.
29.43000, 29.
29.44000, 34.
29.45000, 44.
29.46000, 33.
29.47000, 33.
29.48000, 36.
29.49000, 26.
29.50000, 33.
29.51000, 46.
29.52000, 49.
29.53000, 32.
29.54000, 31.
29.55000, 33.
29.56000, 40.
29.57000, 33.
29.58000, 34.
29.59000, 27.
29.60000, 27.
29.61000, 40.
29.62000, 42.
29.63000, 37.
29.64000, 40.
29.65000, 34.
29.66000, 39.
29.67000, 32.
29.68000, 41.
29.69000, 41.
29.70000, 30.
29.71000, 34.
29.72000, 37.
29.73000, 33.
29.74000, 30.
29.75000, 43.
29.76000, 36.
29.77000, 36.
29.78000, 36.
29.79000, 38.
29.80000, 36.
29.81000, 32.
29.82000, 27.
29.83000, 45.
29.84000, 39.
29.85000, 34.
29.86000, 35.
29.87000, 36.
29.88000, 46.
29.89000, 32.
29.90000, 34.
29.91000, 31.
29.92000, 31.
29.93000, 31.
29.94000, 43.
29.95000, 26.
29.96000, 34.
29.97000, 32.
29.98000, 39.
29.99000, 35.
30.00000, 30.
30.01000, 28.
30.02000, 31.
30.03000, 27.
30.04000, 32.
30.05000, 37.
30.06000, 29.
30.07000, 38.
30.08000, 31.
30.09000, 36.
30.10000, 26.
30.11000, 40.
30.12000, 33.
30.13000, 31.
30.14000, 21.
30.15000, 47.
30.16000, 36.
30.17000, 35.
30.18000, 24.
30.19000, 28.
30.20000, 26.
30.21000, 37.
30.22000, 29.
30.23000, 33.
30.24000, 33.
30.25000, 27.
30.26000, 41.
30.27000, 42.
30.28000, 30.
30.29000, 30.
30.30000, 39.
30.31000, 40.
30.32000, 44.
30.33000, 25.
30.34000, 24.
30.35000, 32.
30.36000, 43.
30.37000, 33.
30.38000, 41.
30.39000, 25.
30.40000, 32.
30.41000, 24.
30.42000, 26.
30.43000, 20.
30.44000, 34.
30.45000, 27.
30.46000, 31.
30.47000, 34.
30.48000, 30.
30.49000, 39.
30.50000, 31.
30.51000, 35.
30.52000, 34.
30.53000, 33.
30.54000, 36.
30.55000, 34.
30.56000, 25.
30.57000, 30.
30.58000, 25.
30.59000, 40.
30.60000, 30.
30.61000, 33.
30.62000, 31.
30.63000, 25.
30.64000, 28.
30.65000, 31.
30.66000, 44.
30.67000, 32.
30.68000, 29.
30.69000, 24.
30.70000, 34.
30.71000, 28.
30.72000, 30.
30.73000, 26.
30.74000, 24.
30.75000, 36.
30.76000, 30.
30.77000, 23.
30.78000, 17.
30.79000, 33.
30.80000, 15.
30.81000, 29.
30.82000, 37.
30.83000, 37.
30.84000, 38.
30.85000, 30.
30.86000, 28.
30.87000, 31.
30.88000, 33.
30.89000, 21.
30.90000, 32.
30.91000, 29.
30.92000, 22.
30.93000, 35.
30.94000, 29.
30.95000, 35.
30.96000, 21.
30.97000, 36.
30.98000, 31.
30.99000, 32.
31.00000, 25.
31.01000, 32.
31.02000, 34.
31.03000, 18.
31.04000, 29.
31.05000, 33.
31.06000, 30.
31.07000, 23.
31.08000, 21.
31.09000, 32.
31.10000, 20.
31.11000, 28.
31.12000, 20.
31.13000, 24.
31.14000, 33.
31.15000, 33.
31.16000, 23.
31.17000, 27.
31.18000, 22.
31.19000, 32.
31.20000, 24.
31.21000, 35.
31.22000, 28.
31.23000, 27.
31.24000, 32.
31.25000, 18.
31.26000, 19.
31.27000, 26.
31.28000, 28.
31.29000, 24.
31.30000, 24.
31.31000, 32.
31.32000, 29.
31.33000, 27.
31.34000, 23.
31.35000, 32.
31.36000, 24.
31.37000, 29.
31.38000, 29.
31.39000, 24.
31.40000, 31.
31.41000, 33.
31.42000, 23.
31.43000, 31.
31.44000, 41.
31.45000, 39.
31.46000, 23.
31.47000, 29.
31.48000, 24.
31.49000, 31.
31.50000, 34.
31.51000, 26.
31.52000, 29.
31.53000, 31.
31.54000, 29.
31.55000, 36.
31.56000, 26.
31.57000, 27.
31.58000, 26.
31.59000, 31.
31.60000, 21.
31.61000, 33.
31.62000, 28.
31.63000, 35.
31.64000, 28.
31.65000, 29.
31.66000, 47.
31.67000, 21.
31.68000, 26.
31.69000, 36.
31.70000, 32.
31.71000, 29.
31.72000, 50.
31.73000, 29.
31.74000, 28.
31.75000, 24.
31.76000, 30.
31.77000, 32.
31.78000, 41.
31.79000, 26.
31.80000, 27.
31.81000, 39.
31.82000, 30.
31.83000, 34.
31.84000, 30.
31.85000, 30.
31.86000, 24.
31.87000, 25.
31.88000, 24.
31.89000, 23.
31.90000, 37.
31.91000, 27.
31.92000, 32.
31.93000, 27.
31.94000, 28.
31.95000, 19.
31.96000, 27.
31.97000, 31.
31.98000, 37.
31.99000, 30.
32.00000, 27.
32.01000, 34.
32.02000, 36.
32.03000, 30.
32.04000, 21.
32.05000, 34.
32.06000, 36.
32.07000, 30.
32.08000, 36.
32.09000, 36.
32.10000, 25.
32.11000, 33.
32.12000, 30.
32.13000, 36.
32.14000, 23.
32.15000, 28.
32.16000, 31.
32.17000, 25.
32.18000, 39.
32.19000, 32.
32.20000, 30.
32.21000, 39.
32.22000, 34.
32.23000, 29.
32.24000, 30.
32.25000, 29.
32.26000, 31.
32.27000, 38.
32.28000, 22.
32.29000, 25.
32.30000, 25.
32.31000, 15.
32.32000, 30.
32.33000, 25.
32.34000, 29.
32.35000, 31.
32.36000, 21.
32.37000, 21.
32.38000, 27.
32.39000, 25.
32.40000, 22.
32.41000, 26.
32.42000, 27.
32.43000, 24.
32.44000, 23.
32.45000, 30.
32.46000, 25.
32.47000, 29.
32.48000, 24.
32.49000, 27.
32.50000, 23.
32.51000, 23.
32.52000, 21.
32.53000, 20.
32.54000, 27.
32.55000, 19.
32.56000, 30.
32.57000, 20.
32.58000, 24.
32.59000, 28.
32.60000, 22.
32.61000, 25.
32.62000, 24.
32.63000, 18.
32.64000, 17.
32.65000, 19.
32.66000, 24.
32.67000, 14.
32.68000, 21.
32.69000, 26.
32.70000, 28.
32.71000, 24.
32.72000, 21.
32.73000, 19.
32.74000, 18.
32.75000, 22.
32.76000, 15.
32.77000, 27.
32.78000, 22.
32.79000, 25.
32.80000, 15.
32.81000, 24.
32.82000, 29.
32.83000, 27.
32.84000, 17.
32.85000, 25.
32.86000, 18.
32.87000, 25.
32.88000, 15.
32.89000, 26.
32.90000, 24.
32.91000, 17.
32.92000, 29.
32.93000, 19.
32.94000, 15.
32.95000, 24.
32.96000, 22.
32.97000, 25.
32.98000, 25.
32.99000, 22.
33.00000, 24.
33.01000, 29.
33.02000, 24.
33.03000, 21.
33.04000, 26.
33.05000, 20.
33.06000, 15.
33.07000, 17.
33.08000, 17.
33.09000, 22.
33.10000, 21.
33.11000, 24.
33.12000, 27.
33.13000, 19.
33.14000, 20.
33.15000, 15.
33.16000, 22.
33.17000, 22.
33.18000, 14.
33.19000, 16.
33.20000, 25.
33.21000, 19.
33.22000, 19.
33.23000, 24.
33.24000, 21.
33.25000, 30.
33.26000, 15.
33.27000, 20.
33.28000, 18.
33.29000, 26.
33.30000, 27.
33.31000, 26.
33.32000, 25.
33.33000, 25.
33.34000, 21.
33.35000, 17.
33.36000, 25.
33.37000, 24.
33.38000, 24.
33.39000, 23.
33.40000, 16.
33.41000, 39.
33.42000, 19.
33.43000, 23.
33.44000, 21.
33.45000, 21.
33.46000, 26.
33.47000, 23.
33.48000, 24.
33.49000, 21.
33.50000, 23.
33.51000, 17.
33.52000, 15.
33.53000, 22.
33.54000, 15.
33.55000, 18.
33.56000, 28.
33.57000, 19.
33.58000, 16.
33.59000, 17.
33.60000, 22.
33.61000, 23.
33.62000, 22.
33.63000, 26.
33.64000, 18.
33.65000, 20.
33.66000, 30.
33.67000, 20.
33.68000, 18.
33.69000, 28.
33.70000, 28.
33.71000, 20.
33.72000, 15.
33.73000, 19.
33.74000, 24.
33.75000, 18.
33.76000, 21.
33.77000, 13.
33.78000, 15.
33.79000, 19.
33.80000, 22.
33.81000, 21.
33.82000, 12.
33.83000, 19.
33.84000, 13.
33.85000, 17.
33.86000, 20.
33.87000, 16.
33.88000, 21.
33.89000, 19.
33.90000, 13.
33.91000, 26.
33.92000, 29.
33.93000, 19.
33.94000, 13.
33.95000, 15.
33.96000, 17.
33.97000, 15.
33.98000, 23.
33.99000, 23.
34.00000, 21.
34.01000, 20.
34.02000, 20.
34.03000, 23.
34.04000, 12.
34.05000, 18.
34.06000, 25.
34.07000, 16.
34.08000, 20.
34.09000, 29.
34.10000, 19.
34.11000, 24.
34.12000, 22.
34.13000, 16.
34.14000, 26.
34.15000, 19.
34.16000, 15.
34.17000, 19.
34.18000, 13.
34.19000, 16.
34.20000, 26.
34.21000, 24.
34.22000, 12.
34.23000, 18.
34.24000, 18.
34.25000, 17.
34.26000, 17.
34.27000, 9.
34.28000, 16.
34.29000, 17.
34.30000, 17.
34.31000, 20.
34.32000, 19.
34.33000, 24.
34.34000, 19.
34.35000, 24.
34.36000, 19.
34.37000, 20.
34.38000, 20.
34.39000, 22.
34.40000, 24.
34.41000, 20.
34.42000, 20.
34.43000, 18.
34.44000, 19.
34.45000, 23.
34.46000, 15.
34.47000, 24.
34.48000, 19.
34.49000, 23.
34.50000, 23.
34.51000, 9.
34.52000, 25.
34.53000, 21.
34.54000, 18.
34.55000, 20.
34.56000, 12.
34.57000, 17.
34.58000, 18.
34.59000, 18.
34.60000, 18.
34.61000, 22.
34.62000, 22.
34.63000, 21.
34.64000, 17.
34.65000, 12.
34.66000, 14.
34.67000, 10.
34.68000, 18.
34.69000, 19.
34.70000, 25.
34.71000, 20.
34.72000, 15.
34.73000, 16.
34.74000, 19.
34.75000, 20.
34.76000, 11.
34.77000, 13.
34.78000, 15.
34.79000, 21.
34.80000, 17.
34.81000, 17.
34.82000, 13.
34.83000, 21.
34.84000, 14.
34.85000, 19.
34.86000, 26.
34.87000, 21.
34.88000, 19.
34.89000, 14.
34.90000, 16.
34.91000, 8.
34.92000, 20.
34.93000, 12.
34.94000, 10.
34.95000, 12.
34.96000, 20.
34.97000, 10.
34.98000, 16.
34.99000, 18.
35.00000, 14.
35.01000, 14.
35.02000, 18.
35.03000, 15.
35.04000, 16.
35.05000, 11.
35.06000, 13.
35.07000, 21.
35.08000, 14.
35.09000, 17.
35.10000, 11.
35.11000, 16.
35.12000, 18.
35.13000, 21.
35.14000, 24.
35.15000, 15.
35.16000, 13.
35.17000, 21.
35.18000, 13.
35.19000, 12.
35.20000, 18.
35.21000, 19.
35.22000, 20.
35.23000, 18.
35.24000, 12.
35.25000, 16.
35.26000, 12.
35.27000, 13.
35.28000, 15.
35.29000, 12.
35.30000, 16.
35.31000, 24.
35.32000, 13.
35.33000, 12.
35.34000, 12.
35.35000, 15.
35.36000, 12.
35.37000, 16.
35.38000, 9.
35.39000, 20.
35.40000, 20.
35.41000, 12.
35.42000, 13.
35.43000, 9.
35.44000, 15.
35.45000, 17.
35.46000, 21.
35.47000, 18.
35.48000, 19.
35.49000, 14.
35.50000, 15.
35.51000, 22.
35.52000, 11.
35.53000, 16.
35.54000, 11.
35.55000, 17.
35.56000, 13.
35.57000, 15.
35.58000, 12.
35.59000, 17.
35.60000, 12.
35.61000, 16.
35.62000, 15.
35.63000, 19.
35.64000, 9.
35.65000, 17.
35.66000, 12.
35.67000, 14.
35.68000, 12.
35.69000, 14.
35.70000, 17.
35.71000, 7.
35.72000, 13.
35.73000, 19.
35.74000, 16.
35.75000, 13.
35.76000, 14.
35.77000, 20.
35.78000, 9.
35.79000, 11.
35.80000, 12.
35.81000, 14.
35.82000, 7.
35.83000, 14.
35.84000, 15.
35.85000, 11.
35.86000, 16.
35.87000, 12.
35.88000, 14.
35.89000, 17.
35.90000, 18.
35.91000, 15.
35.92000, 12.
35.93000, 12.
35.94000, 13.
35.95000, 8.
35.96000, 18.
35.97000, 14.
35.98000, 12.
35.99000, 14.
36.00000, 11.
36.01000, 10.
36.02000, 12.
36.03000, 18.
36.04000, 10.
36.05000, 13.
36.06000, 14.
36.07000, 11.
36.08000, 12.
36.09000, 12.
36.10000, 14.
36.11000, 14.
36.12000, 14.
36.13000, 12.
36.14000, 12.
36.15000, 14.
36.16000, 18.
36.17000, 12.
36.18000, 9.
36.19000, 14.
36.20000, 13.
36.21000, 9.
36.22000, 14.
36.23000, 9.
36.24000, 10.
36.25000, 10.
36.26000, 7.
36.27000, 14.
36.28000, 15.
36.29000, 10.
36.30000, 16.
36.31000, 23.
36.32000, 19.
36.33000, 13.
36.34000, 16.
36.35000, 20.
36.36000, 13.
36.37000, 12.
36.38000, 10.
36.39000, 13.
36.40000, 14.
36.41000, 17.
36.42000, 24.
36.43000, 6.
36.44000, 12.
36.45000, 11.
36.46000, 10.
36.47000, 12.
36.48000, 10.
36.49000, 9.
36.50000, 16.
36.51000, 11.
36.52000, 9.
36.53000, 17.
36.54000, 15.
36.55000, 11.
36.56000, 8.
36.57000, 10.
36.58000, 14.
36.59000, 15.
36.60000, 13.
36.61000, 6.
36.62000, 13.
36.63000, 19.
36.64000, 8.
36.65000, 8.
36.66000, 17.
36.67000, 15.
36.68000, 11.
36.69000, 5.
36.70000, 12.
36.71000, 13.
36.72000, 15.
36.73000, 12.
36.74000, 9.
36.75000, 9.
36.76000, 22.
36.77000, 12.
36.78000, 9.
36.79000, 20.
36.80000, 10.
36.81000, 15.
36.82000, 10.
36.83000, 6.
36.84000, 16.
36.85000, 7.
36.86000, 9.
36.87000, 13.
36.88000, 10.
36.89000, 8.
36.90000, 10.
36.91000, 9.
36.92000, 12.
36.93000, 10.
36.94000, 11.
36.95000, 9.
36.96000, 8.
36.97000, 6.
36.98000, 14.
36.99000, 14.
37.00000, 8.
37.01000, 15.
37.02000, 11.
37.03000, 15.
37.04000, 19.
37.05000, 9.
37.06000, 12.
37.07000, 9.
37.08000, 17.
37.09000, 9.
37.10000, 12.
37.11000, 13.
37.12000, 7.
37.13000, 13.
37.14000, 14.
37.15000, 13.
37.16000, 11.
37.17000, 12.
37.18000, 9.
37.19000, 12.
37.20000, 14.
37.21000, 10.
37.22000, 12.
37.23000, 10.
37.24000, 5.
37.25000, 9.
37.26000, 8.
37.27000, 12.
37.28000, 12.
37.29000, 7.
37.30000, 9.
37.31000, 13.
37.32000, 10.
37.33000, 12.
37.34000, 12.
37.35000, 16.
37.36000, 14.
37.37000, 9.
37.38000, 10.
37.39000, 13.
37.40000, 17.
37.41000, 11.
37.42000, 13.
37.43000, 6.
37.44000, 11.
37.45000, 12.
37.46000, 11.
37.47000, 12.
37.48000, 16.
37.49000, 13.
37.50000, 11.
37.51000, 10.
37.52000, 9.
37.53000, 5.
37.54000, 6.
37.55000, 9.
37.56000, 13.
37.57000, 6.
37.58000, 10.
37.59000, 8.
37.60000, 10.
37.61000, 7.
37.62000, 8.
37.63000, 12.
37.64000, 9.
37.65000, 14.
37.66000, 12.
37.67000, 7.
37.68000, 11.
37.69000, 10.
37.70000, 10.
37.71000, 10.
37.72000, 6.
37.73000, 11.
37.74000, 12.
37.75000, 7.
37.76000, 13.
37.77000, 9.
37.78000, 7.
37.79000, 12.
37.80000, 11.
37.81000, 15.
37.82000, 15.
37.83000, 6.
37.84000, 13.
37.85000, 8.
37.86000, 10.
37.87000, 8.
37.88000, 7.
37.89000, 12.
37.90000, 12.
37.91000, 9.
37.92000, 9.
37.93000, 6.
37.94000, 12.
37.95000, 6.
37.96000, 7.
37.97000, 7.
37.98000, 9.
37.99000, 8.
38.00000, 10.
38.01000, 9.
38.02000, 5.
38.03000, 9.
38.04000, 14.
38.05000, 10.
38.06000, 7.
38.07000, 8.
38.08000, 8.
38.09000, 10.
38.10000, 4.
38.11000, 6.
38.12000, 7.
38.13000, 12.
38.14000, 11.
38.15000, 5.
38.16000, 11.
38.17000, 7.
38.18000, 8.
38.19000, 7.
38.20000, 6.
38.21000, 7.
38.22000, 7.
38.23000, 8.
38.24000, 5.
38.25000, 8.
38.26000, 5.
38.27000, 10.
38.28000, 5.
38.29000, 7.
38.30000, 4.
38.31000, 7.
38.32000, 11.
38.33000, 9.
38.34000, 10.
38.35000, 9.
38.36000, 6.
38.37000, 11.
38.38000, 5.
38.39000, 5.
38.40000, 2.
38.41000, 3.
38.42000, 5.
38.43000, 4.
38.44000, 5.
38.45000, 6.
38.46000, 5.
38.47000, 7.
38.48000, 13.
38.49000, 3.
38.50000, 7.
38.51000, 6.
38.52000, 11.
38.53000, 6.
38.54000, 5.
38.55000, 6.
38.56000, 6.
38.57000, 8.
38.58000, 3.
38.59000, 12.
38.60000, 6.
38.61000, 10.
38.62000, 12.
38.63000, 3.
38.64000, 12.
38.65000, 9.
38.66000, 6.
38.67000, 9.
38.68000, 7.
38.69000, 10.
38.70000, 9.
38.71000, 5.
38.72000, 5.
38.73000, 5.
38.74000, 6.
38.75000, 12.
38.76000, 10.
38.77000, 5.
38.78000, 4.
38.79000, 7.
38.80000, 4.
38.81000, 3.
38.82000, 9.
38.83000, 8.
38.84000, 8.
38.85000, 10.
38.86000, 7.
38.87000, 6.
38.88000, 10.
38.89000, 6.
38.90000, 7.
38.91000, 7.
38.92000, 11.
38.93000, 7.
38.94000, 9.
38.95000, 9.
38.96000, 3.
38.97000, 6.
38.98000, 10.
38.99000, 0.
39.00000, 8.
39.01000, 8.
39.02000, 6.
39.03000, 9.
39.04000, 9.
39.05000, 6.
39.06000, 7.
39.07000, 8.
39.08000, 12.
39.09000, 7.
39.10000, 9.
39.11000, 7.
39.12000, 7.
39.13000, 10.
39.14000, 4.
39.15000, 6.
39.16000, 4.
39.17000, 5.
39.18000, 10.
39.19000, 5.
39.20000, 3.
39.21000, 5.
39.22000, 6.
39.23000, 8.
39.24000, 10.
39.25000, 7.
39.26000, 3.
39.27000, 7.
39.28000, 9.
39.29000, 9.
39.30000, 5.
39.31000, 6.
39.32000, 8.
39.33000, 7.
39.34000, 7.
39.35000, 8.
39.36000, 9.
39.37000, 4.
39.38000, 1.
39.39000, 8.
39.40000, 2.
39.41000, 4.
39.42000, 6.
39.43000, 3.
39.44000, 8.
39.45000, 6.
39.46000, 1.
39.47000, 4.
39.48000, 7.
39.49000, 3.
39.50000, 6.
39.51000, 8.
39.52000, 2.
39.53000, 5.
39.54000, 5.
39.55000, 6.
39.56000, 4.
39.57000, 5.
39.58000, 6.
39.59000, 3.
39.60000, 7.
39.61000, 4.
39.62000, 3.
39.63000, 1.
39.64000, 2.
39.65000, 3.
39.66000, 4.
39.67000, 5.
39.68000, 7.
39.69000, 4.
39.70000, 3.
39.71000, 6.
39.72000, 4.
39.73000, 8.
39.74000, 4.
39.75000, 7.
39.76000, 5.
39.77000, 7.
39.78000, 4.
39.79000, 2.
39.80000, 7.
39.81000, 6.
39.82000, 8.
39.83000, 5.
39.84000, 3.
39.85000, 4.
39.86000, 7.
39.87000, 5.
39.88000, 7.
39.89000, 5.
39.90000, 0.
39.91000, 8.
39.92000, 3.
39.93000, 7.
39.94000, 10.
39.95000, 2.
39.96000, 9.
39.97000, 2.
39.98000, 7.
39.99000, 3.
40.00000, 7.
40.01000, 5.
40.02000, 7.
40.03000, 6.
40.04000, 7.
40.05000, 4.
40.06000, 9.
40.07000, 3.
40.08000, 5.
40.09000, 6.
40.10000, 4.
40.11000, 5.
40.12000, 4.
40.13000, 2.
40.14000, 3.
40.15000, 2.
40.16000, 2.
40.17000, 5.
40.18000, 4.
40.19000, 5.
40.20000, 7.
40.21000, 9.
40.22000, 8.
40.23000, 5.
40.24000, 4.
40.25000, 6.
40.26000, 2.
40.27000, 5.
40.28000, 2.
40.29000, 5.
40.30000, 4.
40.31000, 4.
40.32000, 5.
40.33000, 7.
40.34000, 6.
40.35000, 7.
40.36000, 5.
40.37000, 6.
40.38000, 4.
40.39000, 2.
40.40000, 3.
40.41000, 8.
40.42000, 2.
40.43000, 4.
40.44000, 3.
40.45000, 4.
40.46000, 4.
40.47000, 2.
40.48000, 6.
40.49000, 1.
40.50000, 3.
40.51000, 8.
40.52000, 3.
40.53000, 5.
40.54000, 6.
40.55000, 0.
#ENDOFDATA   : 
