#FORMAT      : EMSA/MAS Spectral Data File
#VERSION     : 1.0
#TITLE       : oreas 460b 3
#DATE        : 23-JUL-2026
#TIME        : 11:33
#OWNER       : XGT7200
#NPOINTS     : 4096.
#NCOLUMNS    : 1.
#XUNITS      : keV
#YUNITS      : counts
#DATATYPE    : XY
#XPERCHAN    : 0.0100000
#OFFSET      : -0.400000
#SIGNALTYPE  : EDS
#CHOFFSET    : 40.0000
#LIVETIME    : 30.000000
#REALTIME    : 39.585209
#BEAMKV      : 50.0000
#PROBECUR    : 592000.
#MAGCAM      : 100.000
#XTILTSTGE   : 0.0
#AZIMANGLE   : 0.0
#ELEVANGLE   : 45.0
#XPOSITION mm: 0.0000
#YPOSITION mm: 0.0000
#ZPOSITION mm: 0.0000
##OXINSTPT   : 4
##OXINSTSTROB: 71.66
##OXINSTELEMS: 13,14,19,20,21,22,26,33,37,39,40,41
##OXINSTLABEL: 26, 6.404, Fe
##OXINSTLABEL: 26, 7.058, Fe
##OXINSTLABEL: 26, 0.705, Fe
##OXINSTLABEL: 26, 0.628, Fe
##OXINSTLABEL: 13, 1.487, Al
##OXINSTLABEL: 14, 1.740, Si
##OXINSTLABEL: 33, 10.544, As
##OXINSTLABEL: 33, 11.726, As
##OXINSTLABEL: 33, 1.282, As
##OXINSTLABEL: 33, 1.155, As
##OXINSTLABEL: 33, 1.120, As
##OXINSTLABEL: 22, 4.511, Ti
##OXINSTLABEL: 22, 4.932, Ti
##OXINSTLABEL: 22, 0.452, Ti
##OXINSTLABEL: 22, 0.401, Ti
##OXINSTLABEL: 40, 15.775, Zr
##OXINSTLABEL: 40, 17.668, Zr
##OXINSTLABEL: 40, 17.970, Zr
##OXINSTLABEL: 40, 2.042, Zr
##OXINSTLABEL: 40, 1.877, Zr
##OXINSTLABEL: 40, 2.503, Zr
##OXINSTLABEL: 40, 1.792, Zr
##OXINSTLABEL: 19, 3.314, K
##OXINSTLABEL: 19, 3.590, K
##OXINSTLABEL: 19, 0.262, K
##OXINSTLABEL: 37, 13.396, Rb
##OXINSTLABEL: 37, 14.962, Rb
##OXINSTLABEL: 37, 1.694, Rb
##OXINSTLABEL: 37, 1.542, Rb
##OXINSTLABEL: 37, 1.482, Rb
##OXINSTLABEL: 41, 16.615, Nb
##OXINSTLABEL: 41, 18.623, Nb
##OXINSTLABEL: 41, 18.953, Nb
##OXINSTLABEL: 41, 2.166, Nb
##OXINSTLABEL: 41, 1.996, Nb
##OXINSTLABEL: 41, 2.664, Nb
##OXINSTLABEL: 41, 1.902, Nb
##OXINSTLABEL: 20, 3.692, Ca
##OXINSTLABEL: 20, 4.013, Ca
##OXINSTLABEL: 20, 0.341, Ca
##OXINSTLABEL: 20, 0.306, Ca
##OXINSTLABEL: 21, 4.091, Sc
##OXINSTLABEL: 21, 4.460, Sc
##OXINSTLABEL: 21, 0.395, Sc
##OXINSTLABEL: 21, 0.353, Sc
##OXINSTLABEL: 39, 14.959, Y
##OXINSTLABEL: 39, 16.738, Y
##OXINSTLABEL: 39, 17.016, Y
##OXINSTLABEL: 39, 1.923, Y
##OXINSTLABEL: 39, 1.761, Y
##OXINSTLABEL: 39, 1.685, Y
#SPECTRUM    : Spectral Data Starts Here
-0.40000, 0.
-0.39000, 0.
-0.38000, 0.
-0.37000, 0.
-0.36000, 0.
-0.35000, 0.
-0.34000, 0.
-0.33000, 0.
-0.32000, 0.
-0.31000, 0.
-0.30000, 0.
-0.29000, 0.
-0.28000, 0.
-0.27000, 0.
-0.26000, 0.
-0.25000, 0.
-0.24000, 0.
-0.23000, 0.
-0.22000, 0.
-0.21000, 0.
-0.20000, 0.
-0.19000, 0.
-0.18000, 0.
-0.17000, 0.
-0.16000, 0.
-0.15000, 0.
-0.14000, 0.
-0.13000, 0.
-0.12000, 0.
-0.11000, 0.
-0.10000, 0.
-0.09000, 0.
-0.08000, 0.
-0.07000, 0.
-0.06000, 0.
-0.05000, 0.
-0.04000, 0.
-0.03000, 0.
-0.02000, 0.
-0.01000, 0.
0.00000, 0.
0.01000, 0.
0.02000, 0.
0.03000, 0.
0.04000, 0.
0.05000, 0.
0.06000, 0.
0.07000, 0.
0.08000, 0.
0.09000, 0.
0.10000, 0.
0.11000, 0.
0.12000, 0.
0.13000, 0.
0.14000, 0.
0.15000, 0.
0.16000, 0.
0.17000, 0.
0.18000, 0.
0.19000, 0.
0.20000, 0.
0.21000, 0.
0.22000, 0.
0.23000, 0.
0.24000, 0.
0.25000, 0.
0.26000, 0.
0.27000, 0.
0.28000, 0.
0.29000, 0.
0.30000, 1.
0.31000, 0.
0.32000, 1.
0.33000, 1.
0.34000, 0.
0.35000, 3.
0.36000, 4.
0.37000, 6.
0.38000, 12.
0.39000, 16.
0.40000, 13.
0.41000, 29.
0.42000, 34.
0.43000, 42.
0.44000, 41.
0.45000, 32.
0.46000, 32.
0.47000, 39.
0.48000, 36.
0.49000, 37.
0.50000, 41.
0.51000, 45.
0.52000, 43.
0.53000, 37.
0.54000, 54.
0.55000, 32.
0.56000, 38.
0.57000, 42.
0.58000, 34.
0.59000, 33.
0.60000, 49.
0.61000, 40.
0.62000, 40.
0.63000, 32.
0.64000, 51.
0.65000, 30.
0.66000, 43.
0.67000, 40.
0.68000, 25.
0.69000, 22.
0.70000, 45.
0.71000, 31.
0.72000, 50.
0.73000, 33.
0.74000, 34.
0.75000, 31.
0.76000, 38.
0.77000, 38.
0.78000, 50.
0.79000, 32.
0.80000, 28.
0.81000, 31.
0.82000, 39.
0.83000, 40.
0.84000, 39.
0.85000, 33.
0.86000, 36.
0.87000, 34.
0.88000, 30.
0.89000, 37.
0.90000, 43.
0.91000, 34.
0.92000, 43.
0.93000, 46.
0.94000, 40.
0.95000, 34.
0.96000, 45.
0.97000, 39.
0.98000, 48.
0.99000, 32.
1.00000, 39.
1.01000, 39.
1.02000, 31.
1.03000, 45.
1.04000, 38.
1.05000, 28.
1.06000, 52.
1.07000, 35.
1.08000, 24.
1.09000, 36.
1.10000, 35.
1.11000, 38.
1.12000, 33.
1.13000, 30.
1.14000, 34.
1.15000, 24.
1.16000, 39.
1.17000, 32.
1.18000, 33.
1.19000, 30.
1.20000, 36.
1.21000, 38.
1.22000, 37.
1.23000, 43.
1.24000, 46.
1.25000, 51.
1.26000, 39.
1.27000, 56.
1.28000, 59.
1.29000, 47.
1.30000, 37.
1.31000, 42.
1.32000, 33.
1.33000, 35.
1.34000, 38.
1.35000, 35.
1.36000, 45.
1.37000, 43.
1.38000, 60.
1.39000, 54.
1.40000, 104.
1.41000, 163.
1.42000, 195.
1.43000, 300.
1.44000, 413.
1.45000, 523.
1.46000, 673.
1.47000, 766.
1.48000, 832.
1.49000, 911.
1.50000, 939.
1.51000, 856.
1.52000, 711.
1.53000, 591.
1.54000, 497.
1.55000, 407.
1.56000, 293.
1.57000, 224.
1.58000, 172.
1.59000, 143.
1.60000, 118.
1.61000, 119.
1.62000, 145.
1.63000, 199.
1.64000, 347.
1.65000, 531.
1.66000, 872.
1.67000, 1384.
1.68000, 1972.
1.69000, 2712.
1.70000, 3639.
1.71000, 4626.
1.72000, 5511.
1.73000, 6312.
1.74000, 6546.
1.75000, 6684.
1.76000, 6223.
1.77000, 5590.
1.78000, 4835.
1.79000, 3949.
1.80000, 3085.
1.81000, 2201.
1.82000, 1666.
1.83000, 1092.
1.84000, 856.
1.85000, 567.
1.86000, 424.
1.87000, 294.
1.88000, 237.
1.89000, 166.
1.90000, 137.
1.91000, 100.
1.92000, 65.
1.93000, 44.
1.94000, 56.
1.95000, 56.
1.96000, 44.
1.97000, 46.
1.98000, 39.
1.99000, 45.
2.00000, 47.
2.01000, 43.
2.02000, 39.
2.03000, 42.
2.04000, 38.
2.05000, 41.
2.06000, 45.
2.07000, 37.
2.08000, 24.
2.09000, 25.
2.10000, 20.
2.11000, 34.
2.12000, 26.
2.13000, 20.
2.14000, 21.
2.15000, 33.
2.16000, 23.
2.17000, 24.
2.18000, 27.
2.19000, 31.
2.20000, 27.
2.21000, 27.
2.22000, 21.
2.23000, 25.
2.24000, 28.
2.25000, 32.
2.26000, 19.
2.27000, 29.
2.28000, 20.
2.29000, 26.
2.30000, 21.
2.31000, 32.
2.32000, 32.
2.33000, 37.
2.34000, 29.
2.35000, 23.
2.36000, 36.
2.37000, 26.
2.38000, 39.
2.39000, 34.
2.40000, 31.
2.41000, 24.
2.42000, 23.
2.43000, 33.
2.44000, 30.
2.45000, 23.
2.46000, 34.
2.47000, 28.
2.48000, 25.
2.49000, 20.
2.50000, 31.
2.51000, 24.
2.52000, 16.
2.53000, 29.
2.54000, 45.
2.55000, 40.
2.56000, 42.
2.57000, 53.
2.58000, 56.
2.59000, 72.
2.60000, 90.
2.61000, 103.
2.62000, 143.
2.63000, 221.
2.64000, 261.
2.65000, 293.
2.66000, 355.
2.67000, 396.
2.68000, 479.
2.69000, 505.
2.70000, 456.
2.71000, 505.
2.72000, 463.
2.73000, 449.
2.74000, 391.
2.75000, 303.
2.76000, 299.
2.77000, 264.
2.78000, 233.
2.79000, 237.
2.80000, 198.
2.81000, 229.
2.82000, 209.
2.83000, 219.
2.84000, 200.
2.85000, 225.
2.86000, 215.
2.87000, 218.
2.88000, 200.
2.89000, 182.
2.90000, 161.
2.91000, 132.
2.92000, 128.
2.93000, 129.
2.94000, 97.
2.95000, 91.
2.96000, 85.
2.97000, 76.
2.98000, 80.
2.99000, 66.
3.00000, 70.
3.01000, 70.
3.02000, 52.
3.03000, 49.
3.04000, 40.
3.05000, 45.
3.06000, 34.
3.07000, 35.
3.08000, 35.
3.09000, 30.
3.10000, 26.
3.11000, 29.
3.12000, 21.
3.13000, 40.
3.14000, 26.
3.15000, 51.
3.16000, 39.
3.17000, 41.
3.18000, 58.
3.19000, 75.
3.20000, 95.
3.21000, 124.
3.22000, 178.
3.23000, 218.
3.24000, 319.
3.25000, 451.
3.26000, 524.
3.27000, 686.
3.28000, 787.
3.29000, 886.
3.30000, 1014.
3.31000, 1015.
3.32000, 1077.
3.33000, 977.
3.34000, 962.
3.35000, 843.
3.36000, 684.
3.37000, 619.
3.38000, 468.
3.39000, 367.
3.40000, 295.
3.41000, 205.
3.42000, 141.
3.43000, 103.
3.44000, 78.
3.45000, 85.
3.46000, 49.
3.47000, 49.
3.48000, 73.
3.49000, 60.
3.50000, 62.
3.51000, 70.
3.52000, 93.
3.53000, 81.
3.54000, 136.
3.55000, 130.
3.56000, 171.
3.57000, 137.
3.58000, 179.
3.59000, 177.
3.60000, 203.
3.61000, 198.
3.62000, 182.
3.63000, 180.
3.64000, 196.
3.65000, 213.
3.66000, 198.
3.67000, 195.
3.68000, 207.
3.69000, 186.
3.70000, 192.
3.71000, 186.
3.72000, 143.
3.73000, 129.
3.74000, 99.
3.75000, 84.
3.76000, 79.
3.77000, 67.
3.78000, 48.
3.79000, 47.
3.80000, 39.
3.81000, 24.
3.82000, 27.
3.83000, 19.
3.84000, 17.
3.85000, 28.
3.86000, 17.
3.87000, 18.
3.88000, 33.
3.89000, 21.
3.90000, 34.
3.91000, 23.
3.92000, 32.
3.93000, 43.
3.94000, 28.
3.95000, 36.
3.96000, 38.
3.97000, 46.
3.98000, 43.
3.99000, 35.
4.00000, 55.
4.01000, 40.
4.02000, 45.
4.03000, 37.
4.04000, 52.
4.05000, 47.
4.06000, 33.
4.07000, 33.
4.08000, 33.
4.09000, 31.
4.10000, 33.
4.11000, 34.
4.12000, 34.
4.13000, 14.
4.14000, 25.
4.15000, 26.
4.16000, 24.
4.17000, 27.
4.18000, 31.
4.19000, 26.
4.20000, 17.
4.21000, 21.
4.22000, 22.
4.23000, 22.
4.24000, 30.
4.25000, 27.
4.26000, 23.
4.27000, 38.
4.28000, 44.
4.29000, 47.
4.30000, 27.
4.31000, 37.
4.32000, 36.
4.33000, 46.
4.34000, 45.
4.35000, 44.
4.36000, 38.
4.37000, 94.
4.38000, 78.
4.39000, 113.
4.40000, 121.
4.41000, 176.
4.42000, 203.
4.43000, 336.
4.44000, 362.
4.45000, 462.
4.46000, 525.
4.47000, 578.
4.48000, 696.
4.49000, 766.
4.50000, 773.
4.51000, 758.
4.52000, 748.
4.53000, 749.
4.54000, 709.
4.55000, 621.
4.56000, 545.
4.57000, 451.
4.58000, 415.
4.59000, 339.
4.60000, 265.
4.61000, 208.
4.62000, 183.
4.63000, 172.
4.64000, 158.
4.65000, 135.
4.66000, 112.
4.67000, 100.
4.68000, 110.
4.69000, 97.
4.70000, 89.
4.71000, 97.
4.72000, 85.
4.73000, 91.
4.74000, 83.
4.75000, 85.
4.76000, 98.
4.77000, 72.
4.78000, 78.
4.79000, 91.
4.80000, 106.
4.81000, 110.
4.82000, 122.
4.83000, 112.
4.84000, 111.
4.85000, 125.
4.86000, 140.
4.87000, 162.
4.88000, 159.
4.89000, 161.
4.90000, 217.
4.91000, 218.
4.92000, 193.
4.93000, 205.
4.94000, 198.
4.95000, 204.
4.96000, 153.
4.97000, 172.
4.98000, 151.
4.99000, 153.
5.00000, 123.
5.01000, 98.
5.02000, 94.
5.03000, 88.
5.04000, 85.
5.05000, 55.
5.06000, 68.
5.07000, 66.
5.08000, 67.
5.09000, 55.
5.10000, 62.
5.11000, 61.
5.12000, 67.
5.13000, 48.
5.14000, 51.
5.15000, 60.
5.16000, 63.
5.17000, 62.
5.18000, 70.
5.19000, 58.
5.20000, 89.
5.21000, 73.
5.22000, 72.
5.23000, 89.
5.24000, 64.
5.25000, 80.
5.26000, 67.
5.27000, 88.
5.28000, 73.
5.29000, 63.
5.30000, 65.
5.31000, 72.
5.32000, 85.
5.33000, 82.
5.34000, 91.
5.35000, 87.
5.36000, 100.
5.37000, 74.
5.38000, 115.
5.39000, 115.
5.40000, 93.
5.41000, 105.
5.42000, 97.
5.43000, 106.
5.44000, 99.
5.45000, 97.
5.46000, 96.
5.47000, 82.
5.48000, 85.
5.49000, 81.
5.50000, 90.
5.51000, 83.
5.52000, 76.
5.53000, 76.
5.54000, 72.
5.55000, 64.
5.56000, 70.
5.57000, 83.
5.58000, 72.
5.59000, 56.
5.60000, 78.
5.61000, 71.
5.62000, 73.
5.63000, 74.
5.64000, 69.
5.65000, 52.
5.66000, 72.
5.67000, 82.
5.68000, 59.
5.69000, 67.
5.70000, 56.
5.71000, 64.
5.72000, 55.
5.73000, 67.
5.74000, 64.
5.75000, 55.
5.76000, 56.
5.77000, 68.
5.78000, 53.
5.79000, 58.
5.80000, 50.
5.81000, 73.
5.82000, 65.
5.83000, 70.
5.84000, 61.
5.85000, 73.
5.86000, 78.
5.87000, 75.
5.88000, 58.
5.89000, 69.
5.90000, 88.
5.91000, 77.
5.92000, 72.
5.93000, 65.
5.94000, 82.
5.95000, 75.
5.96000, 82.
5.97000, 79.
5.98000, 58.
5.99000, 75.
6.00000, 74.
6.01000, 78.
6.02000, 73.
6.03000, 74.
6.04000, 67.
6.05000, 68.
6.06000, 77.
6.07000, 69.
6.08000, 69.
6.09000, 91.
6.10000, 88.
6.11000, 94.
6.12000, 123.
6.13000, 104.
6.14000, 110.
6.15000, 105.
6.16000, 116.
6.17000, 134.
6.18000, 159.
6.19000, 176.
6.20000, 230.
6.21000, 295.
6.22000, 420.
6.23000, 523.
6.24000, 779.
6.25000, 1073.
6.26000, 1468.
6.27000, 2040.
6.28000, 2797.
6.29000, 3611.
6.30000, 4664.
6.31000, 6166.
6.32000, 7486.
6.33000, 9020.
6.34000, 10590.
6.35000, 12272.
6.36000, 13898.
6.37000, 15019.
6.38000, 15922.
6.39000, 16407.
6.40000, 16866.
6.41000, 16719.
6.42000, 15660.
6.43000, 14771.
6.44000, 13383.
6.45000, 11730.
6.46000, 10026.
6.47000, 8527.
6.48000, 7059.
6.49000, 5532.
6.50000, 4237.
6.51000, 3268.
6.52000, 2496.
6.53000, 1675.
6.54000, 1242.
6.55000, 907.
6.56000, 619.
6.57000, 476.
6.58000, 359.
6.59000, 247.
6.60000, 181.
6.61000, 143.
6.62000, 147.
6.63000, 123.
6.64000, 101.
6.65000, 111.
6.66000, 99.
6.67000, 122.
6.68000, 94.
6.69000, 103.
6.70000, 103.
6.71000, 121.
6.72000, 94.
6.73000, 108.
6.74000, 111.
6.75000, 123.
6.76000, 103.
6.77000, 109.
6.78000, 113.
6.79000, 134.
6.80000, 114.
6.81000, 104.
6.82000, 130.
6.83000, 140.
6.84000, 151.
6.85000, 176.
6.86000, 174.
6.87000, 206.
6.88000, 204.
6.89000, 251.
6.90000, 335.
6.91000, 369.
6.92000, 476.
6.93000, 575.
6.94000, 675.
6.95000, 880.
6.96000, 1012.
6.97000, 1273.
6.98000, 1419.
6.99000, 1718.
7.00000, 1944.
7.01000, 2257.
7.02000, 2505.
7.03000, 2639.
7.04000, 2568.
7.05000, 2752.
7.06000, 2621.
7.07000, 2559.
7.08000, 2450.
7.09000, 2292.
7.10000, 2038.
7.11000, 1852.
7.12000, 1599.
7.13000, 1414.
7.14000, 1157.
7.15000, 916.
7.16000, 717.
7.17000, 578.
7.18000, 488.
7.19000, 335.
7.20000, 258.
7.21000, 212.
7.22000, 169.
7.23000, 138.
7.24000, 117.
7.25000, 115.
7.26000, 80.
7.27000, 78.
7.28000, 73.
7.29000, 73.
7.30000, 66.
7.31000, 79.
7.32000, 69.
7.33000, 67.
7.34000, 59.
7.35000, 64.
7.36000, 81.
7.37000, 80.
7.38000, 91.
7.39000, 95.
7.40000, 64.
7.41000, 76.
7.42000, 80.
7.43000, 77.
7.44000, 71.
7.45000, 74.
7.46000, 66.
7.47000, 85.
7.48000, 72.
7.49000, 85.
7.50000, 94.
7.51000, 89.
7.52000, 73.
7.53000, 76.
7.54000, 71.
7.55000, 59.
7.56000, 78.
7.57000, 72.
7.58000, 56.
7.59000, 69.
7.60000, 60.
7.61000, 56.
7.62000, 63.
7.63000, 65.
7.64000, 59.
7.65000, 66.
7.66000, 72.
7.67000, 70.
7.68000, 67.
7.69000, 72.
7.70000, 69.
7.71000, 86.
7.72000, 63.
7.73000, 76.
7.74000, 91.
7.75000, 76.
7.76000, 79.
7.77000, 71.
7.78000, 71.
7.79000, 79.
7.80000, 76.
7.81000, 72.
7.82000, 78.
7.83000, 94.
7.84000, 82.
7.85000, 95.
7.86000, 105.
7.87000, 105.
7.88000, 120.
7.89000, 101.
7.90000, 99.
7.91000, 100.
7.92000, 99.
7.93000, 96.
7.94000, 98.
7.95000, 123.
7.96000, 125.
7.97000, 119.
7.98000, 117.
7.99000, 127.
8.00000, 132.
8.01000, 140.
8.02000, 139.
8.03000, 132.
8.04000, 157.
8.05000, 128.
8.06000, 135.
8.07000, 135.
8.08000, 168.
8.09000, 141.
8.10000, 144.
8.11000, 149.
8.12000, 171.
8.13000, 131.
8.14000, 135.
8.15000, 153.
8.16000, 127.
8.17000, 136.
8.18000, 135.
8.19000, 139.
8.20000, 130.
8.21000, 109.
8.22000, 126.
8.23000, 116.
8.24000, 110.
8.25000, 112.
8.26000, 102.
8.27000, 112.
8.28000, 98.
8.29000, 126.
8.30000, 108.
8.31000, 105.
8.32000, 99.
8.33000, 118.
8.34000, 110.
8.35000, 104.
8.36000, 120.
8.37000, 127.
8.38000, 114.
8.39000, 114.
8.40000, 119.
8.41000, 127.
8.42000, 87.
8.43000, 119.
8.44000, 109.
8.45000, 113.
8.46000, 129.
8.47000, 113.
8.48000, 128.
8.49000, 106.
8.50000, 124.
8.51000, 98.
8.52000, 114.
8.53000, 103.
8.54000, 115.
8.55000, 116.
8.56000, 126.
8.57000, 115.
8.58000, 117.
8.59000, 129.
8.60000, 143.
8.61000, 112.
8.62000, 125.
8.63000, 125.
8.64000, 110.
8.65000, 118.
8.66000, 113.
8.67000, 119.
8.68000, 110.
8.69000, 124.
8.70000, 119.
8.71000, 98.
8.72000, 106.
8.73000, 101.
8.74000, 114.
8.75000, 99.
8.76000, 102.
8.77000, 100.
8.78000, 108.
8.79000, 105.
8.80000, 92.
8.81000, 101.
8.82000, 119.
8.83000, 109.
8.84000, 105.
8.85000, 135.
8.86000, 94.
8.87000, 98.
8.88000, 115.
8.89000, 96.
8.90000, 121.
8.91000, 118.
8.92000, 98.
8.93000, 114.
8.94000, 81.
8.95000, 115.
8.96000, 115.
8.97000, 113.
8.98000, 127.
8.99000, 105.
9.00000, 115.
9.01000, 94.
9.02000, 104.
9.03000, 108.
9.04000, 114.
9.05000, 102.
9.06000, 112.
9.07000, 107.
9.08000, 116.
9.09000, 114.
9.10000, 101.
9.11000, 106.
9.12000, 119.
9.13000, 106.
9.14000, 133.
9.15000, 118.
9.16000, 116.
9.17000, 118.
9.18000, 133.
9.19000, 140.
9.20000, 131.
9.21000, 119.
9.22000, 108.
9.23000, 114.
9.24000, 126.
9.25000, 133.
9.26000, 126.
9.27000, 141.
9.28000, 133.
9.29000, 131.
9.30000, 146.
9.31000, 139.
9.32000, 115.
9.33000, 123.
9.34000, 115.
9.35000, 111.
9.36000, 119.
9.37000, 94.
9.38000, 108.
9.39000, 117.
9.40000, 117.
9.41000, 120.
9.42000, 129.
9.43000, 111.
9.44000, 120.
9.45000, 112.
9.46000, 131.
9.47000, 119.
9.48000, 95.
9.49000, 123.
9.50000, 110.
9.51000, 114.
9.52000, 131.
9.53000, 105.
9.54000, 140.
9.55000, 127.
9.56000, 134.
9.57000, 133.
9.58000, 113.
9.59000, 119.
9.60000, 125.
9.61000, 141.
9.62000, 138.
9.63000, 143.
9.64000, 141.
9.65000, 136.
9.66000, 144.
9.67000, 151.
9.68000, 116.
9.69000, 135.
9.70000, 127.
9.71000, 140.
9.72000, 118.
9.73000, 125.
9.74000, 109.
9.75000, 145.
9.76000, 124.
9.77000, 120.
9.78000, 144.
9.79000, 126.
9.80000, 135.
9.81000, 130.
9.82000, 129.
9.83000, 103.
9.84000, 123.
9.85000, 135.
9.86000, 127.
9.87000, 120.
9.88000, 129.
9.89000, 127.
9.90000, 125.
9.91000, 122.
9.92000, 119.
9.93000, 141.
9.94000, 140.
9.95000, 115.
9.96000, 121.
9.97000, 138.
9.98000, 112.
9.99000, 117.
10.00000, 126.
10.01000, 125.
10.02000, 124.
10.03000, 124.
10.04000, 121.
10.05000, 101.
10.06000, 109.
10.07000, 133.
10.08000, 113.
10.09000, 125.
10.10000, 113.
10.11000, 129.
10.12000, 123.
10.13000, 125.
10.14000, 119.
10.15000, 117.
10.16000, 126.
10.17000, 102.
10.18000, 122.
10.19000, 124.
10.20000, 125.
10.21000, 127.
10.22000, 119.
10.23000, 111.
10.24000, 146.
10.25000, 108.
10.26000, 127.
10.27000, 118.
10.28000, 126.
10.29000, 123.
10.30000, 125.
10.31000, 134.
10.32000, 143.
10.33000, 137.
10.34000, 145.
10.35000, 163.
10.36000, 162.
10.37000, 179.
10.38000, 206.
10.39000, 211.
10.40000, 259.
10.41000, 229.
10.42000, 292.
10.43000, 281.
10.44000, 318.
10.45000, 370.
10.46000, 395.
10.47000, 413.
10.48000, 399.
10.49000, 479.
10.50000, 483.
10.51000, 477.
10.52000, 457.
10.53000, 478.
10.54000, 490.
10.55000, 463.
10.56000, 456.
10.57000, 420.
10.58000, 358.
10.59000, 356.
10.60000, 337.
10.61000, 293.
10.62000, 289.
10.63000, 260.
10.64000, 211.
10.65000, 211.
10.66000, 180.
10.67000, 190.
10.68000, 171.
10.69000, 166.
10.70000, 148.
10.71000, 143.
10.72000, 140.
10.73000, 126.
10.74000, 134.
10.75000, 137.
10.76000, 138.
10.77000, 130.
10.78000, 144.
10.79000, 131.
10.80000, 132.
10.81000, 120.
10.82000, 152.
10.83000, 132.
10.84000, 136.
10.85000, 140.
10.86000, 170.
10.87000, 147.
10.88000, 131.
10.89000, 143.
10.90000, 131.
10.91000, 115.
10.92000, 124.
10.93000, 142.
10.94000, 140.
10.95000, 119.
10.96000, 126.
10.97000, 120.
10.98000, 138.
10.99000, 130.
11.00000, 126.
11.01000, 134.
11.02000, 104.
11.03000, 134.
11.04000, 117.
11.05000, 125.
11.06000, 125.
11.07000, 116.
11.08000, 124.
11.09000, 114.
11.10000, 138.
11.11000, 140.
11.12000, 133.
11.13000, 130.
11.14000, 127.
11.15000, 125.
11.16000, 143.
11.17000, 116.
11.18000, 129.
11.19000, 136.
11.20000, 136.
11.21000, 142.
11.22000, 154.
11.23000, 117.
11.24000, 116.
11.25000, 128.
11.26000, 130.
11.27000, 159.
11.28000, 148.
11.29000, 146.
11.30000, 126.
11.31000, 131.
11.32000, 137.
11.33000, 139.
11.34000, 140.
11.35000, 136.
11.36000, 127.
11.37000, 109.
11.38000, 138.
11.39000, 135.
11.40000, 141.
11.41000, 113.
11.42000, 146.
11.43000, 130.
11.44000, 140.
11.45000, 140.
11.46000, 133.
11.47000, 140.
11.48000, 115.
11.49000, 132.
11.50000, 132.
11.51000, 131.
11.52000, 149.
11.53000, 144.
11.54000, 140.
11.55000, 150.
11.56000, 154.
11.57000, 163.
11.58000, 151.
11.59000, 157.
11.60000, 147.
11.61000, 172.
11.62000, 181.
11.63000, 174.
11.64000, 173.
11.65000, 202.
11.66000, 177.
11.67000, 180.
11.68000, 175.
11.69000, 189.
11.70000, 171.
11.71000, 193.
11.72000, 202.
11.73000, 203.
11.74000, 185.
11.75000, 205.
11.76000, 191.
11.77000, 174.
11.78000, 187.
11.79000, 164.
11.80000, 151.
11.81000, 187.
11.82000, 169.
11.83000, 135.
11.84000, 159.
11.85000, 168.
11.86000, 127.
11.87000, 144.
11.88000, 145.
11.89000, 140.
11.90000, 145.
11.91000, 126.
11.92000, 139.
11.93000, 154.
11.94000, 136.
11.95000, 143.
11.96000, 118.
11.97000, 121.
11.98000, 145.
11.99000, 130.
12.00000, 132.
12.01000, 113.
12.02000, 133.
12.03000, 167.
12.04000, 155.
12.05000, 135.
12.06000, 139.
12.07000, 146.
12.08000, 132.
12.09000, 138.
12.10000, 127.
12.11000, 128.
12.12000, 146.
12.13000, 143.
12.14000, 150.
12.15000, 146.
12.16000, 133.
12.17000, 132.
12.18000, 129.
12.19000, 133.
12.20000, 131.
12.21000, 141.
12.22000, 138.
12.23000, 120.
12.24000, 144.
12.25000, 152.
12.26000, 146.
12.27000, 134.
12.28000, 131.
12.29000, 155.
12.30000, 134.
12.31000, 151.
12.32000, 107.
12.33000, 145.
12.34000, 127.
12.35000, 144.
12.36000, 150.
12.37000, 129.
12.38000, 144.
12.39000, 128.
12.40000, 142.
12.41000, 142.
12.42000, 134.
12.43000, 129.
12.44000, 127.
12.45000, 139.
12.46000, 144.
12.47000, 147.
12.48000, 140.
12.49000, 149.
12.50000, 146.
12.51000, 150.
12.52000, 141.
12.53000, 147.
12.54000, 128.
12.55000, 145.
12.56000, 183.
12.57000, 145.
12.58000, 163.
12.59000, 158.
12.60000, 150.
12.61000, 139.
12.62000, 129.
12.63000, 137.
12.64000, 143.
12.65000, 132.
12.66000, 157.
12.67000, 157.
12.68000, 178.
12.69000, 161.
12.70000, 173.
12.71000, 150.
12.72000, 158.
12.73000, 179.
12.74000, 137.
12.75000, 176.
12.76000, 179.
12.77000, 153.
12.78000, 199.
12.79000, 155.
12.80000, 176.
12.81000, 217.
12.82000, 185.
12.83000, 172.
12.84000, 176.
12.85000, 209.
12.86000, 177.
12.87000, 169.
12.88000, 161.
12.89000, 185.
12.90000, 154.
12.91000, 157.
12.92000, 159.
12.93000, 154.
12.94000, 151.
12.95000, 153.
12.96000, 163.
12.97000, 144.
12.98000, 148.
12.99000, 160.
13.00000, 148.
13.01000, 151.
13.02000, 164.
13.03000, 157.
13.04000, 157.
13.05000, 167.
13.06000, 146.
13.07000, 134.
13.08000, 149.
13.09000, 136.
13.10000, 148.
13.11000, 152.
13.12000, 155.
13.13000, 163.
13.14000, 142.
13.15000, 171.
13.16000, 174.
13.17000, 180.
13.18000, 168.
13.19000, 159.
13.20000, 165.
13.21000, 168.
13.22000, 173.
13.23000, 177.
13.24000, 200.
13.25000, 180.
13.26000, 211.
13.27000, 228.
13.28000, 225.
13.29000, 253.
13.30000, 239.
13.31000, 278.
13.32000, 288.
13.33000, 256.
13.34000, 252.
13.35000, 302.
13.36000, 296.
13.37000, 279.
13.38000, 253.
13.39000, 287.
13.40000, 289.
13.41000, 260.
13.42000, 239.
13.43000, 239.
13.44000, 240.
13.45000, 213.
13.46000, 225.
13.47000, 226.
13.48000, 216.
13.49000, 185.
13.50000, 155.
13.51000, 173.
13.52000, 181.
13.53000, 166.
13.54000, 155.
13.55000, 169.
13.56000, 145.
13.57000, 144.
13.58000, 165.
13.59000, 162.
13.60000, 152.
13.61000, 148.
13.62000, 127.
13.63000, 132.
13.64000, 148.
13.65000, 155.
13.66000, 126.
13.67000, 129.
13.68000, 138.
13.69000, 166.
13.70000, 158.
13.71000, 125.
13.72000, 176.
13.73000, 138.
13.74000, 141.
13.75000, 157.
13.76000, 135.
13.77000, 128.
13.78000, 141.
13.79000, 131.
13.80000, 138.
13.81000, 144.
13.82000, 158.
13.83000, 143.
13.84000, 163.
13.85000, 153.
13.86000, 157.
13.87000, 129.
13.88000, 156.
13.89000, 146.
13.90000, 156.
13.91000, 150.
13.92000, 128.
13.93000, 172.
13.94000, 160.
13.95000, 159.
13.96000, 163.
13.97000, 143.
13.98000, 153.
13.99000, 167.
14.00000, 184.
14.01000, 165.
14.02000, 209.
14.03000, 226.
14.04000, 208.
14.05000, 227.
14.06000, 218.
14.07000, 211.
14.08000, 234.
14.09000, 216.
14.10000, 220.
14.11000, 209.
14.12000, 249.
14.13000, 241.
14.14000, 242.
14.15000, 260.
14.16000, 240.
14.17000, 239.
14.18000, 216.
14.19000, 193.
14.20000, 204.
14.21000, 181.
14.22000, 211.
14.23000, 175.
14.24000, 195.
14.25000, 196.
14.26000, 145.
14.27000, 162.
14.28000, 181.
14.29000, 150.
14.30000, 154.
14.31000, 156.
14.32000, 155.
14.33000, 147.
14.34000, 129.
14.35000, 150.
14.36000, 169.
14.37000, 151.
14.38000, 145.
14.39000, 150.
14.40000, 142.
14.41000, 136.
14.42000, 146.
14.43000, 140.
14.44000, 137.
14.45000, 144.
14.46000, 154.
14.47000, 140.
14.48000, 149.
14.49000, 129.
14.50000, 151.
14.51000, 152.
14.52000, 134.
14.53000, 120.
14.54000, 150.
14.55000, 146.
14.56000, 158.
14.57000, 141.
14.58000, 142.
14.59000, 142.
14.60000, 118.
14.61000, 139.
14.62000, 146.
14.63000, 124.
14.64000, 135.
14.65000, 145.
14.66000, 148.
14.67000, 160.
14.68000, 158.
14.69000, 122.
14.70000, 125.
14.71000, 150.
14.72000, 140.
14.73000, 165.
14.74000, 134.
14.75000, 164.
14.76000, 137.
14.77000, 145.
14.78000, 142.
14.79000, 146.
14.80000, 176.
14.81000, 172.
14.82000, 152.
14.83000, 166.
14.84000, 197.
14.85000, 179.
14.86000, 189.
14.87000, 170.
14.88000, 162.
14.89000, 193.
14.90000, 210.
14.91000, 195.
14.92000, 188.
14.93000, 193.
14.94000, 170.
14.95000, 205.
14.96000, 177.
14.97000, 170.
14.98000, 181.
14.99000, 187.
15.00000, 176.
15.01000, 158.
15.02000, 187.
15.03000, 174.
15.04000, 166.
15.05000, 142.
15.06000, 139.
15.07000, 140.
15.08000, 159.
15.09000, 150.
15.10000, 147.
15.11000, 164.
15.12000, 165.
15.13000, 150.
15.14000, 169.
15.15000, 147.
15.16000, 137.
15.17000, 135.
15.18000, 172.
15.19000, 146.
15.20000, 149.
15.21000, 137.
15.22000, 142.
15.23000, 163.
15.24000, 126.
15.25000, 131.
15.26000, 141.
15.27000, 130.
15.28000, 160.
15.29000, 132.
15.30000, 127.
15.31000, 131.
15.32000, 142.
15.33000, 140.
15.34000, 120.
15.35000, 150.
15.36000, 134.
15.37000, 117.
15.38000, 164.
15.39000, 152.
15.40000, 125.
15.41000, 156.
15.42000, 115.
15.43000, 146.
15.44000, 131.
15.45000, 143.
15.46000, 131.
15.47000, 134.
15.48000, 143.
15.49000, 146.
15.50000, 147.
15.51000, 152.
15.52000, 175.
15.53000, 175.
15.54000, 171.
15.55000, 193.
15.56000, 193.
15.57000, 193.
15.58000, 212.
15.59000, 232.
15.60000, 239.
15.61000, 282.
15.62000, 291.
15.63000, 281.
15.64000, 344.
15.65000, 322.
15.66000, 344.
15.67000, 345.
15.68000, 354.
15.69000, 381.
15.70000, 394.
15.71000, 415.
15.72000, 375.
15.73000, 359.
15.74000, 409.
15.75000, 387.
15.76000, 378.
15.77000, 362.
15.78000, 361.
15.79000, 317.
15.80000, 342.
15.81000, 335.
15.82000, 305.
15.83000, 283.
15.84000, 262.
15.85000, 232.
15.86000, 264.
15.87000, 226.
15.88000, 200.
15.89000, 224.
15.90000, 183.
15.91000, 185.
15.92000, 188.
15.93000, 178.
15.94000, 168.
15.95000, 168.
15.96000, 147.
15.97000, 147.
15.98000, 143.
15.99000, 162.
16.00000, 124.
16.01000, 149.
16.02000, 141.
16.03000, 148.
16.04000, 152.
16.05000, 141.
16.06000, 148.
16.07000, 135.
16.08000, 148.
16.09000, 136.
16.10000, 171.
16.11000, 137.
16.12000, 144.
16.13000, 143.
16.14000, 126.
16.15000, 133.
16.16000, 134.
16.17000, 151.
16.18000, 164.
16.19000, 150.
16.20000, 148.
16.21000, 148.
16.22000, 138.
16.23000, 152.
16.24000, 142.
16.25000, 149.
16.26000, 146.
16.27000, 145.
16.28000, 146.
16.29000, 133.
16.30000, 144.
16.31000, 154.
16.32000, 132.
16.33000, 142.
16.34000, 146.
16.35000, 162.
16.36000, 161.
16.37000, 146.
16.38000, 157.
16.39000, 160.
16.40000, 168.
16.41000, 146.
16.42000, 198.
16.43000, 174.
16.44000, 208.
16.45000, 198.
16.46000, 238.
16.47000, 226.
16.48000, 178.
16.49000, 195.
16.50000, 241.
16.51000, 223.
16.52000, 248.
16.53000, 250.
16.54000, 268.
16.55000, 257.
16.56000, 226.
16.57000, 250.
16.58000, 257.
16.59000, 256.
16.60000, 248.
16.61000, 228.
16.62000, 234.
16.63000, 188.
16.64000, 207.
16.65000, 212.
16.66000, 227.
16.67000, 205.
16.68000, 203.
16.69000, 170.
16.70000, 196.
16.71000, 179.
16.72000, 155.
16.73000, 180.
16.74000, 167.
16.75000, 176.
16.76000, 159.
16.77000, 168.
16.78000, 129.
16.79000, 154.
16.80000, 150.
16.81000, 153.
16.82000, 126.
16.83000, 156.
16.84000, 160.
16.85000, 135.
16.86000, 152.
16.87000, 162.
16.88000, 168.
16.89000, 144.
16.90000, 166.
16.91000, 138.
16.92000, 144.
16.93000, 172.
16.94000, 129.
16.95000, 143.
16.96000, 142.
16.97000, 139.
16.98000, 124.
16.99000, 147.
17.00000, 147.
17.01000, 132.
17.02000, 158.
17.03000, 138.
17.04000, 155.
17.05000, 139.
17.06000, 152.
17.07000, 159.
17.08000, 157.
17.09000, 142.
17.10000, 145.
17.11000, 152.
17.12000, 140.
17.13000, 146.
17.14000, 163.
17.15000, 148.
17.16000, 148.
17.17000, 133.
17.18000, 143.
17.19000, 153.
17.20000, 168.
17.21000, 134.
17.22000, 148.
17.23000, 166.
17.24000, 149.
17.25000, 130.
17.26000, 150.
17.27000, 133.
17.28000, 162.
17.29000, 149.
17.30000, 176.
17.31000, 144.
17.32000, 158.
17.33000, 132.
17.34000, 171.
17.35000, 153.
17.36000, 146.
17.37000, 127.
17.38000, 192.
17.39000, 176.
17.40000, 131.
17.41000, 173.
17.42000, 162.
17.43000, 160.
17.44000, 149.
17.45000, 193.
17.46000, 133.
17.47000, 167.
17.48000, 165.
17.49000, 171.
17.50000, 180.
17.51000, 177.
17.52000, 182.
17.53000, 186.
17.54000, 172.
17.55000, 208.
17.56000, 184.
17.57000, 204.
17.58000, 228.
17.59000, 226.
17.60000, 208.
17.61000, 205.
17.62000, 212.
17.63000, 190.
17.64000, 204.
17.65000, 204.
17.66000, 210.
17.67000, 235.
17.68000, 201.
17.69000, 214.
17.70000, 196.
17.71000, 177.
17.72000, 199.
17.73000, 201.
17.74000, 179.
17.75000, 168.
17.76000, 205.
17.77000, 206.
17.78000, 182.
17.79000, 184.
17.80000, 221.
17.81000, 183.
17.82000, 196.
17.83000, 193.
17.84000, 212.
17.85000, 158.
17.86000, 193.
17.87000, 215.
17.88000, 191.
17.89000, 199.
17.90000, 186.
17.91000, 195.
17.92000, 204.
17.93000, 203.
17.94000, 195.
17.95000, 198.
17.96000, 210.
17.97000, 198.
17.98000, 196.
17.99000, 197.
18.00000, 233.
18.01000, 216.
18.02000, 242.
18.03000, 231.
18.04000, 221.
18.05000, 221.
18.06000, 237.
18.07000, 211.
18.08000, 208.
18.09000, 232.
18.10000, 230.
18.11000, 217.
18.12000, 220.
18.13000, 221.
18.14000, 222.
18.15000, 235.
18.16000, 245.
18.17000, 298.
18.18000, 233.
18.19000, 244.
18.20000, 241.
18.21000, 246.
18.22000, 262.
18.23000, 301.
18.24000, 266.
18.25000, 269.
18.26000, 267.
18.27000, 251.
18.28000, 313.
18.29000, 299.
18.30000, 317.
18.31000, 312.
18.32000, 310.
18.33000, 314.
18.34000, 337.
18.35000, 302.
18.36000, 339.
18.37000, 369.
18.38000, 394.
18.39000, 381.
18.40000, 430.
18.41000, 409.
18.42000, 456.
18.43000, 384.
18.44000, 417.
18.45000, 472.
18.46000, 458.
18.47000, 448.
18.48000, 495.
18.49000, 507.
18.50000, 516.
18.51000, 535.
18.52000, 574.
18.53000, 573.
18.54000, 562.
18.55000, 626.
18.56000, 642.
18.57000, 611.
18.58000, 632.
18.59000, 681.
18.60000, 674.
18.61000, 682.
18.62000, 715.
18.63000, 739.
18.64000, 696.
18.65000, 767.
18.66000, 782.
18.67000, 806.
18.68000, 803.
18.69000, 834.
18.70000, 837.
18.71000, 799.
18.72000, 803.
18.73000, 848.
18.74000, 826.
18.75000, 890.
18.76000, 927.
18.77000, 901.
18.78000, 826.
18.79000, 878.
18.80000, 846.
18.81000, 860.
18.82000, 865.
18.83000, 860.
18.84000, 831.
18.85000, 836.
18.86000, 854.
18.87000, 848.
18.88000, 900.
18.89000, 855.
18.90000, 864.
18.91000, 827.
18.92000, 756.
18.93000, 755.
18.94000, 807.
18.95000, 791.
18.96000, 807.
18.97000, 740.
18.98000, 746.
18.99000, 728.
19.00000, 728.
19.01000, 736.
19.02000, 730.
19.03000, 643.
19.04000, 651.
19.05000, 610.
19.06000, 669.
19.07000, 525.
19.08000, 617.
19.09000, 543.
19.10000, 577.
19.11000, 532.
19.12000, 528.
19.13000, 531.
19.14000, 415.
19.15000, 476.
19.16000, 443.
19.17000, 446.
19.18000, 424.
19.19000, 440.
19.20000, 399.
19.21000, 431.
19.22000, 392.
19.23000, 367.
19.24000, 373.
19.25000, 365.
19.26000, 351.
19.27000, 357.
19.28000, 328.
19.29000, 302.
19.30000, 320.
19.31000, 309.
19.32000, 286.
19.33000, 291.
19.34000, 303.
19.35000, 324.
19.36000, 255.
19.37000, 256.
19.38000, 270.
19.39000, 311.
19.40000, 291.
19.41000, 253.
19.42000, 246.
19.43000, 251.
19.44000, 248.
19.45000, 264.
19.46000, 232.
19.47000, 225.
19.48000, 240.
19.49000, 228.
19.50000, 201.
19.51000, 207.
19.52000, 191.
19.53000, 231.
19.54000, 219.
19.55000, 214.
19.56000, 200.
19.57000, 210.
19.58000, 186.
19.59000, 186.
19.60000, 204.
19.61000, 185.
19.62000, 180.
19.63000, 182.
19.64000, 168.
19.65000, 205.
19.66000, 199.
19.67000, 179.
19.68000, 150.
19.69000, 175.
19.70000, 215.
19.71000, 172.
19.72000, 162.
19.73000, 165.
19.74000, 160.
19.75000, 173.
19.76000, 159.
19.77000, 149.
19.78000, 172.
19.79000, 174.
19.80000, 172.
19.81000, 150.
19.82000, 165.
19.83000, 155.
19.84000, 171.
19.85000, 182.
19.86000, 193.
19.87000, 193.
19.88000, 172.
19.89000, 230.
19.90000, 201.
19.91000, 263.
19.92000, 238.
19.93000, 216.
19.94000, 253.
19.95000, 263.
19.96000, 297.
19.97000, 294.
19.98000, 301.
19.99000, 309.
20.00000, 359.
20.01000, 434.
20.02000, 382.
20.03000, 410.
20.04000, 404.
20.05000, 403.
20.06000, 430.
20.07000, 479.
20.08000, 492.
20.09000, 465.
20.10000, 476.
20.11000, 516.
20.12000, 547.
20.13000, 534.
20.14000, 540.
20.15000, 540.
20.16000, 559.
20.17000, 580.
20.18000, 516.
20.19000, 444.
20.20000, 539.
20.21000, 495.
20.22000, 450.
20.23000, 407.
20.24000, 445.
20.25000, 399.
20.26000, 398.
20.27000, 329.
20.28000, 320.
20.29000, 332.
20.30000, 314.
20.31000, 242.
20.32000, 237.
20.33000, 238.
20.34000, 184.
20.35000, 196.
20.36000, 201.
20.37000, 181.
20.38000, 166.
20.39000, 166.
20.40000, 148.
20.41000, 141.
20.42000, 140.
20.43000, 151.
20.44000, 152.
20.45000, 132.
20.46000, 154.
20.47000, 140.
20.48000, 147.
20.49000, 147.
20.50000, 154.
20.51000, 150.
20.52000, 142.
20.53000, 145.
20.54000, 168.
20.55000, 138.
20.56000, 134.
20.57000, 162.
20.58000, 132.
20.59000, 153.
20.60000, 150.
20.61000, 156.
20.62000, 154.
20.63000, 189.
20.64000, 171.
20.65000, 145.
20.66000, 176.
20.67000, 153.
20.68000, 179.
20.69000, 149.
20.70000, 200.
20.71000, 172.
20.72000, 189.
20.73000, 182.
20.74000, 174.
20.75000, 189.
20.76000, 173.
20.77000, 188.
20.78000, 193.
20.79000, 200.
20.80000, 185.
20.81000, 208.
20.82000, 184.
20.83000, 207.
20.84000, 203.
20.85000, 212.
20.86000, 217.
20.87000, 211.
20.88000, 211.
20.89000, 211.
20.90000, 183.
20.91000, 225.
20.92000, 265.
20.93000, 211.
20.94000, 231.
20.95000, 246.
20.96000, 210.
20.97000, 219.
20.98000, 212.
20.99000, 230.
21.00000, 236.
21.01000, 231.
21.02000, 242.
21.03000, 247.
21.04000, 242.
21.05000, 228.
21.06000, 216.
21.07000, 241.
21.08000, 265.
21.09000, 210.
21.10000, 230.
21.11000, 197.
21.12000, 219.
21.13000, 233.
21.14000, 228.
21.15000, 218.
21.16000, 245.
21.17000, 209.
21.18000, 201.
21.19000, 227.
21.20000, 232.
21.21000, 188.
21.22000, 229.
21.23000, 206.
21.24000, 198.
21.25000, 188.
21.26000, 180.
21.27000, 206.
21.28000, 203.
21.29000, 182.
21.30000, 205.
21.31000, 162.
21.32000, 188.
21.33000, 188.
21.34000, 172.
21.35000, 149.
21.36000, 186.
21.37000, 156.
21.38000, 142.
21.39000, 150.
21.40000, 159.
21.41000, 161.
21.42000, 144.
21.43000, 156.
21.44000, 180.
21.45000, 172.
21.46000, 160.
21.47000, 138.
21.48000, 143.
21.49000, 145.
21.50000, 139.
21.51000, 142.
21.52000, 157.
21.53000, 162.
21.54000, 133.
21.55000, 155.
21.56000, 130.
21.57000, 126.
21.58000, 131.
21.59000, 108.
21.60000, 125.
21.61000, 137.
21.62000, 131.
21.63000, 131.
21.64000, 107.
21.65000, 123.
21.66000, 121.
21.67000, 108.
21.68000, 110.
21.69000, 114.
21.70000, 117.
21.71000, 109.
21.72000, 105.
21.73000, 123.
21.74000, 115.
21.75000, 101.
21.76000, 114.
21.77000, 114.
21.78000, 101.
21.79000, 103.
21.80000, 103.
21.81000, 109.
21.82000, 94.
21.83000, 104.
21.84000, 112.
21.85000, 86.
21.86000, 101.
21.87000, 98.
21.88000, 87.
21.89000, 121.
21.90000, 89.
21.91000, 115.
21.92000, 106.
21.93000, 105.
21.94000, 90.
21.95000, 89.
21.96000, 93.
21.97000, 93.
21.98000, 103.
21.99000, 95.
22.00000, 105.
22.01000, 104.
22.02000, 97.
22.03000, 92.
22.04000, 85.
22.05000, 84.
22.06000, 92.
22.07000, 97.
22.08000, 86.
22.09000, 89.
22.10000, 80.
22.11000, 102.
22.12000, 92.
22.13000, 73.
22.14000, 97.
22.15000, 91.
22.16000, 87.
22.17000, 95.
22.18000, 85.
22.19000, 82.
22.20000, 88.
22.21000, 83.
22.22000, 86.
22.23000, 74.
22.24000, 70.
22.25000, 78.
22.26000, 88.
22.27000, 107.
22.28000, 86.
22.29000, 91.
22.30000, 79.
22.31000, 73.
22.32000, 78.
22.33000, 96.
22.34000, 68.
22.35000, 70.
22.36000, 96.
22.37000, 62.
22.38000, 79.
22.39000, 83.
22.40000, 87.
22.41000, 85.
22.42000, 71.
22.43000, 78.
22.44000, 79.
22.45000, 86.
22.46000, 91.
22.47000, 78.
22.48000, 91.
22.49000, 84.
22.50000, 86.
22.51000, 96.
22.52000, 102.
22.53000, 94.
22.54000, 90.
22.55000, 120.
22.56000, 97.
22.57000, 116.
22.58000, 121.
22.59000, 127.
22.60000, 121.
22.61000, 111.
22.62000, 121.
22.63000, 125.
22.64000, 141.
22.65000, 133.
22.66000, 124.
22.67000, 145.
22.68000, 136.
22.69000, 133.
22.70000, 155.
22.71000, 128.
22.72000, 147.
22.73000, 129.
22.74000, 120.
22.75000, 111.
22.76000, 115.
22.77000, 113.
22.78000, 89.
22.79000, 107.
22.80000, 98.
22.81000, 106.
22.82000, 99.
22.83000, 87.
22.84000, 100.
22.85000, 84.
22.86000, 71.
22.87000, 82.
22.88000, 90.
22.89000, 80.
22.90000, 98.
22.91000, 69.
22.92000, 79.
22.93000, 73.
22.94000, 73.
22.95000, 78.
22.96000, 72.
22.97000, 80.
22.98000, 68.
22.99000, 72.
23.00000, 88.
23.01000, 66.
23.02000, 73.
23.03000, 68.
23.04000, 77.
23.05000, 81.
23.06000, 67.
23.07000, 88.
23.08000, 76.
23.09000, 83.
23.10000, 93.
23.11000, 83.
23.12000, 75.
23.13000, 80.
23.14000, 59.
23.15000, 78.
23.16000, 89.
23.17000, 95.
23.18000, 67.
23.19000, 82.
23.20000, 74.
23.21000, 77.
23.22000, 65.
23.23000, 70.
23.24000, 67.
23.25000, 59.
23.26000, 78.
23.27000, 60.
23.28000, 73.
23.29000, 65.
23.30000, 58.
23.31000, 67.
23.32000, 71.
23.33000, 63.
23.34000, 69.
23.35000, 58.
23.36000, 63.
23.37000, 68.
23.38000, 74.
23.39000, 60.
23.40000, 66.
23.41000, 64.
23.42000, 58.
23.43000, 64.
23.44000, 74.
23.45000, 60.
23.46000, 63.
23.47000, 68.
23.48000, 83.
23.49000, 56.
23.50000, 69.
23.51000, 46.
23.52000, 62.
23.53000, 57.
23.54000, 63.
23.55000, 64.
23.56000, 65.
23.57000, 66.
23.58000, 59.
23.59000, 66.
23.60000, 66.
23.61000, 85.
23.62000, 57.
23.63000, 67.
23.64000, 68.
23.65000, 56.
23.66000, 60.
23.67000, 63.
23.68000, 55.
23.69000, 77.
23.70000, 71.
23.71000, 70.
23.72000, 46.
23.73000, 80.
23.74000, 63.
23.75000, 69.
23.76000, 66.
23.77000, 57.
23.78000, 54.
23.79000, 60.
23.80000, 73.
23.81000, 64.
23.82000, 65.
23.83000, 55.
23.84000, 77.
23.85000, 54.
23.86000, 62.
23.87000, 65.
23.88000, 59.
23.89000, 70.
23.90000, 63.
23.91000, 56.
23.92000, 66.
23.93000, 55.
23.94000, 58.
23.95000, 71.
23.96000, 72.
23.97000, 74.
23.98000, 64.
23.99000, 55.
24.00000, 68.
24.01000, 64.
24.02000, 54.
24.03000, 55.
24.04000, 63.
24.05000, 56.
24.06000, 54.
24.07000, 51.
24.08000, 67.
24.09000, 64.
24.10000, 54.
24.11000, 78.
24.12000, 50.
24.13000, 67.
24.14000, 67.
24.15000, 71.
24.16000, 70.
24.17000, 53.
24.18000, 88.
24.19000, 55.
24.20000, 55.
24.21000, 53.
24.22000, 55.
24.23000, 62.
24.24000, 54.
24.25000, 72.
24.26000, 73.
24.27000, 63.
24.28000, 58.
24.29000, 65.
24.30000, 53.
24.31000, 66.
24.32000, 70.
24.33000, 64.
24.34000, 70.
24.35000, 54.
24.36000, 50.
24.37000, 57.
24.38000, 67.
24.39000, 61.
24.40000, 80.
24.41000, 53.
24.42000, 59.
24.43000, 67.
24.44000, 69.
24.45000, 69.
24.46000, 59.
24.47000, 71.
24.48000, 62.
24.49000, 51.
24.50000, 56.
24.51000, 56.
24.52000, 60.
24.53000, 60.
24.54000, 51.
24.55000, 51.
24.56000, 65.
24.57000, 82.
24.58000, 67.
24.59000, 47.
24.60000, 61.
24.61000, 59.
24.62000, 49.
24.63000, 60.
24.64000, 57.
24.65000, 54.
24.66000, 64.
24.67000, 64.
24.68000, 61.
24.69000, 59.
24.70000, 60.
24.71000, 56.
24.72000, 70.
24.73000, 58.
24.74000, 48.
24.75000, 69.
24.76000, 61.
24.77000, 62.
24.78000, 44.
24.79000, 59.
24.80000, 64.
24.81000, 70.
24.82000, 62.
24.83000, 71.
24.84000, 63.
24.85000, 61.
24.86000, 55.
24.87000, 58.
24.88000, 69.
24.89000, 65.
24.90000, 66.
24.91000, 68.
24.92000, 70.
24.93000, 62.
24.94000, 56.
24.95000, 62.
24.96000, 55.
24.97000, 71.
24.98000, 68.
24.99000, 62.
25.00000, 75.
25.01000, 82.
25.02000, 77.
25.03000, 65.
25.04000, 60.
25.05000, 66.
25.06000, 67.
25.07000, 61.
25.08000, 70.
25.09000, 67.
25.10000, 59.
25.11000, 61.
25.12000, 51.
25.13000, 70.
25.14000, 61.
25.15000, 73.
25.16000, 57.
25.17000, 68.
25.18000, 51.
25.19000, 72.
25.20000, 68.
25.21000, 68.
25.22000, 61.
25.23000, 71.
25.24000, 76.
25.25000, 69.
25.26000, 75.
25.27000, 69.
25.28000, 69.
25.29000, 82.
25.30000, 72.
25.31000, 61.
25.32000, 59.
25.33000, 63.
25.34000, 54.
25.35000, 55.
25.36000, 61.
25.37000, 48.
25.38000, 64.
25.39000, 68.
25.40000, 58.
25.41000, 68.
25.42000, 71.
25.43000, 63.
25.44000, 65.
25.45000, 69.
25.46000, 74.
25.47000, 50.
25.48000, 52.
25.49000, 68.
25.50000, 67.
25.51000, 58.
25.52000, 56.
25.53000, 45.
25.54000, 58.
25.55000, 51.
25.56000, 51.
25.57000, 53.
25.58000, 51.
25.59000, 62.
25.60000, 51.
25.61000, 55.
25.62000, 47.
25.63000, 53.
25.64000, 59.
25.65000, 53.
25.66000, 66.
25.67000, 69.
25.68000, 63.
25.69000, 47.
25.70000, 55.
25.71000, 58.
25.72000, 55.
25.73000, 58.
25.74000, 63.
25.75000, 52.
25.76000, 57.
25.77000, 57.
25.78000, 55.
25.79000, 53.
25.80000, 57.
25.81000, 46.
25.82000, 49.
25.83000, 59.
25.84000, 50.
25.85000, 44.
25.86000, 48.
25.87000, 47.
25.88000, 63.
25.89000, 54.
25.90000, 54.
25.91000, 55.
25.92000, 48.
25.93000, 61.
25.94000, 55.
25.95000, 58.
25.96000, 49.
25.97000, 53.
25.98000, 62.
25.99000, 69.
26.00000, 53.
26.01000, 47.
26.02000, 46.
26.03000, 47.
26.04000, 48.
26.05000, 53.
26.06000, 47.
26.07000, 57.
26.08000, 41.
26.09000, 50.
26.10000, 51.
26.11000, 65.
26.12000, 60.
26.13000, 56.
26.14000, 50.
26.15000, 43.
26.16000, 51.
26.17000, 48.
26.18000, 49.
26.19000, 51.
26.20000, 53.
26.21000, 31.
26.22000, 43.
26.23000, 51.
26.24000, 52.
26.25000, 55.
26.26000, 56.
26.27000, 45.
26.28000, 57.
26.29000, 52.
26.30000, 51.
26.31000, 54.
26.32000, 61.
26.33000, 50.
26.34000, 34.
26.35000, 46.
26.36000, 58.
26.37000, 62.
26.38000, 44.
26.39000, 41.
26.40000, 44.
26.41000, 54.
26.42000, 60.
26.43000, 58.
26.44000, 41.
26.45000, 49.
26.46000, 50.
26.47000, 38.
26.48000, 58.
26.49000, 59.
26.50000, 60.
26.51000, 41.
26.52000, 52.
26.53000, 58.
26.54000, 56.
26.55000, 54.
26.56000, 51.
26.57000, 57.
26.58000, 56.
26.59000, 44.
26.60000, 55.
26.61000, 63.
26.62000, 43.
26.63000, 48.
26.64000, 45.
26.65000, 46.
26.66000, 48.
26.67000, 55.
26.68000, 54.
26.69000, 47.
26.70000, 51.
26.71000, 52.
26.72000, 43.
26.73000, 40.
26.74000, 42.
26.75000, 47.
26.76000, 55.
26.77000, 49.
26.78000, 50.
26.79000, 37.
26.80000, 47.
26.81000, 47.
26.82000, 37.
26.83000, 42.
26.84000, 43.
26.85000, 43.
26.86000, 33.
26.87000, 47.
26.88000, 53.
26.89000, 61.
26.90000, 41.
26.91000, 41.
26.92000, 47.
26.93000, 56.
26.94000, 38.
26.95000, 44.
26.96000, 47.
26.97000, 46.
26.98000, 47.
26.99000, 47.
27.00000, 46.
27.01000, 44.
27.02000, 52.
27.03000, 45.
27.04000, 50.
27.05000, 40.
27.06000, 56.
27.07000, 47.
27.08000, 41.
27.09000, 50.
27.10000, 45.
27.11000, 45.
27.12000, 55.
27.13000, 50.
27.14000, 47.
27.15000, 54.
27.16000, 50.
27.17000, 50.
27.18000, 36.
27.19000, 43.
27.20000, 32.
27.21000, 45.
27.22000, 44.
27.23000, 49.
27.24000, 54.
27.25000, 53.
27.26000, 51.
27.27000, 43.
27.28000, 48.
27.29000, 45.
27.30000, 47.
27.31000, 52.
27.32000, 55.
27.33000, 68.
27.34000, 56.
27.35000, 48.
27.36000, 59.
27.37000, 50.
27.38000, 40.
27.39000, 59.
27.40000, 46.
27.41000, 57.
27.42000, 59.
27.43000, 41.
27.44000, 59.
27.45000, 45.
27.46000, 49.
27.47000, 62.
27.48000, 52.
27.49000, 49.
27.50000, 44.
27.51000, 42.
27.52000, 40.
27.53000, 42.
27.54000, 40.
27.55000, 54.
27.56000, 52.
27.57000, 53.
27.58000, 49.
27.59000, 49.
27.60000, 38.
27.61000, 34.
27.62000, 42.
27.63000, 42.
27.64000, 42.
27.65000, 41.
27.66000, 47.
27.67000, 32.
27.68000, 52.
27.69000, 51.
27.70000, 39.
27.71000, 39.
27.72000, 41.
27.73000, 43.
27.74000, 43.
27.75000, 30.
27.76000, 41.
27.77000, 40.
27.78000, 48.
27.79000, 39.
27.80000, 44.
27.81000, 59.
27.82000, 35.
27.83000, 37.
27.84000, 42.
27.85000, 35.
27.86000, 44.
27.87000, 34.
27.88000, 40.
27.89000, 43.
27.90000, 35.
27.91000, 44.
27.92000, 34.
27.93000, 38.
27.94000, 43.
27.95000, 54.
27.96000, 42.
27.97000, 40.
27.98000, 44.
27.99000, 39.
28.00000, 41.
28.01000, 44.
28.02000, 39.
28.03000, 40.
28.04000, 42.
28.05000, 44.
28.06000, 40.
28.07000, 34.
28.08000, 36.
28.09000, 42.
28.10000, 39.
28.11000, 37.
28.12000, 47.
28.13000, 42.
28.14000, 46.
28.15000, 47.
28.16000, 31.
28.17000, 41.
28.18000, 36.
28.19000, 35.
28.20000, 38.
28.21000, 45.
28.22000, 45.
28.23000, 48.
28.24000, 40.
28.25000, 44.
28.26000, 35.
28.27000, 42.
28.28000, 35.
28.29000, 41.
28.30000, 52.
28.31000, 35.
28.32000, 42.
28.33000, 41.
28.34000, 40.
28.35000, 54.
28.36000, 47.
28.37000, 59.
28.38000, 38.
28.39000, 48.
28.40000, 57.
28.41000, 48.
28.42000, 42.
28.43000, 44.
28.44000, 47.
28.45000, 34.
28.46000, 40.
28.47000, 28.
28.48000, 42.
28.49000, 38.
28.50000, 40.
28.51000, 39.
28.52000, 38.
28.53000, 36.
28.54000, 33.
28.55000, 32.
28.56000, 47.
28.57000, 49.
28.58000, 37.
28.59000, 47.
28.60000, 39.
28.61000, 42.
28.62000, 46.
28.63000, 31.
28.64000, 36.
28.65000, 44.
28.66000, 50.
28.67000, 45.
28.68000, 38.
28.69000, 38.
28.70000, 47.
28.71000, 36.
28.72000, 39.
28.73000, 43.
28.74000, 37.
28.75000, 34.
28.76000, 34.
28.77000, 42.
28.78000, 42.
28.79000, 37.
28.80000, 49.
28.81000, 36.
28.82000, 34.
28.83000, 31.
28.84000, 30.
28.85000, 32.
28.86000, 36.
28.87000, 38.
28.88000, 29.
28.89000, 39.
28.90000, 45.
28.91000, 36.
28.92000, 32.
28.93000, 31.
28.94000, 35.
28.95000, 52.
28.96000, 37.
28.97000, 35.
28.98000, 40.
28.99000, 35.
29.00000, 38.
29.01000, 38.
29.02000, 34.
29.03000, 34.
29.04000, 36.
29.05000, 37.
29.06000, 41.
29.07000, 35.
29.08000, 35.
29.09000, 39.
29.10000, 44.
29.11000, 36.
29.12000, 42.
29.13000, 39.
29.14000, 38.
29.15000, 24.
29.16000, 28.
29.17000, 40.
29.18000, 33.
29.19000, 44.
29.20000, 42.
29.21000, 38.
29.22000, 38.
29.23000, 44.
29.24000, 41.
29.25000, 45.
29.26000, 31.
29.27000, 40.
29.28000, 39.
29.29000, 34.
29.30000, 36.
29.31000, 34.
29.32000, 40.
29.33000, 47.
29.34000, 36.
29.35000, 28.
29.36000, 42.
29.37000, 34.
29.38000, 35.
29.39000, 35.
29.40000, 48.
29.41000, 39.
29.42000, 48.
29.43000, 42.
29.44000, 44.
29.45000, 36.
29.46000, 39.
29.47000, 32.
29.48000, 36.
29.49000, 32.
29.50000, 40.
29.51000, 38.
29.52000, 40.
29.53000, 37.
29.54000, 37.
29.55000, 35.
29.56000, 40.
29.57000, 41.
29.58000, 37.
29.59000, 38.
29.60000, 32.
29.61000, 37.
29.62000, 34.
29.63000, 34.
29.64000, 46.
29.65000, 34.
29.66000, 24.
29.67000, 41.
29.68000, 28.
29.69000, 32.
29.70000, 34.
29.71000, 24.
29.72000, 28.
29.73000, 32.
29.74000, 31.
29.75000, 31.
29.76000, 35.
29.77000, 38.
29.78000, 38.
29.79000, 37.
29.80000, 36.
29.81000, 34.
29.82000, 25.
29.83000, 32.
29.84000, 35.
29.85000, 26.
29.86000, 33.
29.87000, 44.
29.88000, 26.
29.89000, 38.
29.90000, 31.
29.91000, 42.
29.92000, 35.
29.93000, 33.
29.94000, 34.
29.95000, 32.
29.96000, 29.
29.97000, 37.
29.98000, 26.
29.99000, 44.
30.00000, 25.
30.01000, 36.
30.02000, 30.
30.03000, 36.
30.04000, 30.
30.05000, 33.
30.06000, 24.
30.07000, 42.
30.08000, 32.
30.09000, 36.
30.10000, 28.
30.11000, 31.
30.12000, 32.
30.13000, 40.
30.14000, 34.
30.15000, 25.
30.16000, 32.
30.17000, 46.
30.18000, 27.
30.19000, 45.
30.20000, 30.
30.21000, 25.
30.22000, 37.
30.23000, 39.
30.24000, 25.
30.25000, 32.
30.26000, 36.
30.27000, 29.
30.28000, 30.
30.29000, 32.
30.30000, 29.
30.31000, 25.
30.32000, 32.
30.33000, 37.
30.34000, 33.
30.35000, 33.
30.36000, 41.
30.37000, 35.
30.38000, 36.
30.39000, 33.
30.40000, 32.
30.41000, 27.
30.42000, 32.
30.43000, 27.
30.44000, 26.
30.45000, 41.
30.46000, 32.
30.47000, 35.
30.48000, 35.
30.49000, 35.
30.50000, 36.
30.51000, 31.
30.52000, 35.
30.53000, 36.
30.54000, 26.
30.55000, 24.
30.56000, 27.
30.57000, 28.
30.58000, 31.
30.59000, 27.
30.60000, 31.
30.61000, 26.
30.62000, 24.
30.63000, 31.
30.64000, 38.
30.65000, 42.
30.66000, 28.
30.67000, 25.
30.68000, 30.
30.69000, 27.
30.70000, 23.
30.71000, 26.
30.72000, 36.
30.73000, 23.
30.74000, 27.
30.75000, 35.
30.76000, 33.
30.77000, 25.
30.78000, 31.
30.79000, 27.
30.80000, 30.
30.81000, 35.
30.82000, 20.
30.83000, 31.
30.84000, 22.
30.85000, 35.
30.86000, 40.
30.87000, 26.
30.88000, 31.
30.89000, 22.
30.90000, 27.
30.91000, 25.
30.92000, 27.
30.93000, 30.
30.94000, 29.
30.95000, 26.
30.96000, 25.
30.97000, 30.
30.98000, 33.
30.99000, 31.
31.00000, 23.
31.01000, 25.
31.02000, 33.
31.03000, 23.
31.04000, 30.
31.05000, 19.
31.06000, 31.
31.07000, 26.
31.08000, 27.
31.09000, 36.
31.10000, 26.
31.11000, 36.
31.12000, 23.
31.13000, 40.
31.14000, 34.
31.15000, 22.
31.16000, 34.
31.17000, 28.
31.18000, 34.
31.19000, 21.
31.20000, 33.
31.21000, 27.
31.22000, 24.
31.23000, 19.
31.24000, 30.
31.25000, 21.
31.26000, 31.
31.27000, 32.
31.28000, 31.
31.29000, 33.
31.30000, 24.
31.31000, 33.
31.32000, 25.
31.33000, 30.
31.34000, 28.
31.35000, 30.
31.36000, 22.
31.37000, 19.
31.38000, 33.
31.39000, 26.
31.40000, 34.
31.41000, 33.
31.42000, 26.
31.43000, 30.
31.44000, 34.
31.45000, 16.
31.46000, 38.
31.47000, 25.
31.48000, 27.
31.49000, 28.
31.50000, 29.
31.51000, 32.
31.52000, 26.
31.53000, 24.
31.54000, 18.
31.55000, 26.
31.56000, 27.
31.57000, 32.
31.58000, 31.
31.59000, 24.
31.60000, 37.
31.61000, 20.
31.62000, 26.
31.63000, 20.
31.64000, 28.
31.65000, 23.
31.66000, 31.
31.67000, 20.
31.68000, 26.
31.69000, 24.
31.70000, 24.
31.71000, 29.
31.72000, 27.
31.73000, 28.
31.74000, 23.
31.75000, 25.
31.76000, 37.
31.77000, 28.
31.78000, 21.
31.79000, 27.
31.80000, 31.
31.81000, 30.
31.82000, 28.
31.83000, 27.
31.84000, 32.
31.85000, 26.
31.86000, 24.
31.87000, 31.
31.88000, 34.
31.89000, 35.
31.90000, 34.
31.91000, 32.
31.92000, 27.
31.93000, 21.
31.94000, 36.
31.95000, 30.
31.96000, 31.
31.97000, 24.
31.98000, 33.
31.99000, 29.
32.00000, 25.
32.01000, 28.
32.02000, 34.
32.03000, 35.
32.04000, 33.
32.05000, 31.
32.06000, 31.
32.07000, 37.
32.08000, 26.
32.09000, 37.
32.10000, 34.
32.11000, 28.
32.12000, 27.
32.13000, 26.
32.14000, 32.
32.15000, 26.
32.16000, 27.
32.17000, 26.
32.18000, 24.
32.19000, 32.
32.20000, 32.
32.21000, 19.
32.22000, 28.
32.23000, 23.
32.24000, 31.
32.25000, 24.
32.26000, 28.
32.27000, 24.
32.28000, 36.
32.29000, 33.
32.30000, 26.
32.31000, 25.
32.32000, 26.
32.33000, 28.
32.34000, 20.
32.35000, 21.
32.36000, 27.
32.37000, 17.
32.38000, 29.
32.39000, 41.
32.40000, 29.
32.41000, 23.
32.42000, 25.
32.43000, 26.
32.44000, 25.
32.45000, 19.
32.46000, 23.
32.47000, 13.
32.48000, 26.
32.49000, 28.
32.50000, 22.
32.51000, 29.
32.52000, 23.
32.53000, 22.
32.54000, 25.
32.55000, 18.
32.56000, 21.
32.57000, 32.
32.58000, 16.
32.59000, 24.
32.60000, 24.
32.61000, 17.
32.62000, 24.
32.63000, 27.
32.64000, 31.
32.65000, 26.
32.66000, 15.
32.67000, 20.
32.68000, 21.
32.69000, 26.
32.70000, 26.
32.71000, 22.
32.72000, 28.
32.73000, 33.
32.74000, 20.
32.75000, 30.
32.76000, 21.
32.77000, 22.
32.78000, 20.
32.79000, 14.
32.80000, 20.
32.81000, 23.
32.82000, 15.
32.83000, 39.
32.84000, 29.
32.85000, 19.
32.86000, 18.
32.87000, 14.
32.88000, 18.
32.89000, 29.
32.90000, 21.
32.91000, 28.
32.92000, 22.
32.93000, 29.
32.94000, 21.
32.95000, 25.
32.96000, 19.
32.97000, 29.
32.98000, 26.
32.99000, 13.
33.00000, 18.
33.01000, 28.
33.02000, 25.
33.03000, 29.
33.04000, 22.
33.05000, 22.
33.06000, 27.
33.07000, 19.
33.08000, 24.
33.09000, 18.
33.10000, 25.
33.11000, 19.
33.12000, 14.
33.13000, 20.
33.14000, 23.
33.15000, 22.
33.16000, 23.
33.17000, 17.
33.18000, 19.
33.19000, 18.
33.20000, 18.
33.21000, 19.
33.22000, 19.
33.23000, 19.
33.24000, 23.
33.25000, 15.
33.26000, 17.
33.27000, 15.
33.28000, 23.
33.29000, 15.
33.30000, 17.
33.31000, 24.
33.32000, 13.
33.33000, 26.
33.34000, 13.
33.35000, 20.
33.36000, 21.
33.37000, 21.
33.38000, 20.
33.39000, 19.
33.40000, 15.
33.41000, 20.
33.42000, 25.
33.43000, 15.
33.44000, 17.
33.45000, 22.
33.46000, 20.
33.47000, 20.
33.48000, 33.
33.49000, 21.
33.50000, 24.
33.51000, 17.
33.52000, 27.
33.53000, 29.
33.54000, 23.
33.55000, 24.
33.56000, 19.
33.57000, 18.
33.58000, 21.
33.59000, 22.
33.60000, 24.
33.61000, 22.
33.62000, 20.
33.63000, 22.
33.64000, 19.
33.65000, 20.
33.66000, 15.
33.67000, 25.
33.68000, 24.
33.69000, 14.
33.70000, 21.
33.71000, 16.
33.72000, 24.
33.73000, 19.
33.74000, 27.
33.75000, 17.
33.76000, 16.
33.77000, 15.
33.78000, 20.
33.79000, 15.
33.80000, 13.
33.81000, 21.
33.82000, 14.
33.83000, 18.
33.84000, 18.
33.85000, 15.
33.86000, 14.
33.87000, 18.
33.88000, 17.
33.89000, 21.
33.90000, 18.
33.91000, 15.
33.92000, 11.
33.93000, 25.
33.94000, 17.
33.95000, 21.
33.96000, 17.
33.97000, 16.
33.98000, 26.
33.99000, 20.
34.00000, 20.
34.01000, 13.
34.02000, 27.
34.03000, 24.
34.04000, 19.
34.05000, 15.
34.06000, 22.
34.07000, 24.
34.08000, 22.
34.09000, 19.
34.10000, 18.
34.11000, 20.
34.12000, 15.
34.13000, 20.
34.14000, 20.
34.15000, 19.
34.16000, 18.
34.17000, 21.
34.18000, 22.
34.19000, 17.
34.20000, 16.
34.21000, 33.
34.22000, 26.
34.23000, 20.
34.24000, 22.
34.25000, 25.
34.26000, 20.
34.27000, 16.
34.28000, 15.
34.29000, 9.
34.30000, 16.
34.31000, 15.
34.32000, 16.
34.33000, 18.
34.34000, 18.
34.35000, 21.
34.36000, 20.
34.37000, 16.
34.38000, 19.
34.39000, 19.
34.40000, 19.
34.41000, 13.
34.42000, 9.
34.43000, 19.
34.44000, 20.
34.45000, 15.
34.46000, 20.
34.47000, 15.
34.48000, 17.
34.49000, 18.
34.50000, 22.
34.51000, 12.
34.52000, 18.
34.53000, 21.
34.54000, 17.
34.55000, 20.
34.56000, 31.
34.57000, 29.
34.58000, 18.
34.59000, 12.
34.60000, 16.
34.61000, 24.
34.62000, 17.
34.63000, 18.
34.64000, 15.
34.65000, 17.
34.66000, 21.
34.67000, 16.
34.68000, 23.
34.69000, 20.
34.70000, 25.
34.71000, 27.
34.72000, 27.
34.73000, 17.
34.74000, 16.
34.75000, 16.
34.76000, 19.
34.77000, 14.
34.78000, 13.
34.79000, 17.
34.80000, 16.
34.81000, 11.
34.82000, 12.
34.83000, 15.
34.84000, 21.
34.85000, 13.
34.86000, 21.
34.87000, 11.
34.88000, 16.
34.89000, 15.
34.90000, 23.
34.91000, 12.
34.92000, 18.
34.93000, 14.
34.94000, 20.
34.95000, 13.
34.96000, 9.
34.97000, 15.
34.98000, 12.
34.99000, 15.
35.00000, 16.
35.01000, 11.
35.02000, 21.
35.03000, 9.
35.04000, 22.
35.05000, 16.
35.06000, 15.
35.07000, 19.
35.08000, 17.
35.09000, 20.
35.10000, 9.
35.11000, 18.
35.12000, 18.
35.13000, 13.
35.14000, 17.
35.15000, 16.
35.16000, 19.
35.17000, 15.
35.18000, 17.
35.19000, 12.
35.20000, 23.
35.21000, 15.
35.22000, 11.
35.23000, 18.
35.24000, 11.
35.25000, 12.
35.26000, 19.
35.27000, 12.
35.28000, 20.
35.29000, 9.
35.30000, 14.
35.31000, 12.
35.32000, 13.
35.33000, 10.
35.34000, 19.
35.35000, 17.
35.36000, 20.
35.37000, 12.
35.38000, 10.
35.39000, 15.
35.40000, 20.
35.41000, 21.
35.42000, 11.
35.43000, 12.
35.44000, 13.
35.45000, 12.
35.46000, 10.
35.47000, 8.
35.48000, 14.
35.49000, 15.
35.50000, 23.
35.51000, 15.
35.52000, 13.
35.53000, 19.
35.54000, 10.
35.55000, 7.
35.56000, 21.
35.57000, 15.
35.58000, 14.
35.59000, 16.
35.60000, 10.
35.61000, 9.
35.62000, 10.
35.63000, 14.
35.64000, 14.
35.65000, 19.
35.66000, 11.
35.67000, 14.
35.68000, 17.
35.69000, 13.
35.70000, 13.
35.71000, 17.
35.72000, 12.
35.73000, 7.
35.74000, 17.
35.75000, 12.
35.76000, 18.
35.77000, 11.
35.78000, 15.
35.79000, 10.
35.80000, 14.
35.81000, 15.
35.82000, 12.
35.83000, 18.
35.84000, 20.
35.85000, 11.
35.86000, 12.
35.87000, 16.
35.88000, 8.
35.89000, 12.
35.90000, 19.
35.91000, 10.
35.92000, 21.
35.93000, 14.
35.94000, 18.
35.95000, 10.
35.96000, 16.
35.97000, 13.
35.98000, 11.
35.99000, 12.
36.00000, 12.
36.01000, 7.
36.02000, 18.
36.03000, 8.
36.04000, 22.
36.05000, 24.
36.06000, 5.
36.07000, 13.
36.08000, 16.
36.09000, 12.
36.10000, 17.
36.11000, 11.
36.12000, 14.
36.13000, 22.
36.14000, 18.
36.15000, 15.
36.16000, 11.
36.17000, 10.
36.18000, 7.
36.19000, 10.
36.20000, 15.
36.21000, 20.
36.22000, 15.
36.23000, 11.
36.24000, 14.
36.25000, 12.
36.26000, 17.
36.27000, 9.
36.28000, 13.
36.29000, 11.
36.30000, 25.
36.31000, 14.
36.32000, 13.
36.33000, 10.
36.34000, 18.
36.35000, 13.
36.36000, 16.
36.37000, 20.
36.38000, 17.
36.39000, 10.
36.40000, 17.
36.41000, 17.
36.42000, 15.
36.43000, 7.
36.44000, 13.
36.45000, 15.
36.46000, 14.
36.47000, 8.
36.48000, 12.
36.49000, 14.
36.50000, 12.
36.51000, 8.
36.52000, 11.
36.53000, 10.
36.54000, 6.
36.55000, 7.
36.56000, 12.
36.57000, 7.
36.58000, 8.
36.59000, 10.
36.60000, 12.
36.61000, 10.
36.62000, 12.
36.63000, 12.
36.64000, 10.
36.65000, 9.
36.66000, 9.
36.67000, 14.
36.68000, 19.
36.69000, 8.
36.70000, 8.
36.71000, 9.
36.72000, 10.
36.73000, 10.
36.74000, 16.
36.75000, 10.
36.76000, 11.
36.77000, 12.
36.78000, 7.
36.79000, 10.
36.80000, 12.
36.81000, 15.
36.82000, 10.
36.83000, 11.
36.84000, 19.
36.85000, 14.
36.86000, 10.
36.87000, 7.
36.88000, 17.
36.89000, 12.
36.90000, 13.
36.91000, 8.
36.92000, 5.
36.93000, 6.
36.94000, 9.
36.95000, 5.
36.96000, 8.
36.97000, 13.
36.98000, 12.
36.99000, 6.
37.00000, 12.
37.01000, 8.
37.02000, 13.
37.03000, 9.
37.04000, 11.
37.05000, 11.
37.06000, 17.
37.07000, 15.
37.08000, 13.
37.09000, 16.
37.10000, 6.
37.11000, 8.
37.12000, 7.
37.13000, 12.
37.14000, 9.
37.15000, 8.
37.16000, 12.
37.17000, 7.
37.18000, 7.
37.19000, 9.
37.20000, 15.
37.21000, 9.
37.22000, 8.
37.23000, 7.
37.24000, 12.
37.25000, 14.
37.26000, 7.
37.27000, 7.
37.28000, 9.
37.29000, 14.
37.30000, 13.
37.31000, 10.
37.32000, 6.
37.33000, 12.
37.34000, 14.
37.35000, 13.
37.36000, 12.
37.37000, 9.
37.38000, 9.
37.39000, 9.
37.40000, 10.
37.41000, 7.
37.42000, 4.
37.43000, 10.
37.44000, 16.
37.45000, 5.
37.46000, 6.
37.47000, 11.
37.48000, 14.
37.49000, 8.
37.50000, 13.
37.51000, 7.
37.52000, 8.
37.53000, 8.
37.54000, 16.
37.55000, 15.
37.56000, 7.
37.57000, 13.
37.58000, 17.
37.59000, 6.
37.60000, 11.
37.61000, 13.
37.62000, 13.
37.63000, 10.
37.64000, 11.
37.65000, 6.
37.66000, 9.
37.67000, 10.
37.68000, 12.
37.69000, 13.
37.70000, 14.
37.71000, 11.
37.72000, 9.
37.73000, 10.
37.74000, 10.
37.75000, 3.
37.76000, 4.
37.77000, 2.
37.78000, 13.
37.79000, 11.
37.80000, 8.
37.81000, 8.
37.82000, 6.
37.83000, 14.
37.84000, 11.
37.85000, 4.
37.86000, 5.
37.87000, 13.
37.88000, 6.
37.89000, 5.
37.90000, 9.
37.91000, 4.
37.92000, 9.
37.93000, 12.
37.94000, 12.
37.95000, 8.
37.96000, 8.
37.97000, 14.
37.98000, 8.
37.99000, 8.
38.00000, 4.
38.01000, 13.
38.02000, 10.
38.03000, 13.
38.04000, 6.
38.05000, 9.
38.06000, 13.
38.07000, 5.
38.08000, 15.
38.09000, 12.
38.10000, 12.
38.11000, 7.
38.12000, 16.
38.13000, 11.
38.14000, 4.
38.15000, 9.
38.16000, 9.
38.17000, 8.
38.18000, 3.
38.19000, 4.
38.20000, 7.
38.21000, 6.
38.22000, 7.
38.23000, 5.
38.24000, 8.
38.25000, 9.
38.26000, 6.
38.27000, 7.
38.28000, 5.
38.29000, 6.
38.30000, 12.
38.31000, 12.
38.32000, 8.
38.33000, 10.
38.34000, 7.
38.35000, 6.
38.36000, 3.
38.37000, 7.
38.38000, 9.
38.39000, 4.
38.40000, 8.
38.41000, 9.
38.42000, 6.
38.43000, 9.
38.44000, 6.
38.45000, 4.
38.46000, 9.
38.47000, 8.
38.48000, 9.
38.49000, 10.
38.50000, 3.
38.51000, 7.
38.52000, 9.
38.53000, 9.
38.54000, 8.
38.55000, 8.
38.56000, 7.
38.57000, 7.
38.58000, 7.
38.59000, 6.
38.60000, 13.
38.61000, 6.
38.62000, 9.
38.63000, 5.
38.64000, 9.
38.65000, 9.
38.66000, 6.
38.67000, 7.
38.68000, 4.
38.69000, 8.
38.70000, 5.
38.71000, 9.
38.72000, 13.
38.73000, 4.
38.74000, 5.
38.75000, 8.
38.76000, 8.
38.77000, 6.
38.78000, 10.
38.79000, 5.
38.80000, 4.
38.81000, 9.
38.82000, 7.
38.83000, 7.
38.84000, 4.
38.85000, 8.
38.86000, 6.
38.87000, 9.
38.88000, 5.
38.89000, 7.
38.90000, 4.
38.91000, 7.
38.92000, 7.
38.93000, 10.
38.94000, 3.
38.95000, 5.
38.96000, 9.
38.97000, 8.
38.98000, 3.
38.99000, 12.
39.00000, 5.
39.01000, 9.
39.02000, 4.
39.03000, 9.
39.04000, 5.
39.05000, 6.
39.06000, 2.
39.07000, 5.
39.08000, 8.
39.09000, 5.
39.10000, 4.
39.11000, 9.
39.12000, 6.
39.13000, 7.
39.14000, 3.
39.15000, 11.
39.16000, 7.
39.17000, 8.
39.18000, 9.
39.19000, 9.
39.20000, 6.
39.21000, 6.
39.22000, 7.
39.23000, 12.
39.24000, 8.
39.25000, 9.
39.26000, 6.
39.27000, 5.
39.28000, 6.
39.29000, 4.
39.30000, 4.
39.31000, 3.
39.32000, 4.
39.33000, 3.
39.34000, 6.
39.35000, 5.
39.36000, 4.
39.37000, 6.
39.38000, 8.
39.39000, 3.
39.40000, 10.
39.41000, 6.
39.42000, 5.
39.43000, 7.
39.44000, 10.
39.45000, 5.
39.46000, 8.
39.47000, 8.
39.48000, 6.
39.49000, 3.
39.50000, 7.
39.51000, 5.
39.52000, 0.
39.53000, 5.
39.54000, 10.
39.55000, 10.
39.56000, 4.
39.57000, 4.
39.58000, 4.
39.59000, 5.
39.60000, 3.
39.61000, 5.
39.62000, 3.
39.63000, 3.
39.64000, 5.
39.65000, 4.
39.66000, 2.
39.67000, 4.
39.68000, 7.
39.69000, 5.
39.70000, 2.
39.71000, 4.
39.72000, 5.
39.73000, 0.
39.74000, 8.
39.75000, 5.
39.76000, 4.
39.77000, 6.
39.78000, 3.
39.79000, 2.
39.80000, 5.
39.81000, 1.
39.82000, 5.
39.83000, 4.
39.84000, 5.
39.85000, 10.
39.86000, 6.
39.87000, 4.
39.88000, 6.
39.89000, 4.
39.90000, 5.
39.91000, 3.
39.92000, 4.
39.93000, 4.
39.94000, 9.
39.95000, 1.
39.96000, 5.
39.97000, 3.
39.98000, 10.
39.99000, 5.
40.00000, 4.
40.01000, 6.
40.02000, 8.
40.03000, 5.
40.04000, 3.
40.05000, 4.
40.06000, 3.
40.07000, 3.
40.08000, 5.
40.09000, 3.
40.10000, 3.
40.11000, 6.
40.12000, 4.
40.13000, 4.
40.14000, 7.
40.15000, 7.
40.16000, 14.
40.17000, 2.
40.18000, 6.
40.19000, 7.
40.20000, 8.
40.21000, 7.
40.22000, 2.
40.23000, 4.
40.24000, 6.
40.25000, 4.
40.26000, 6.
40.27000, 6.
40.28000, 3.
40.29000, 6.
40.30000, 2.
40.31000, 4.
40.32000, 4.
40.33000, 5.
40.34000, 5.
40.35000, 4.
40.36000, 3.
40.37000, 7.
40.38000, 4.
40.39000, 5.
40.40000, 2.
40.41000, 6.
40.42000, 3.
40.43000, 4.
40.44000, 3.
40.45000, 5.
40.46000, 4.
40.47000, 5.
40.48000, 4.
40.49000, 5.
40.50000, 6.
40.51000, 5.
40.52000, 1.
40.53000, 4.
40.54000, 7.
40.55000, 0.
#ENDOFDATA   : 
