#FORMAT      : EMSA/MAS Spectral Data File
#VERSION     : 1.0
#TITLE       : oreas 460b 1
#DATE        : 23-JUL-2026
#TIME        : 11:31
#OWNER       : XGT7200
#NPOINTS     : 4096.
#NCOLUMNS    : 1.
#XUNITS      : keV
#YUNITS      : counts
#DATATYPE    : XY
#XPERCHAN    : 0.0100000
#OFFSET      : -0.400000
#SIGNALTYPE  : EDS
#CHOFFSET    : 40.0000
#LIVETIME    : 30.000000
#REALTIME    : 39.751411
#BEAMKV      : 50.0000
#PROBECUR    : 608000.
#MAGCAM      : 100.000
#XTILTSTGE   : 0.0
#AZIMANGLE   : 0.0
#ELEVANGLE   : 45.0
#XPOSITION mm: 0.0000
#YPOSITION mm: 0.0000
#ZPOSITION mm: 0.0000
##OXINSTPT   : 4
##OXINSTSTROB: 71.75
##OXINSTELEMS: 13,14,19,20,21,22,26,33,37,38,39,40,41
##OXINSTLABEL: 26, 6.404, Fe
##OXINSTLABEL: 26, 7.058, Fe
##OXINSTLABEL: 26, 0.705, Fe
##OXINSTLABEL: 26, 0.628, Fe
##OXINSTLABEL: 13, 1.487, Al
##OXINSTLABEL: 14, 1.740, Si
##OXINSTLABEL: 33, 10.544, As
##OXINSTLABEL: 33, 11.726, As
##OXINSTLABEL: 33, 1.282, As
##OXINSTLABEL: 33, 1.155, As
##OXINSTLABEL: 33, 1.120, As
##OXINSTLABEL: 22, 4.511, Ti
##OXINSTLABEL: 22, 4.932, Ti
##OXINSTLABEL: 22, 0.452, Ti
##OXINSTLABEL: 22, 0.401, Ti
##OXINSTLABEL: 37, 13.396, Rb
##OXINSTLABEL: 37, 14.962, Rb
##OXINSTLABEL: 37, 1.694, Rb
##OXINSTLABEL: 37, 1.542, Rb
##OXINSTLABEL: 37, 1.482, Rb
##OXINSTLABEL: 19, 3.314, K
##OXINSTLABEL: 19, 3.590, K
##OXINSTLABEL: 19, 0.262, K
##OXINSTLABEL: 40, 15.775, Zr
##OXINSTLABEL: 40, 17.668, Zr
##OXINSTLABEL: 40, 17.970, Zr
##OXINSTLABEL: 40, 2.042, Zr
##OXINSTLABEL: 40, 1.877, Zr
##OXINSTLABEL: 40, 2.503, Zr
##OXINSTLABEL: 40, 1.792, Zr
##OXINSTLABEL: 38, 14.165, Sr
##OXINSTLABEL: 38, 15.836, Sr
##OXINSTLABEL: 38, 16.085, Sr
##OXINSTLABEL: 38, 1.807, Sr
##OXINSTLABEL: 38, 1.649, Sr
##OXINSTLABEL: 38, 1.582, Sr
##OXINSTLABEL: 41, 16.615, Nb
##OXINSTLABEL: 41, 18.623, Nb
##OXINSTLABEL: 41, 18.953, Nb
##OXINSTLABEL: 41, 2.166, Nb
##OXINSTLABEL: 41, 1.996, Nb
##OXINSTLABEL: 41, 2.664, Nb
##OXINSTLABEL: 41, 1.902, Nb
##OXINSTLABEL: 20, 3.692, Ca
##OXINSTLABEL: 20, 4.013, Ca
##OXINSTLABEL: 20, 0.341, Ca
##OXINSTLABEL: 20, 0.306, Ca
##OXINSTLABEL: 21, 4.091, Sc
##OXINSTLABEL: 21, 4.460, Sc
##OXINSTLABEL: 21, 0.395, Sc
##OXINSTLABEL: 21, 0.353, Sc
##OXINSTLABEL: 39, 14.959, Y
##OXINSTLABEL: 39, 16.738, Y
##OXINSTLABEL: 39, 17.016, Y
##OXINSTLABEL: 39, 1.923, Y
##OXINSTLABEL: 39, 1.761, Y
##OXINSTLABEL: 39, 1.685, Y
#SPECTRUM    : Spectral Data Starts Here
-0.40000, 0.
-0.39000, 0.
-0.38000, 0.
-0.37000, 0.
-0.36000, 0.
-0.35000, 0.
-0.34000, 0.
-0.33000, 0.
-0.32000, 0.
-0.31000, 0.
-0.30000, 0.
-0.29000, 0.
-0.28000, 0.
-0.27000, 0.
-0.26000, 0.
-0.25000, 0.
-0.24000, 0.
-0.23000, 0.
-0.22000, 0.
-0.21000, 0.
-0.20000, 0.
-0.19000, 0.
-0.18000, 0.
-0.17000, 0.
-0.16000, 0.
-0.15000, 0.
-0.14000, 0.
-0.13000, 0.
-0.12000, 0.
-0.11000, 0.
-0.10000, 0.
-0.09000, 0.
-0.08000, 0.
-0.07000, 0.
-0.06000, 0.
-0.05000, 0.
-0.04000, 0.
-0.03000, 0.
-0.02000, 0.
-0.01000, 0.
0.00000, 0.
0.01000, 0.
0.02000, 0.
0.03000, 0.
0.04000, 0.
0.05000, 0.
0.06000, 0.
0.07000, 0.
0.08000, 0.
0.09000, 0.
0.10000, 0.
0.11000, 0.
0.12000, 0.
0.13000, 0.
0.14000, 0.
0.15000, 0.
0.16000, 0.
0.17000, 0.
0.18000, 0.
0.19000, 0.
0.20000, 0.
0.21000, 0.
0.22000, 0.
0.23000, 0.
0.24000, 0.
0.25000, 0.
0.26000, 0.
0.27000, 0.
0.28000, 0.
0.29000, 0.
0.30000, 0.
0.31000, 0.
0.32000, 0.
0.33000, 0.
0.34000, 0.
0.35000, 4.
0.36000, 0.
0.37000, 6.
0.38000, 13.
0.39000, 17.
0.40000, 26.
0.41000, 27.
0.42000, 29.
0.43000, 33.
0.44000, 41.
0.45000, 40.
0.46000, 38.
0.47000, 52.
0.48000, 42.
0.49000, 39.
0.50000, 55.
0.51000, 35.
0.52000, 41.
0.53000, 36.
0.54000, 33.
0.55000, 38.
0.56000, 41.
0.57000, 47.
0.58000, 30.
0.59000, 36.
0.60000, 50.
0.61000, 37.
0.62000, 33.
0.63000, 37.
0.64000, 35.
0.65000, 40.
0.66000, 33.
0.67000, 25.
0.68000, 35.
0.69000, 38.
0.70000, 32.
0.71000, 46.
0.72000, 28.
0.73000, 37.
0.74000, 27.
0.75000, 51.
0.76000, 40.
0.77000, 27.
0.78000, 23.
0.79000, 37.
0.80000, 44.
0.81000, 27.
0.82000, 39.
0.83000, 48.
0.84000, 45.
0.85000, 31.
0.86000, 36.
0.87000, 46.
0.88000, 47.
0.89000, 35.
0.90000, 50.
0.91000, 28.
0.92000, 44.
0.93000, 41.
0.94000, 29.
0.95000, 44.
0.96000, 42.
0.97000, 44.
0.98000, 37.
0.99000, 46.
1.00000, 39.
1.01000, 36.
1.02000, 39.
1.03000, 34.
1.04000, 42.
1.05000, 37.
1.06000, 31.
1.07000, 38.
1.08000, 30.
1.09000, 38.
1.10000, 39.
1.11000, 34.
1.12000, 40.
1.13000, 39.
1.14000, 37.
1.15000, 40.
1.16000, 45.
1.17000, 34.
1.18000, 43.
1.19000, 36.
1.20000, 48.
1.21000, 41.
1.22000, 31.
1.23000, 48.
1.24000, 49.
1.25000, 58.
1.26000, 55.
1.27000, 55.
1.28000, 38.
1.29000, 45.
1.30000, 45.
1.31000, 43.
1.32000, 38.
1.33000, 49.
1.34000, 38.
1.35000, 44.
1.36000, 42.
1.37000, 41.
1.38000, 63.
1.39000, 72.
1.40000, 106.
1.41000, 144.
1.42000, 208.
1.43000, 297.
1.44000, 425.
1.45000, 505.
1.46000, 697.
1.47000, 811.
1.48000, 853.
1.49000, 908.
1.50000, 941.
1.51000, 847.
1.52000, 704.
1.53000, 648.
1.54000, 510.
1.55000, 409.
1.56000, 281.
1.57000, 209.
1.58000, 163.
1.59000, 137.
1.60000, 115.
1.61000, 117.
1.62000, 133.
1.63000, 231.
1.64000, 362.
1.65000, 571.
1.66000, 852.
1.67000, 1361.
1.68000, 2015.
1.69000, 2879.
1.70000, 3680.
1.71000, 4611.
1.72000, 5593.
1.73000, 6064.
1.74000, 6666.
1.75000, 6624.
1.76000, 6264.
1.77000, 5758.
1.78000, 4935.
1.79000, 3927.
1.80000, 3044.
1.81000, 2235.
1.82000, 1601.
1.83000, 1193.
1.84000, 831.
1.85000, 578.
1.86000, 423.
1.87000, 319.
1.88000, 243.
1.89000, 160.
1.90000, 124.
1.91000, 92.
1.92000, 65.
1.93000, 63.
1.94000, 54.
1.95000, 44.
1.96000, 34.
1.97000, 40.
1.98000, 44.
1.99000, 40.
2.00000, 43.
2.01000, 41.
2.02000, 50.
2.03000, 49.
2.04000, 34.
2.05000, 53.
2.06000, 38.
2.07000, 26.
2.08000, 28.
2.09000, 30.
2.10000, 30.
2.11000, 25.
2.12000, 29.
2.13000, 26.
2.14000, 30.
2.15000, 29.
2.16000, 33.
2.17000, 28.
2.18000, 15.
2.19000, 21.
2.20000, 21.
2.21000, 26.
2.22000, 26.
2.23000, 26.
2.24000, 35.
2.25000, 25.
2.26000, 28.
2.27000, 26.
2.28000, 33.
2.29000, 26.
2.30000, 31.
2.31000, 38.
2.32000, 29.
2.33000, 29.
2.34000, 23.
2.35000, 24.
2.36000, 27.
2.37000, 26.
2.38000, 40.
2.39000, 27.
2.40000, 33.
2.41000, 25.
2.42000, 28.
2.43000, 25.
2.44000, 24.
2.45000, 23.
2.46000, 28.
2.47000, 30.
2.48000, 27.
2.49000, 19.
2.50000, 25.
2.51000, 38.
2.52000, 29.
2.53000, 38.
2.54000, 29.
2.55000, 37.
2.56000, 48.
2.57000, 44.
2.58000, 66.
2.59000, 67.
2.60000, 93.
2.61000, 116.
2.62000, 143.
2.63000, 191.
2.64000, 233.
2.65000, 290.
2.66000, 321.
2.67000, 431.
2.68000, 452.
2.69000, 480.
2.70000, 518.
2.71000, 478.
2.72000, 485.
2.73000, 422.
2.74000, 378.
2.75000, 365.
2.76000, 272.
2.77000, 249.
2.78000, 230.
2.79000, 229.
2.80000, 250.
2.81000, 236.
2.82000, 186.
2.83000, 213.
2.84000, 212.
2.85000, 197.
2.86000, 225.
2.87000, 200.
2.88000, 184.
2.89000, 162.
2.90000, 159.
2.91000, 139.
2.92000, 120.
2.93000, 119.
2.94000, 103.
2.95000, 112.
2.96000, 85.
2.97000, 73.
2.98000, 88.
2.99000, 64.
3.00000, 82.
3.01000, 59.
3.02000, 67.
3.03000, 53.
3.04000, 55.
3.05000, 42.
3.06000, 40.
3.07000, 33.
3.08000, 29.
3.09000, 32.
3.10000, 27.
3.11000, 32.
3.12000, 30.
3.13000, 34.
3.14000, 42.
3.15000, 32.
3.16000, 38.
3.17000, 47.
3.18000, 43.
3.19000, 61.
3.20000, 93.
3.21000, 130.
3.22000, 168.
3.23000, 248.
3.24000, 338.
3.25000, 419.
3.26000, 516.
3.27000, 651.
3.28000, 793.
3.29000, 916.
3.30000, 952.
3.31000, 1055.
3.32000, 985.
3.33000, 990.
3.34000, 908.
3.35000, 858.
3.36000, 673.
3.37000, 605.
3.38000, 519.
3.39000, 357.
3.40000, 298.
3.41000, 215.
3.42000, 144.
3.43000, 121.
3.44000, 75.
3.45000, 76.
3.46000, 45.
3.47000, 57.
3.48000, 51.
3.49000, 63.
3.50000, 70.
3.51000, 80.
3.52000, 85.
3.53000, 114.
3.54000, 109.
3.55000, 124.
3.56000, 153.
3.57000, 166.
3.58000, 169.
3.59000, 191.
3.60000, 210.
3.61000, 201.
3.62000, 200.
3.63000, 182.
3.64000, 230.
3.65000, 216.
3.66000, 242.
3.67000, 190.
3.68000, 240.
3.69000, 229.
3.70000, 227.
3.71000, 185.
3.72000, 182.
3.73000, 152.
3.74000, 137.
3.75000, 130.
3.76000, 86.
3.77000, 91.
3.78000, 68.
3.79000, 47.
3.80000, 50.
3.81000, 26.
3.82000, 18.
3.83000, 18.
3.84000, 19.
3.85000, 22.
3.86000, 23.
3.87000, 24.
3.88000, 21.
3.89000, 25.
3.90000, 31.
3.91000, 29.
3.92000, 27.
3.93000, 32.
3.94000, 39.
3.95000, 33.
3.96000, 43.
3.97000, 41.
3.98000, 36.
3.99000, 48.
4.00000, 51.
4.01000, 57.
4.02000, 55.
4.03000, 46.
4.04000, 52.
4.05000, 42.
4.06000, 48.
4.07000, 43.
4.08000, 35.
4.09000, 35.
4.10000, 42.
4.11000, 25.
4.12000, 27.
4.13000, 38.
4.14000, 24.
4.15000, 20.
4.16000, 36.
4.17000, 32.
4.18000, 26.
4.19000, 23.
4.20000, 25.
4.21000, 30.
4.22000, 29.
4.23000, 23.
4.24000, 22.
4.25000, 24.
4.26000, 25.
4.27000, 35.
4.28000, 29.
4.29000, 39.
4.30000, 34.
4.31000, 32.
4.32000, 30.
4.33000, 31.
4.34000, 50.
4.35000, 48.
4.36000, 50.
4.37000, 67.
4.38000, 80.
4.39000, 97.
4.40000, 141.
4.41000, 182.
4.42000, 189.
4.43000, 278.
4.44000, 350.
4.45000, 420.
4.46000, 492.
4.47000, 547.
4.48000, 627.
4.49000, 651.
4.50000, 728.
4.51000, 757.
4.52000, 748.
4.53000, 734.
4.54000, 657.
4.55000, 565.
4.56000, 516.
4.57000, 415.
4.58000, 385.
4.59000, 349.
4.60000, 231.
4.61000, 227.
4.62000, 204.
4.63000, 170.
4.64000, 150.
4.65000, 120.
4.66000, 125.
4.67000, 137.
4.68000, 119.
4.69000, 103.
4.70000, 99.
4.71000, 86.
4.72000, 89.
4.73000, 90.
4.74000, 65.
4.75000, 75.
4.76000, 79.
4.77000, 81.
4.78000, 78.
4.79000, 87.
4.80000, 102.
4.81000, 99.
4.82000, 122.
4.83000, 110.
4.84000, 131.
4.85000, 143.
4.86000, 159.
4.87000, 155.
4.88000, 175.
4.89000, 169.
4.90000, 178.
4.91000, 221.
4.92000, 211.
4.93000, 204.
4.94000, 188.
4.95000, 170.
4.96000, 177.
4.97000, 147.
4.98000, 144.
4.99000, 156.
5.00000, 128.
5.01000, 89.
5.02000, 101.
5.03000, 103.
5.04000, 73.
5.05000, 50.
5.06000, 79.
5.07000, 69.
5.08000, 58.
5.09000, 63.
5.10000, 66.
5.11000, 62.
5.12000, 67.
5.13000, 58.
5.14000, 50.
5.15000, 50.
5.16000, 62.
5.17000, 61.
5.18000, 68.
5.19000, 71.
5.20000, 57.
5.21000, 67.
5.22000, 75.
5.23000, 66.
5.24000, 69.
5.25000, 74.
5.26000, 78.
5.27000, 92.
5.28000, 91.
5.29000, 77.
5.30000, 74.
5.31000, 75.
5.32000, 65.
5.33000, 73.
5.34000, 85.
5.35000, 71.
5.36000, 97.
5.37000, 81.
5.38000, 104.
5.39000, 94.
5.40000, 71.
5.41000, 127.
5.42000, 92.
5.43000, 91.
5.44000, 99.
5.45000, 101.
5.46000, 85.
5.47000, 90.
5.48000, 67.
5.49000, 71.
5.50000, 97.
5.51000, 80.
5.52000, 77.
5.53000, 68.
5.54000, 76.
5.55000, 63.
5.56000, 61.
5.57000, 63.
5.58000, 71.
5.59000, 65.
5.60000, 64.
5.61000, 63.
5.62000, 57.
5.63000, 79.
5.64000, 63.
5.65000, 61.
5.66000, 53.
5.67000, 68.
5.68000, 71.
5.69000, 58.
5.70000, 65.
5.71000, 80.
5.72000, 82.
5.73000, 63.
5.74000, 69.
5.75000, 68.
5.76000, 63.
5.77000, 68.
5.78000, 73.
5.79000, 68.
5.80000, 68.
5.81000, 82.
5.82000, 63.
5.83000, 69.
5.84000, 83.
5.85000, 59.
5.86000, 101.
5.87000, 78.
5.88000, 76.
5.89000, 73.
5.90000, 86.
5.91000, 73.
5.92000, 100.
5.93000, 76.
5.94000, 81.
5.95000, 80.
5.96000, 68.
5.97000, 84.
5.98000, 87.
5.99000, 88.
6.00000, 70.
6.01000, 72.
6.02000, 80.
6.03000, 80.
6.04000, 78.
6.05000, 77.
6.06000, 70.
6.07000, 84.
6.08000, 83.
6.09000, 71.
6.10000, 78.
6.11000, 98.
6.12000, 118.
6.13000, 97.
6.14000, 107.
6.15000, 110.
6.16000, 118.
6.17000, 159.
6.18000, 159.
6.19000, 179.
6.20000, 235.
6.21000, 296.
6.22000, 414.
6.23000, 542.
6.24000, 755.
6.25000, 1148.
6.26000, 1469.
6.27000, 2044.
6.28000, 2814.
6.29000, 3740.
6.30000, 4725.
6.31000, 6157.
6.32000, 7667.
6.33000, 9287.
6.34000, 11064.
6.35000, 12547.
6.36000, 14218.
6.37000, 15702.
6.38000, 16418.
6.39000, 17100.
6.40000, 17114.
6.41000, 16690.
6.42000, 15956.
6.43000, 14846.
6.44000, 13592.
6.45000, 11875.
6.46000, 10329.
6.47000, 8645.
6.48000, 7172.
6.49000, 5607.
6.50000, 4368.
6.51000, 3193.
6.52000, 2528.
6.53000, 1833.
6.54000, 1258.
6.55000, 901.
6.56000, 613.
6.57000, 413.
6.58000, 298.
6.59000, 229.
6.60000, 189.
6.61000, 141.
6.62000, 157.
6.63000, 128.
6.64000, 104.
6.65000, 127.
6.66000, 93.
6.67000, 111.
6.68000, 100.
6.69000, 115.
6.70000, 102.
6.71000, 111.
6.72000, 111.
6.73000, 95.
6.74000, 104.
6.75000, 106.
6.76000, 107.
6.77000, 115.
6.78000, 107.
6.79000, 147.
6.80000, 135.
6.81000, 148.
6.82000, 145.
6.83000, 138.
6.84000, 165.
6.85000, 173.
6.86000, 167.
6.87000, 186.
6.88000, 211.
6.89000, 285.
6.90000, 308.
6.91000, 388.
6.92000, 453.
6.93000, 607.
6.94000, 729.
6.95000, 902.
6.96000, 1088.
6.97000, 1360.
6.98000, 1462.
6.99000, 1843.
7.00000, 2029.
7.01000, 2246.
7.02000, 2569.
7.03000, 2637.
7.04000, 2816.
7.05000, 2702.
7.06000, 2718.
7.07000, 2694.
7.08000, 2597.
7.09000, 2376.
7.10000, 2055.
7.11000, 1843.
7.12000, 1642.
7.13000, 1377.
7.14000, 1108.
7.15000, 949.
7.16000, 742.
7.17000, 588.
7.18000, 471.
7.19000, 371.
7.20000, 271.
7.21000, 198.
7.22000, 195.
7.23000, 136.
7.24000, 114.
7.25000, 91.
7.26000, 78.
7.27000, 80.
7.28000, 68.
7.29000, 69.
7.30000, 82.
7.31000, 85.
7.32000, 68.
7.33000, 66.
7.34000, 66.
7.35000, 74.
7.36000, 51.
7.37000, 83.
7.38000, 80.
7.39000, 84.
7.40000, 97.
7.41000, 96.
7.42000, 85.
7.43000, 86.
7.44000, 86.
7.45000, 73.
7.46000, 89.
7.47000, 91.
7.48000, 81.
7.49000, 75.
7.50000, 65.
7.51000, 83.
7.52000, 79.
7.53000, 73.
7.54000, 71.
7.55000, 67.
7.56000, 66.
7.57000, 62.
7.58000, 85.
7.59000, 78.
7.60000, 78.
7.61000, 65.
7.62000, 83.
7.63000, 80.
7.64000, 65.
7.65000, 72.
7.66000, 89.
7.67000, 81.
7.68000, 88.
7.69000, 67.
7.70000, 77.
7.71000, 66.
7.72000, 83.
7.73000, 82.
7.74000, 78.
7.75000, 90.
7.76000, 75.
7.77000, 92.
7.78000, 78.
7.79000, 77.
7.80000, 105.
7.81000, 89.
7.82000, 88.
7.83000, 106.
7.84000, 105.
7.85000, 82.
7.86000, 107.
7.87000, 106.
7.88000, 112.
7.89000, 116.
7.90000, 101.
7.91000, 110.
7.92000, 107.
7.93000, 99.
7.94000, 126.
7.95000, 102.
7.96000, 98.
7.97000, 98.
7.98000, 113.
7.99000, 141.
8.00000, 114.
8.01000, 116.
8.02000, 132.
8.03000, 132.
8.04000, 135.
8.05000, 138.
8.06000, 143.
8.07000, 143.
8.08000, 146.
8.09000, 157.
8.10000, 144.
8.11000, 132.
8.12000, 152.
8.13000, 125.
8.14000, 137.
8.15000, 127.
8.16000, 134.
8.17000, 137.
8.18000, 123.
8.19000, 118.
8.20000, 128.
8.21000, 131.
8.22000, 133.
8.23000, 118.
8.24000, 124.
8.25000, 102.
8.26000, 125.
8.27000, 96.
8.28000, 108.
8.29000, 109.
8.30000, 116.
8.31000, 126.
8.32000, 109.
8.33000, 109.
8.34000, 116.
8.35000, 111.
8.36000, 143.
8.37000, 117.
8.38000, 121.
8.39000, 116.
8.40000, 110.
8.41000, 114.
8.42000, 111.
8.43000, 109.
8.44000, 96.
8.45000, 108.
8.46000, 110.
8.47000, 126.
8.48000, 94.
8.49000, 132.
8.50000, 100.
8.51000, 121.
8.52000, 119.
8.53000, 122.
8.54000, 104.
8.55000, 132.
8.56000, 121.
8.57000, 108.
8.58000, 131.
8.59000, 111.
8.60000, 130.
8.61000, 135.
8.62000, 118.
8.63000, 132.
8.64000, 122.
8.65000, 139.
8.66000, 123.
8.67000, 124.
8.68000, 112.
8.69000, 125.
8.70000, 119.
8.71000, 134.
8.72000, 128.
8.73000, 112.
8.74000, 127.
8.75000, 122.
8.76000, 139.
8.77000, 128.
8.78000, 127.
8.79000, 128.
8.80000, 90.
8.81000, 132.
8.82000, 98.
8.83000, 121.
8.84000, 103.
8.85000, 119.
8.86000, 119.
8.87000, 133.
8.88000, 114.
8.89000, 110.
8.90000, 103.
8.91000, 111.
8.92000, 103.
8.93000, 128.
8.94000, 115.
8.95000, 98.
8.96000, 117.
8.97000, 103.
8.98000, 115.
8.99000, 111.
9.00000, 102.
9.01000, 109.
9.02000, 106.
9.03000, 116.
9.04000, 107.
9.05000, 97.
9.06000, 140.
9.07000, 109.
9.08000, 107.
9.09000, 112.
9.10000, 122.
9.11000, 107.
9.12000, 90.
9.13000, 136.
9.14000, 111.
9.15000, 122.
9.16000, 103.
9.17000, 132.
9.18000, 150.
9.19000, 114.
9.20000, 131.
9.21000, 133.
9.22000, 119.
9.23000, 121.
9.24000, 143.
9.25000, 130.
9.26000, 137.
9.27000, 115.
9.28000, 135.
9.29000, 129.
9.30000, 124.
9.31000, 116.
9.32000, 123.
9.33000, 116.
9.34000, 127.
9.35000, 105.
9.36000, 108.
9.37000, 139.
9.38000, 115.
9.39000, 106.
9.40000, 108.
9.41000, 122.
9.42000, 112.
9.43000, 119.
9.44000, 111.
9.45000, 120.
9.46000, 134.
9.47000, 127.
9.48000, 107.
9.49000, 138.
9.50000, 106.
9.51000, 148.
9.52000, 108.
9.53000, 131.
9.54000, 127.
9.55000, 114.
9.56000, 140.
9.57000, 128.
9.58000, 139.
9.59000, 120.
9.60000, 141.
9.61000, 135.
9.62000, 150.
9.63000, 152.
9.64000, 146.
9.65000, 133.
9.66000, 116.
9.67000, 131.
9.68000, 158.
9.69000, 134.
9.70000, 148.
9.71000, 138.
9.72000, 139.
9.73000, 144.
9.74000, 117.
9.75000, 113.
9.76000, 112.
9.77000, 104.
9.78000, 133.
9.79000, 108.
9.80000, 140.
9.81000, 115.
9.82000, 125.
9.83000, 128.
9.84000, 119.
9.85000, 107.
9.86000, 145.
9.87000, 150.
9.88000, 130.
9.89000, 133.
9.90000, 131.
9.91000, 113.
9.92000, 129.
9.93000, 130.
9.94000, 123.
9.95000, 108.
9.96000, 115.
9.97000, 136.
9.98000, 109.
9.99000, 143.
10.00000, 112.
10.01000, 114.
10.02000, 105.
10.03000, 129.
10.04000, 127.
10.05000, 133.
10.06000, 101.
10.07000, 129.
10.08000, 129.
10.09000, 126.
10.10000, 138.
10.11000, 123.
10.12000, 142.
10.13000, 125.
10.14000, 118.
10.15000, 112.
10.16000, 114.
10.17000, 140.
10.18000, 109.
10.19000, 139.
10.20000, 128.
10.21000, 147.
10.22000, 132.
10.23000, 138.
10.24000, 131.
10.25000, 114.
10.26000, 125.
10.27000, 111.
10.28000, 131.
10.29000, 151.
10.30000, 137.
10.31000, 129.
10.32000, 142.
10.33000, 150.
10.34000, 164.
10.35000, 144.
10.36000, 179.
10.37000, 194.
10.38000, 198.
10.39000, 214.
10.40000, 241.
10.41000, 282.
10.42000, 316.
10.43000, 317.
10.44000, 283.
10.45000, 346.
10.46000, 428.
10.47000, 416.
10.48000, 458.
10.49000, 463.
10.50000, 497.
10.51000, 515.
10.52000, 515.
10.53000, 547.
10.54000, 475.
10.55000, 476.
10.56000, 472.
10.57000, 446.
10.58000, 415.
10.59000, 353.
10.60000, 373.
10.61000, 315.
10.62000, 286.
10.63000, 269.
10.64000, 220.
10.65000, 186.
10.66000, 189.
10.67000, 193.
10.68000, 158.
10.69000, 156.
10.70000, 162.
10.71000, 168.
10.72000, 141.
10.73000, 144.
10.74000, 119.
10.75000, 103.
10.76000, 126.
10.77000, 144.
10.78000, 149.
10.79000, 142.
10.80000, 150.
10.81000, 120.
10.82000, 135.
10.83000, 125.
10.84000, 154.
10.85000, 143.
10.86000, 140.
10.87000, 135.
10.88000, 152.
10.89000, 141.
10.90000, 128.
10.91000, 130.
10.92000, 131.
10.93000, 136.
10.94000, 143.
10.95000, 146.
10.96000, 152.
10.97000, 128.
10.98000, 135.
10.99000, 115.
11.00000, 129.
11.01000, 120.
11.02000, 146.
11.03000, 117.
11.04000, 134.
11.05000, 149.
11.06000, 129.
11.07000, 156.
11.08000, 122.
11.09000, 122.
11.10000, 149.
11.11000, 144.
11.12000, 127.
11.13000, 125.
11.14000, 124.
11.15000, 153.
11.16000, 139.
11.17000, 139.
11.18000, 130.
11.19000, 113.
11.20000, 146.
11.21000, 125.
11.22000, 126.
11.23000, 143.
11.24000, 139.
11.25000, 126.
11.26000, 147.
11.27000, 149.
11.28000, 145.
11.29000, 130.
11.30000, 132.
11.31000, 121.
11.32000, 145.
11.33000, 125.
11.34000, 111.
11.35000, 151.
11.36000, 124.
11.37000, 147.
11.38000, 139.
11.39000, 140.
11.40000, 153.
11.41000, 114.
11.42000, 129.
11.43000, 134.
11.44000, 167.
11.45000, 127.
11.46000, 114.
11.47000, 137.
11.48000, 143.
11.49000, 133.
11.50000, 144.
11.51000, 124.
11.52000, 146.
11.53000, 140.
11.54000, 121.
11.55000, 154.
11.56000, 153.
11.57000, 158.
11.58000, 169.
11.59000, 145.
11.60000, 164.
11.61000, 179.
11.62000, 166.
11.63000, 167.
11.64000, 179.
11.65000, 184.
11.66000, 192.
11.67000, 209.
11.68000, 182.
11.69000, 194.
11.70000, 214.
11.71000, 229.
11.72000, 189.
11.73000, 200.
11.74000, 186.
11.75000, 209.
11.76000, 194.
11.77000, 179.
11.78000, 189.
11.79000, 208.
11.80000, 169.
11.81000, 168.
11.82000, 159.
11.83000, 154.
11.84000, 153.
11.85000, 132.
11.86000, 161.
11.87000, 124.
11.88000, 134.
11.89000, 141.
11.90000, 137.
11.91000, 152.
11.92000, 124.
11.93000, 148.
11.94000, 136.
11.95000, 129.
11.96000, 127.
11.97000, 122.
11.98000, 135.
11.99000, 132.
12.00000, 136.
12.01000, 125.
12.02000, 125.
12.03000, 144.
12.04000, 115.
12.05000, 119.
12.06000, 144.
12.07000, 137.
12.08000, 134.
12.09000, 159.
12.10000, 129.
12.11000, 136.
12.12000, 148.
12.13000, 138.
12.14000, 141.
12.15000, 137.
12.16000, 148.
12.17000, 162.
12.18000, 138.
12.19000, 143.
12.20000, 148.
12.21000, 150.
12.22000, 132.
12.23000, 140.
12.24000, 128.
12.25000, 133.
12.26000, 120.
12.27000, 145.
12.28000, 134.
12.29000, 132.
12.30000, 118.
12.31000, 136.
12.32000, 128.
12.33000, 136.
12.34000, 125.
12.35000, 143.
12.36000, 147.
12.37000, 132.
12.38000, 130.
12.39000, 114.
12.40000, 126.
12.41000, 147.
12.42000, 136.
12.43000, 120.
12.44000, 133.
12.45000, 139.
12.46000, 135.
12.47000, 151.
12.48000, 155.
12.49000, 150.
12.50000, 122.
12.51000, 171.
12.52000, 147.
12.53000, 165.
12.54000, 147.
12.55000, 138.
12.56000, 143.
12.57000, 148.
12.58000, 145.
12.59000, 138.
12.60000, 151.
12.61000, 154.
12.62000, 150.
12.63000, 158.
12.64000, 155.
12.65000, 163.
12.66000, 148.
12.67000, 148.
12.68000, 174.
12.69000, 172.
12.70000, 147.
12.71000, 193.
12.72000, 182.
12.73000, 169.
12.74000, 179.
12.75000, 177.
12.76000, 181.
12.77000, 163.
12.78000, 188.
12.79000, 188.
12.80000, 198.
12.81000, 183.
12.82000, 193.
12.83000, 186.
12.84000, 186.
12.85000, 181.
12.86000, 183.
12.87000, 161.
12.88000, 162.
12.89000, 182.
12.90000, 185.
12.91000, 161.
12.92000, 166.
12.93000, 161.
12.94000, 187.
12.95000, 157.
12.96000, 179.
12.97000, 155.
12.98000, 146.
12.99000, 169.
13.00000, 152.
13.01000, 161.
13.02000, 150.
13.03000, 145.
13.04000, 151.
13.05000, 134.
13.06000, 150.
13.07000, 151.
13.08000, 194.
13.09000, 162.
13.10000, 183.
13.11000, 172.
13.12000, 158.
13.13000, 148.
13.14000, 143.
13.15000, 153.
13.16000, 158.
13.17000, 162.
13.18000, 187.
13.19000, 179.
13.20000, 159.
13.21000, 197.
13.22000, 173.
13.23000, 166.
13.24000, 210.
13.25000, 212.
13.26000, 198.
13.27000, 227.
13.28000, 253.
13.29000, 245.
13.30000, 225.
13.31000, 255.
13.32000, 284.
13.33000, 277.
13.34000, 290.
13.35000, 269.
13.36000, 265.
13.37000, 317.
13.38000, 284.
13.39000, 279.
13.40000, 280.
13.41000, 259.
13.42000, 251.
13.43000, 268.
13.44000, 244.
13.45000, 241.
13.46000, 227.
13.47000, 217.
13.48000, 204.
13.49000, 178.
13.50000, 208.
13.51000, 193.
13.52000, 172.
13.53000, 160.
13.54000, 154.
13.55000, 162.
13.56000, 156.
13.57000, 155.
13.58000, 152.
13.59000, 148.
13.60000, 158.
13.61000, 168.
13.62000, 166.
13.63000, 146.
13.64000, 148.
13.65000, 158.
13.66000, 140.
13.67000, 140.
13.68000, 145.
13.69000, 158.
13.70000, 149.
13.71000, 137.
13.72000, 174.
13.73000, 170.
13.74000, 144.
13.75000, 165.
13.76000, 132.
13.77000, 136.
13.78000, 148.
13.79000, 154.
13.80000, 148.
13.81000, 156.
13.82000, 155.
13.83000, 137.
13.84000, 154.
13.85000, 168.
13.86000, 159.
13.87000, 148.
13.88000, 150.
13.89000, 148.
13.90000, 136.
13.91000, 158.
13.92000, 152.
13.93000, 137.
13.94000, 157.
13.95000, 155.
13.96000, 180.
13.97000, 156.
13.98000, 159.
13.99000, 175.
14.00000, 178.
14.01000, 193.
14.02000, 185.
14.03000, 193.
14.04000, 224.
14.05000, 223.
14.06000, 229.
14.07000, 232.
14.08000, 248.
14.09000, 261.
14.10000, 264.
14.11000, 233.
14.12000, 264.
14.13000, 247.
14.14000, 271.
14.15000, 243.
14.16000, 215.
14.17000, 211.
14.18000, 247.
14.19000, 221.
14.20000, 224.
14.21000, 219.
14.22000, 198.
14.23000, 209.
14.24000, 186.
14.25000, 181.
14.26000, 169.
14.27000, 168.
14.28000, 157.
14.29000, 162.
14.30000, 155.
14.31000, 132.
14.32000, 170.
14.33000, 136.
14.34000, 154.
14.35000, 155.
14.36000, 137.
14.37000, 142.
14.38000, 149.
14.39000, 155.
14.40000, 160.
14.41000, 131.
14.42000, 148.
14.43000, 149.
14.44000, 137.
14.45000, 144.
14.46000, 149.
14.47000, 143.
14.48000, 158.
14.49000, 133.
14.50000, 121.
14.51000, 152.
14.52000, 133.
14.53000, 127.
14.54000, 152.
14.55000, 139.
14.56000, 127.
14.57000, 152.
14.58000, 147.
14.59000, 145.
14.60000, 127.
14.61000, 133.
14.62000, 147.
14.63000, 153.
14.64000, 167.
14.65000, 148.
14.66000, 148.
14.67000, 127.
14.68000, 163.
14.69000, 133.
14.70000, 168.
14.71000, 134.
14.72000, 168.
14.73000, 161.
14.74000, 160.
14.75000, 154.
14.76000, 151.
14.77000, 161.
14.78000, 156.
14.79000, 177.
14.80000, 189.
14.81000, 147.
14.82000, 158.
14.83000, 164.
14.84000, 151.
14.85000, 200.
14.86000, 192.
14.87000, 193.
14.88000, 173.
14.89000, 200.
14.90000, 172.
14.91000, 184.
14.92000, 204.
14.93000, 193.
14.94000, 175.
14.95000, 174.
14.96000, 179.
14.97000, 172.
14.98000, 187.
14.99000, 200.
15.00000, 169.
15.01000, 192.
15.02000, 149.
15.03000, 204.
15.04000, 171.
15.05000, 152.
15.06000, 165.
15.07000, 156.
15.08000, 162.
15.09000, 162.
15.10000, 149.
15.11000, 138.
15.12000, 152.
15.13000, 149.
15.14000, 171.
15.15000, 160.
15.16000, 126.
15.17000, 141.
15.18000, 144.
15.19000, 147.
15.20000, 131.
15.21000, 155.
15.22000, 124.
15.23000, 142.
15.24000, 123.
15.25000, 141.
15.26000, 135.
15.27000, 165.
15.28000, 158.
15.29000, 145.
15.30000, 138.
15.31000, 132.
15.32000, 144.
15.33000, 128.
15.34000, 142.
15.35000, 145.
15.36000, 128.
15.37000, 139.
15.38000, 168.
15.39000, 152.
15.40000, 160.
15.41000, 161.
15.42000, 125.
15.43000, 152.
15.44000, 141.
15.45000, 162.
15.46000, 145.
15.47000, 157.
15.48000, 142.
15.49000, 147.
15.50000, 168.
15.51000, 166.
15.52000, 173.
15.53000, 189.
15.54000, 183.
15.55000, 182.
15.56000, 181.
15.57000, 209.
15.58000, 219.
15.59000, 226.
15.60000, 266.
15.61000, 258.
15.62000, 260.
15.63000, 283.
15.64000, 276.
15.65000, 329.
15.66000, 329.
15.67000, 325.
15.68000, 338.
15.69000, 377.
15.70000, 371.
15.71000, 375.
15.72000, 378.
15.73000, 393.
15.74000, 369.
15.75000, 357.
15.76000, 348.
15.77000, 344.
15.78000, 354.
15.79000, 338.
15.80000, 318.
15.81000, 283.
15.82000, 316.
15.83000, 285.
15.84000, 227.
15.85000, 286.
15.86000, 236.
15.87000, 216.
15.88000, 217.
15.89000, 208.
15.90000, 170.
15.91000, 165.
15.92000, 160.
15.93000, 186.
15.94000, 164.
15.95000, 152.
15.96000, 160.
15.97000, 143.
15.98000, 149.
15.99000, 157.
16.00000, 137.
16.01000, 159.
16.02000, 147.
16.03000, 128.
16.04000, 148.
16.05000, 154.
16.06000, 169.
16.07000, 159.
16.08000, 135.
16.09000, 138.
16.10000, 136.
16.11000, 153.
16.12000, 150.
16.13000, 139.
16.14000, 147.
16.15000, 139.
16.16000, 173.
16.17000, 167.
16.18000, 130.
16.19000, 143.
16.20000, 168.
16.21000, 161.
16.22000, 142.
16.23000, 142.
16.24000, 126.
16.25000, 130.
16.26000, 137.
16.27000, 140.
16.28000, 135.
16.29000, 161.
16.30000, 156.
16.31000, 156.
16.32000, 120.
16.33000, 142.
16.34000, 136.
16.35000, 153.
16.36000, 157.
16.37000, 161.
16.38000, 166.
16.39000, 185.
16.40000, 157.
16.41000, 149.
16.42000, 175.
16.43000, 160.
16.44000, 199.
16.45000, 203.
16.46000, 206.
16.47000, 189.
16.48000, 237.
16.49000, 241.
16.50000, 226.
16.51000, 224.
16.52000, 222.
16.53000, 248.
16.54000, 223.
16.55000, 246.
16.56000, 257.
16.57000, 246.
16.58000, 256.
16.59000, 254.
16.60000, 254.
16.61000, 244.
16.62000, 228.
16.63000, 216.
16.64000, 193.
16.65000, 206.
16.66000, 196.
16.67000, 209.
16.68000, 172.
16.69000, 176.
16.70000, 156.
16.71000, 187.
16.72000, 160.
16.73000, 176.
16.74000, 143.
16.75000, 158.
16.76000, 154.
16.77000, 166.
16.78000, 160.
16.79000, 162.
16.80000, 125.
16.81000, 143.
16.82000, 161.
16.83000, 123.
16.84000, 127.
16.85000, 144.
16.86000, 125.
16.87000, 146.
16.88000, 150.
16.89000, 167.
16.90000, 164.
16.91000, 138.
16.92000, 159.
16.93000, 133.
16.94000, 133.
16.95000, 140.
16.96000, 154.
16.97000, 142.
16.98000, 157.
16.99000, 125.
17.00000, 146.
17.01000, 150.
17.02000, 153.
17.03000, 142.
17.04000, 150.
17.05000, 152.
17.06000, 142.
17.07000, 147.
17.08000, 149.
17.09000, 147.
17.10000, 156.
17.11000, 126.
17.12000, 127.
17.13000, 136.
17.14000, 140.
17.15000, 118.
17.16000, 124.
17.17000, 129.
17.18000, 136.
17.19000, 166.
17.20000, 134.
17.21000, 160.
17.22000, 154.
17.23000, 179.
17.24000, 160.
17.25000, 152.
17.26000, 158.
17.27000, 153.
17.28000, 143.
17.29000, 155.
17.30000, 161.
17.31000, 157.
17.32000, 176.
17.33000, 154.
17.34000, 175.
17.35000, 152.
17.36000, 158.
17.37000, 168.
17.38000, 156.
17.39000, 150.
17.40000, 157.
17.41000, 172.
17.42000, 156.
17.43000, 187.
17.44000, 175.
17.45000, 195.
17.46000, 201.
17.47000, 177.
17.48000, 170.
17.49000, 176.
17.50000, 163.
17.51000, 200.
17.52000, 180.
17.53000, 192.
17.54000, 161.
17.55000, 202.
17.56000, 204.
17.57000, 197.
17.58000, 202.
17.59000, 206.
17.60000, 185.
17.61000, 239.
17.62000, 212.
17.63000, 203.
17.64000, 208.
17.65000, 214.
17.66000, 227.
17.67000, 214.
17.68000, 221.
17.69000, 204.
17.70000, 192.
17.71000, 187.
17.72000, 188.
17.73000, 191.
17.74000, 176.
17.75000, 203.
17.76000, 182.
17.77000, 198.
17.78000, 189.
17.79000, 212.
17.80000, 193.
17.81000, 210.
17.82000, 219.
17.83000, 174.
17.84000, 187.
17.85000, 215.
17.86000, 186.
17.87000, 228.
17.88000, 206.
17.89000, 185.
17.90000, 169.
17.91000, 178.
17.92000, 186.
17.93000, 201.
17.94000, 229.
17.95000, 196.
17.96000, 196.
17.97000, 203.
17.98000, 218.
17.99000, 214.
18.00000, 216.
18.01000, 221.
18.02000, 220.
18.03000, 197.
18.04000, 248.
18.05000, 208.
18.06000, 205.
18.07000, 232.
18.08000, 222.
18.09000, 227.
18.10000, 228.
18.11000, 254.
18.12000, 218.
18.13000, 230.
18.14000, 253.
18.15000, 243.
18.16000, 266.
18.17000, 261.
18.18000, 261.
18.19000, 249.
18.20000, 256.
18.21000, 265.
18.22000, 264.
18.23000, 268.
18.24000, 270.
18.25000, 286.
18.26000, 293.
18.27000, 298.
18.28000, 278.
18.29000, 290.
18.30000, 295.
18.31000, 287.
18.32000, 349.
18.33000, 324.
18.34000, 345.
18.35000, 354.
18.36000, 361.
18.37000, 379.
18.38000, 380.
18.39000, 374.
18.40000, 388.
18.41000, 400.
18.42000, 447.
18.43000, 427.
18.44000, 441.
18.45000, 425.
18.46000, 494.
18.47000, 459.
18.48000, 525.
18.49000, 536.
18.50000, 552.
18.51000, 542.
18.52000, 553.
18.53000, 556.
18.54000, 595.
18.55000, 592.
18.56000, 605.
18.57000, 652.
18.58000, 679.
18.59000, 675.
18.60000, 704.
18.61000, 704.
18.62000, 693.
18.63000, 756.
18.64000, 771.
18.65000, 767.
18.66000, 807.
18.67000, 818.
18.68000, 798.
18.69000, 793.
18.70000, 814.
18.71000, 828.
18.72000, 836.
18.73000, 822.
18.74000, 872.
18.75000, 807.
18.76000, 867.
18.77000, 870.
18.78000, 915.
18.79000, 887.
18.80000, 891.
18.81000, 859.
18.82000, 899.
18.83000, 859.
18.84000, 936.
18.85000, 886.
18.86000, 869.
18.87000, 876.
18.88000, 891.
18.89000, 873.
18.90000, 806.
18.91000, 837.
18.92000, 860.
18.93000, 819.
18.94000, 806.
18.95000, 855.
18.96000, 830.
18.97000, 816.
18.98000, 731.
18.99000, 740.
19.00000, 726.
19.01000, 656.
19.02000, 645.
19.03000, 729.
19.04000, 698.
19.05000, 614.
19.06000, 581.
19.07000, 637.
19.08000, 566.
19.09000, 608.
19.10000, 608.
19.11000, 512.
19.12000, 559.
19.13000, 511.
19.14000, 520.
19.15000, 506.
19.16000, 508.
19.17000, 472.
19.18000, 466.
19.19000, 455.
19.20000, 402.
19.21000, 422.
19.22000, 375.
19.23000, 387.
19.24000, 367.
19.25000, 344.
19.26000, 344.
19.27000, 347.
19.28000, 354.
19.29000, 323.
19.30000, 328.
19.31000, 307.
19.32000, 295.
19.33000, 334.
19.34000, 286.
19.35000, 296.
19.36000, 311.
19.37000, 276.
19.38000, 271.
19.39000, 274.
19.40000, 254.
19.41000, 258.
19.42000, 265.
19.43000, 240.
19.44000, 218.
19.45000, 265.
19.46000, 248.
19.47000, 237.
19.48000, 256.
19.49000, 261.
19.50000, 236.
19.51000, 240.
19.52000, 231.
19.53000, 202.
19.54000, 208.
19.55000, 228.
19.56000, 210.
19.57000, 197.
19.58000, 192.
19.59000, 178.
19.60000, 207.
19.61000, 175.
19.62000, 181.
19.63000, 200.
19.64000, 176.
19.65000, 188.
19.66000, 199.
19.67000, 179.
19.68000, 182.
19.69000, 198.
19.70000, 184.
19.71000, 188.
19.72000, 166.
19.73000, 157.
19.74000, 172.
19.75000, 173.
19.76000, 180.
19.77000, 185.
19.78000, 154.
19.79000, 170.
19.80000, 172.
19.81000, 175.
19.82000, 158.
19.83000, 155.
19.84000, 170.
19.85000, 176.
19.86000, 199.
19.87000, 208.
19.88000, 212.
19.89000, 234.
19.90000, 219.
19.91000, 228.
19.92000, 244.
19.93000, 262.
19.94000, 272.
19.95000, 262.
19.96000, 293.
19.97000, 348.
19.98000, 338.
19.99000, 340.
20.00000, 362.
20.01000, 397.
20.02000, 384.
20.03000, 421.
20.04000, 479.
20.05000, 417.
20.06000, 464.
20.07000, 475.
20.08000, 509.
20.09000, 486.
20.10000, 526.
20.11000, 512.
20.12000, 540.
20.13000, 554.
20.14000, 531.
20.15000, 551.
20.16000, 554.
20.17000, 554.
20.18000, 521.
20.19000, 504.
20.20000, 485.
20.21000, 451.
20.22000, 461.
20.23000, 432.
20.24000, 405.
20.25000, 390.
20.26000, 341.
20.27000, 358.
20.28000, 293.
20.29000, 292.
20.30000, 286.
20.31000, 255.
20.32000, 284.
20.33000, 248.
20.34000, 217.
20.35000, 201.
20.36000, 222.
20.37000, 180.
20.38000, 181.
20.39000, 161.
20.40000, 186.
20.41000, 149.
20.42000, 132.
20.43000, 170.
20.44000, 160.
20.45000, 165.
20.46000, 162.
20.47000, 139.
20.48000, 135.
20.49000, 163.
20.50000, 138.
20.51000, 133.
20.52000, 171.
20.53000, 154.
20.54000, 140.
20.55000, 153.
20.56000, 155.
20.57000, 154.
20.58000, 173.
20.59000, 152.
20.60000, 146.
20.61000, 144.
20.62000, 151.
20.63000, 157.
20.64000, 166.
20.65000, 167.
20.66000, 177.
20.67000, 164.
20.68000, 178.
20.69000, 173.
20.70000, 160.
20.71000, 166.
20.72000, 201.
20.73000, 210.
20.74000, 181.
20.75000, 175.
20.76000, 190.
20.77000, 191.
20.78000, 184.
20.79000, 203.
20.80000, 222.
20.81000, 199.
20.82000, 177.
20.83000, 210.
20.84000, 200.
20.85000, 211.
20.86000, 229.
20.87000, 228.
20.88000, 240.
20.89000, 222.
20.90000, 233.
20.91000, 220.
20.92000, 255.
20.93000, 217.
20.94000, 228.
20.95000, 248.
20.96000, 241.
20.97000, 241.
20.98000, 265.
20.99000, 216.
21.00000, 234.
21.01000, 251.
21.02000, 225.
21.03000, 225.
21.04000, 255.
21.05000, 236.
21.06000, 234.
21.07000, 205.
21.08000, 260.
21.09000, 244.
21.10000, 240.
21.11000, 211.
21.12000, 239.
21.13000, 231.
21.14000, 238.
21.15000, 232.
21.16000, 210.
21.17000, 241.
21.18000, 207.
21.19000, 222.
21.20000, 212.
21.21000, 229.
21.22000, 208.
21.23000, 195.
21.24000, 213.
21.25000, 229.
21.26000, 204.
21.27000, 182.
21.28000, 211.
21.29000, 176.
21.30000, 164.
21.31000, 201.
21.32000, 186.
21.33000, 168.
21.34000, 172.
21.35000, 198.
21.36000, 196.
21.37000, 196.
21.38000, 170.
21.39000, 168.
21.40000, 185.
21.41000, 171.
21.42000, 165.
21.43000, 151.
21.44000, 145.
21.45000, 150.
21.46000, 161.
21.47000, 158.
21.48000, 143.
21.49000, 162.
21.50000, 156.
21.51000, 133.
21.52000, 132.
21.53000, 150.
21.54000, 165.
21.55000, 136.
21.56000, 118.
21.57000, 141.
21.58000, 139.
21.59000, 119.
21.60000, 120.
21.61000, 122.
21.62000, 134.
21.63000, 123.
21.64000, 111.
21.65000, 110.
21.66000, 128.
21.67000, 105.
21.68000, 131.
21.69000, 119.
21.70000, 111.
21.71000, 105.
21.72000, 124.
21.73000, 119.
21.74000, 116.
21.75000, 112.
21.76000, 112.
21.77000, 116.
21.78000, 113.
21.79000, 87.
21.80000, 113.
21.81000, 93.
21.82000, 112.
21.83000, 100.
21.84000, 92.
21.85000, 97.
21.86000, 120.
21.87000, 110.
21.88000, 111.
21.89000, 97.
21.90000, 107.
21.91000, 90.
21.92000, 89.
21.93000, 99.
21.94000, 71.
21.95000, 88.
21.96000, 110.
21.97000, 104.
21.98000, 80.
21.99000, 95.
22.00000, 84.
22.01000, 82.
22.02000, 95.
22.03000, 81.
22.04000, 85.
22.05000, 82.
22.06000, 98.
22.07000, 101.
22.08000, 95.
22.09000, 76.
22.10000, 101.
22.11000, 96.
22.12000, 82.
22.13000, 89.
22.14000, 94.
22.15000, 108.
22.16000, 79.
22.17000, 82.
22.18000, 76.
22.19000, 69.
22.20000, 84.
22.21000, 76.
22.22000, 94.
22.23000, 80.
22.24000, 95.
22.25000, 82.
22.26000, 87.
22.27000, 82.
22.28000, 95.
22.29000, 70.
22.30000, 91.
22.31000, 72.
22.32000, 74.
22.33000, 81.
22.34000, 71.
22.35000, 86.
22.36000, 76.
22.37000, 69.
22.38000, 76.
22.39000, 81.
22.40000, 86.
22.41000, 93.
22.42000, 96.
22.43000, 69.
22.44000, 93.
22.45000, 64.
22.46000, 85.
22.47000, 85.
22.48000, 85.
22.49000, 72.
22.50000, 94.
22.51000, 97.
22.52000, 101.
22.53000, 108.
22.54000, 97.
22.55000, 117.
22.56000, 102.
22.57000, 122.
22.58000, 113.
22.59000, 131.
22.60000, 116.
22.61000, 114.
22.62000, 126.
22.63000, 122.
22.64000, 130.
22.65000, 153.
22.66000, 140.
22.67000, 149.
22.68000, 146.
22.69000, 156.
22.70000, 135.
22.71000, 130.
22.72000, 136.
22.73000, 145.
22.74000, 133.
22.75000, 112.
22.76000, 121.
22.77000, 108.
22.78000, 141.
22.79000, 120.
22.80000, 101.
22.81000, 90.
22.82000, 109.
22.83000, 97.
22.84000, 76.
22.85000, 94.
22.86000, 74.
22.87000, 88.
22.88000, 85.
22.89000, 83.
22.90000, 69.
22.91000, 84.
22.92000, 71.
22.93000, 73.
22.94000, 67.
22.95000, 63.
22.96000, 69.
22.97000, 65.
22.98000, 67.
22.99000, 93.
23.00000, 84.
23.01000, 91.
23.02000, 75.
23.03000, 73.
23.04000, 58.
23.05000, 77.
23.06000, 84.
23.07000, 80.
23.08000, 66.
23.09000, 79.
23.10000, 78.
23.11000, 86.
23.12000, 80.
23.13000, 80.
23.14000, 86.
23.15000, 86.
23.16000, 79.
23.17000, 73.
23.18000, 63.
23.19000, 75.
23.20000, 81.
23.21000, 78.
23.22000, 74.
23.23000, 79.
23.24000, 71.
23.25000, 85.
23.26000, 71.
23.27000, 75.
23.28000, 46.
23.29000, 56.
23.30000, 78.
23.31000, 66.
23.32000, 64.
23.33000, 73.
23.34000, 51.
23.35000, 66.
23.36000, 65.
23.37000, 76.
23.38000, 72.
23.39000, 66.
23.40000, 57.
23.41000, 58.
23.42000, 63.
23.43000, 74.
23.44000, 62.
23.45000, 59.
23.46000, 63.
23.47000, 50.
23.48000, 70.
23.49000, 56.
23.50000, 67.
23.51000, 66.
23.52000, 55.
23.53000, 74.
23.54000, 58.
23.55000, 62.
23.56000, 76.
23.57000, 72.
23.58000, 64.
23.59000, 63.
23.60000, 80.
23.61000, 76.
23.62000, 72.
23.63000, 61.
23.64000, 75.
23.65000, 66.
23.66000, 70.
23.67000, 58.
23.68000, 62.
23.69000, 69.
23.70000, 74.
23.71000, 61.
23.72000, 77.
23.73000, 55.
23.74000, 72.
23.75000, 55.
23.76000, 54.
23.77000, 45.
23.78000, 76.
23.79000, 65.
23.80000, 56.
23.81000, 65.
23.82000, 51.
23.83000, 68.
23.84000, 74.
23.85000, 61.
23.86000, 72.
23.87000, 61.
23.88000, 54.
23.89000, 50.
23.90000, 69.
23.91000, 55.
23.92000, 73.
23.93000, 76.
23.94000, 70.
23.95000, 55.
23.96000, 60.
23.97000, 56.
23.98000, 61.
23.99000, 61.
24.00000, 56.
24.01000, 50.
24.02000, 67.
24.03000, 62.
24.04000, 64.
24.05000, 70.
24.06000, 72.
24.07000, 62.
24.08000, 72.
24.09000, 56.
24.10000, 60.
24.11000, 57.
24.12000, 67.
24.13000, 54.
24.14000, 63.
24.15000, 64.
24.16000, 60.
24.17000, 60.
24.18000, 73.
24.19000, 49.
24.20000, 63.
24.21000, 63.
24.22000, 44.
24.23000, 65.
24.24000, 70.
24.25000, 53.
24.26000, 61.
24.27000, 59.
24.28000, 73.
24.29000, 59.
24.30000, 59.
24.31000, 55.
24.32000, 66.
24.33000, 72.
24.34000, 58.
24.35000, 76.
24.36000, 62.
24.37000, 70.
24.38000, 61.
24.39000, 59.
24.40000, 56.
24.41000, 57.
24.42000, 58.
24.43000, 60.
24.44000, 58.
24.45000, 60.
24.46000, 63.
24.47000, 74.
24.48000, 61.
24.49000, 67.
24.50000, 59.
24.51000, 57.
24.52000, 52.
24.53000, 57.
24.54000, 62.
24.55000, 43.
24.56000, 65.
24.57000, 58.
24.58000, 63.
24.59000, 63.
24.60000, 59.
24.61000, 69.
24.62000, 65.
24.63000, 54.
24.64000, 63.
24.65000, 79.
24.66000, 77.
24.67000, 45.
24.68000, 75.
24.69000, 61.
24.70000, 70.
24.71000, 50.
24.72000, 52.
24.73000, 71.
24.74000, 56.
24.75000, 48.
24.76000, 63.
24.77000, 61.
24.78000, 83.
24.79000, 52.
24.80000, 60.
24.81000, 60.
24.82000, 60.
24.83000, 56.
24.84000, 77.
24.85000, 59.
24.86000, 66.
24.87000, 58.
24.88000, 72.
24.89000, 58.
24.90000, 74.
24.91000, 61.
24.92000, 50.
24.93000, 74.
24.94000, 73.
24.95000, 67.
24.96000, 75.
24.97000, 63.
24.98000, 77.
24.99000, 68.
25.00000, 64.
25.01000, 57.
25.02000, 62.
25.03000, 66.
25.04000, 77.
25.05000, 69.
25.06000, 67.
25.07000, 77.
25.08000, 53.
25.09000, 47.
25.10000, 73.
25.11000, 52.
25.12000, 67.
25.13000, 71.
25.14000, 76.
25.15000, 70.
25.16000, 79.
25.17000, 76.
25.18000, 70.
25.19000, 69.
25.20000, 76.
25.21000, 69.
25.22000, 73.
25.23000, 60.
25.24000, 61.
25.25000, 63.
25.26000, 71.
25.27000, 73.
25.28000, 64.
25.29000, 60.
25.30000, 69.
25.31000, 67.
25.32000, 79.
25.33000, 64.
25.34000, 78.
25.35000, 72.
25.36000, 72.
25.37000, 61.
25.38000, 72.
25.39000, 65.
25.40000, 74.
25.41000, 67.
25.42000, 85.
25.43000, 59.
25.44000, 50.
25.45000, 62.
25.46000, 65.
25.47000, 63.
25.48000, 64.
25.49000, 52.
25.50000, 57.
25.51000, 60.
25.52000, 62.
25.53000, 60.
25.54000, 47.
25.55000, 50.
25.56000, 58.
25.57000, 55.
25.58000, 60.
25.59000, 62.
25.60000, 61.
25.61000, 59.
25.62000, 59.
25.63000, 57.
25.64000, 53.
25.65000, 66.
25.66000, 64.
25.67000, 54.
25.68000, 46.
25.69000, 55.
25.70000, 52.
25.71000, 51.
25.72000, 49.
25.73000, 50.
25.74000, 56.
25.75000, 60.
25.76000, 44.
25.77000, 62.
25.78000, 56.
25.79000, 64.
25.80000, 55.
25.81000, 48.
25.82000, 48.
25.83000, 62.
25.84000, 52.
25.85000, 47.
25.86000, 52.
25.87000, 69.
25.88000, 57.
25.89000, 58.
25.90000, 54.
25.91000, 55.
25.92000, 50.
25.93000, 51.
25.94000, 55.
25.95000, 60.
25.96000, 64.
25.97000, 54.
25.98000, 62.
25.99000, 54.
26.00000, 66.
26.01000, 64.
26.02000, 65.
26.03000, 42.
26.04000, 50.
26.05000, 50.
26.06000, 62.
26.07000, 54.
26.08000, 52.
26.09000, 52.
26.10000, 57.
26.11000, 59.
26.12000, 59.
26.13000, 66.
26.14000, 53.
26.15000, 53.
26.16000, 53.
26.17000, 59.
26.18000, 49.
26.19000, 40.
26.20000, 64.
26.21000, 61.
26.22000, 51.
26.23000, 37.
26.24000, 56.
26.25000, 47.
26.26000, 51.
26.27000, 44.
26.28000, 52.
26.29000, 55.
26.30000, 60.
26.31000, 49.
26.32000, 59.
26.33000, 69.
26.34000, 54.
26.35000, 50.
26.36000, 50.
26.37000, 59.
26.38000, 63.
26.39000, 56.
26.40000, 68.
26.41000, 57.
26.42000, 44.
26.43000, 42.
26.44000, 54.
26.45000, 42.
26.46000, 54.
26.47000, 45.
26.48000, 58.
26.49000, 64.
26.50000, 39.
26.51000, 48.
26.52000, 53.
26.53000, 54.
26.54000, 47.
26.55000, 61.
26.56000, 67.
26.57000, 61.
26.58000, 60.
26.59000, 54.
26.60000, 53.
26.61000, 45.
26.62000, 69.
26.63000, 40.
26.64000, 55.
26.65000, 58.
26.66000, 47.
26.67000, 56.
26.68000, 50.
26.69000, 57.
26.70000, 38.
26.71000, 40.
26.72000, 43.
26.73000, 53.
26.74000, 47.
26.75000, 53.
26.76000, 41.
26.77000, 59.
26.78000, 55.
26.79000, 43.
26.80000, 51.
26.81000, 65.
26.82000, 50.
26.83000, 54.
26.84000, 48.
26.85000, 44.
26.86000, 35.
26.87000, 49.
26.88000, 52.
26.89000, 55.
26.90000, 53.
26.91000, 45.
26.92000, 33.
26.93000, 48.
26.94000, 45.
26.95000, 44.
26.96000, 36.
26.97000, 38.
26.98000, 37.
26.99000, 48.
27.00000, 45.
27.01000, 53.
27.02000, 57.
27.03000, 56.
27.04000, 43.
27.05000, 65.
27.06000, 41.
27.07000, 66.
27.08000, 44.
27.09000, 46.
27.10000, 40.
27.11000, 41.
27.12000, 44.
27.13000, 29.
27.14000, 51.
27.15000, 48.
27.16000, 39.
27.17000, 44.
27.18000, 45.
27.19000, 52.
27.20000, 42.
27.21000, 48.
27.22000, 47.
27.23000, 34.
27.24000, 55.
27.25000, 50.
27.26000, 57.
27.27000, 47.
27.28000, 49.
27.29000, 57.
27.30000, 49.
27.31000, 62.
27.32000, 47.
27.33000, 45.
27.34000, 54.
27.35000, 39.
27.36000, 52.
27.37000, 45.
27.38000, 53.
27.39000, 51.
27.40000, 44.
27.41000, 62.
27.42000, 50.
27.43000, 47.
27.44000, 53.
27.45000, 53.
27.46000, 43.
27.47000, 41.
27.48000, 47.
27.49000, 53.
27.50000, 44.
27.51000, 49.
27.52000, 55.
27.53000, 44.
27.54000, 48.
27.55000, 48.
27.56000, 44.
27.57000, 53.
27.58000, 47.
27.59000, 60.
27.60000, 40.
27.61000, 53.
27.62000, 49.
27.63000, 44.
27.64000, 43.
27.65000, 43.
27.66000, 36.
27.67000, 43.
27.68000, 51.
27.69000, 50.
27.70000, 47.
27.71000, 40.
27.72000, 42.
27.73000, 46.
27.74000, 44.
27.75000, 59.
27.76000, 44.
27.77000, 43.
27.78000, 39.
27.79000, 50.
27.80000, 44.
27.81000, 42.
27.82000, 42.
27.83000, 49.
27.84000, 49.
27.85000, 51.
27.86000, 37.
27.87000, 37.
27.88000, 44.
27.89000, 37.
27.90000, 44.
27.91000, 40.
27.92000, 45.
27.93000, 41.
27.94000, 45.
27.95000, 50.
27.96000, 41.
27.97000, 42.
27.98000, 50.
27.99000, 39.
28.00000, 45.
28.01000, 43.
28.02000, 34.
28.03000, 32.
28.04000, 40.
28.05000, 39.
28.06000, 49.
28.07000, 30.
28.08000, 48.
28.09000, 52.
28.10000, 47.
28.11000, 38.
28.12000, 38.
28.13000, 46.
28.14000, 40.
28.15000, 36.
28.16000, 46.
28.17000, 36.
28.18000, 45.
28.19000, 47.
28.20000, 47.
28.21000, 48.
28.22000, 37.
28.23000, 44.
28.24000, 44.
28.25000, 51.
28.26000, 43.
28.27000, 38.
28.28000, 45.
28.29000, 49.
28.30000, 40.
28.31000, 41.
28.32000, 38.
28.33000, 44.
28.34000, 37.
28.35000, 42.
28.36000, 42.
28.37000, 43.
28.38000, 31.
28.39000, 50.
28.40000, 33.
28.41000, 39.
28.42000, 53.
28.43000, 48.
28.44000, 45.
28.45000, 38.
28.46000, 50.
28.47000, 41.
28.48000, 34.
28.49000, 31.
28.50000, 44.
28.51000, 47.
28.52000, 42.
28.53000, 46.
28.54000, 46.
28.55000, 29.
28.56000, 50.
28.57000, 54.
28.58000, 46.
28.59000, 49.
28.60000, 44.
28.61000, 43.
28.62000, 41.
28.63000, 47.
28.64000, 45.
28.65000, 39.
28.66000, 41.
28.67000, 29.
28.68000, 36.
28.69000, 37.
28.70000, 37.
28.71000, 31.
28.72000, 40.
28.73000, 47.
28.74000, 35.
28.75000, 35.
28.76000, 41.
28.77000, 52.
28.78000, 34.
28.79000, 42.
28.80000, 44.
28.81000, 40.
28.82000, 41.
28.83000, 40.
28.84000, 39.
28.85000, 46.
28.86000, 46.
28.87000, 33.
28.88000, 32.
28.89000, 43.
28.90000, 40.
28.91000, 30.
28.92000, 43.
28.93000, 49.
28.94000, 48.
28.95000, 33.
28.96000, 31.
28.97000, 30.
28.98000, 43.
28.99000, 40.
29.00000, 38.
29.01000, 39.
29.02000, 35.
29.03000, 51.
29.04000, 42.
29.05000, 33.
29.06000, 33.
29.07000, 43.
29.08000, 44.
29.09000, 44.
29.10000, 44.
29.11000, 35.
29.12000, 51.
29.13000, 43.
29.14000, 48.
29.15000, 40.
29.16000, 40.
29.17000, 34.
29.18000, 37.
29.19000, 41.
29.20000, 26.
29.21000, 48.
29.22000, 30.
29.23000, 39.
29.24000, 26.
29.25000, 40.
29.26000, 41.
29.27000, 30.
29.28000, 34.
29.29000, 45.
29.30000, 44.
29.31000, 34.
29.32000, 34.
29.33000, 40.
29.34000, 34.
29.35000, 41.
29.36000, 32.
29.37000, 35.
29.38000, 33.
29.39000, 39.
29.40000, 37.
29.41000, 47.
29.42000, 39.
29.43000, 35.
29.44000, 35.
29.45000, 36.
29.46000, 29.
29.47000, 37.
29.48000, 29.
29.49000, 36.
29.50000, 33.
29.51000, 28.
29.52000, 37.
29.53000, 46.
29.54000, 31.
29.55000, 26.
29.56000, 34.
29.57000, 40.
29.58000, 35.
29.59000, 44.
29.60000, 52.
29.61000, 34.
29.62000, 40.
29.63000, 35.
29.64000, 43.
29.65000, 30.
29.66000, 41.
29.67000, 30.
29.68000, 25.
29.69000, 42.
29.70000, 27.
29.71000, 35.
29.72000, 41.
29.73000, 42.
29.74000, 32.
29.75000, 30.
29.76000, 26.
29.77000, 43.
29.78000, 28.
29.79000, 35.
29.80000, 32.
29.81000, 33.
29.82000, 33.
29.83000, 32.
29.84000, 36.
29.85000, 26.
29.86000, 23.
29.87000, 25.
29.88000, 45.
29.89000, 48.
29.90000, 38.
29.91000, 35.
29.92000, 27.
29.93000, 27.
29.94000, 28.
29.95000, 43.
29.96000, 34.
29.97000, 30.
29.98000, 43.
29.99000, 31.
30.00000, 29.
30.01000, 35.
30.02000, 22.
30.03000, 30.
30.04000, 36.
30.05000, 31.
30.06000, 29.
30.07000, 37.
30.08000, 37.
30.09000, 33.
30.10000, 27.
30.11000, 33.
30.12000, 39.
30.13000, 36.
30.14000, 35.
30.15000, 29.
30.16000, 44.
30.17000, 42.
30.18000, 29.
30.19000, 32.
30.20000, 28.
30.21000, 25.
30.22000, 31.
30.23000, 32.
30.24000, 29.
30.25000, 27.
30.26000, 40.
30.27000, 36.
30.28000, 32.
30.29000, 32.
30.30000, 39.
30.31000, 27.
30.32000, 31.
30.33000, 45.
30.34000, 31.
30.35000, 38.
30.36000, 32.
30.37000, 35.
30.38000, 34.
30.39000, 25.
30.40000, 36.
30.41000, 29.
30.42000, 31.
30.43000, 31.
30.44000, 29.
30.45000, 28.
30.46000, 23.
30.47000, 35.
30.48000, 31.
30.49000, 30.
30.50000, 33.
30.51000, 34.
30.52000, 32.
30.53000, 36.
30.54000, 23.
30.55000, 35.
30.56000, 34.
30.57000, 32.
30.58000, 36.
30.59000, 30.
30.60000, 28.
30.61000, 28.
30.62000, 35.
30.63000, 32.
30.64000, 26.
30.65000, 27.
30.66000, 35.
30.67000, 33.
30.68000, 22.
30.69000, 24.
30.70000, 37.
30.71000, 28.
30.72000, 36.
30.73000, 37.
30.74000, 33.
30.75000, 22.
30.76000, 32.
30.77000, 28.
30.78000, 24.
30.79000, 26.
30.80000, 36.
30.81000, 37.
30.82000, 31.
30.83000, 27.
30.84000, 31.
30.85000, 25.
30.86000, 18.
30.87000, 43.
30.88000, 27.
30.89000, 28.
30.90000, 26.
30.91000, 34.
30.92000, 38.
30.93000, 24.
30.94000, 27.
30.95000, 40.
30.96000, 35.
30.97000, 43.
30.98000, 25.
30.99000, 29.
31.00000, 27.
31.01000, 27.
31.02000, 40.
31.03000, 36.
31.04000, 30.
31.05000, 32.
31.06000, 25.
31.07000, 31.
31.08000, 32.
31.09000, 39.
31.10000, 26.
31.11000, 30.
31.12000, 32.
31.13000, 39.
31.14000, 34.
31.15000, 39.
31.16000, 41.
31.17000, 21.
31.18000, 25.
31.19000, 27.
31.20000, 19.
31.21000, 26.
31.22000, 33.
31.23000, 34.
31.24000, 30.
31.25000, 37.
31.26000, 25.
31.27000, 30.
31.28000, 30.
31.29000, 33.
31.30000, 21.
31.31000, 35.
31.32000, 19.
31.33000, 34.
31.34000, 25.
31.35000, 32.
31.36000, 27.
31.37000, 21.
31.38000, 24.
31.39000, 26.
31.40000, 25.
31.41000, 35.
31.42000, 22.
31.43000, 18.
31.44000, 38.
31.45000, 25.
31.46000, 29.
31.47000, 28.
31.48000, 28.
31.49000, 21.
31.50000, 20.
31.51000, 17.
31.52000, 32.
31.53000, 28.
31.54000, 32.
31.55000, 24.
31.56000, 14.
31.57000, 38.
31.58000, 30.
31.59000, 38.
31.60000, 31.
31.61000, 33.
31.62000, 27.
31.63000, 26.
31.64000, 28.
31.65000, 23.
31.66000, 25.
31.67000, 20.
31.68000, 30.
31.69000, 32.
31.70000, 22.
31.71000, 21.
31.72000, 31.
31.73000, 20.
31.74000, 36.
31.75000, 29.
31.76000, 26.
31.77000, 21.
31.78000, 27.
31.79000, 28.
31.80000, 19.
31.81000, 26.
31.82000, 45.
31.83000, 37.
31.84000, 27.
31.85000, 27.
31.86000, 31.
31.87000, 30.
31.88000, 22.
31.89000, 24.
31.90000, 30.
31.91000, 27.
31.92000, 28.
31.93000, 23.
31.94000, 26.
31.95000, 32.
31.96000, 26.
31.97000, 24.
31.98000, 29.
31.99000, 40.
32.00000, 33.
32.01000, 31.
32.02000, 30.
32.03000, 35.
32.04000, 38.
32.05000, 29.
32.06000, 27.
32.07000, 41.
32.08000, 36.
32.09000, 30.
32.10000, 32.
32.11000, 30.
32.12000, 33.
32.13000, 23.
32.14000, 21.
32.15000, 44.
32.16000, 40.
32.17000, 38.
32.18000, 25.
32.19000, 31.
32.20000, 35.
32.21000, 38.
32.22000, 29.
32.23000, 30.
32.24000, 37.
32.25000, 21.
32.26000, 27.
32.27000, 26.
32.28000, 24.
32.29000, 26.
32.30000, 26.
32.31000, 28.
32.32000, 28.
32.33000, 31.
32.34000, 28.
32.35000, 27.
32.36000, 25.
32.37000, 21.
32.38000, 19.
32.39000, 33.
32.40000, 27.
32.41000, 30.
32.42000, 27.
32.43000, 28.
32.44000, 23.
32.45000, 29.
32.46000, 26.
32.47000, 24.
32.48000, 27.
32.49000, 25.
32.50000, 18.
32.51000, 24.
32.52000, 29.
32.53000, 31.
32.54000, 27.
32.55000, 19.
32.56000, 18.
32.57000, 39.
32.58000, 29.
32.59000, 27.
32.60000, 26.
32.61000, 16.
32.62000, 24.
32.63000, 20.
32.64000, 13.
32.65000, 22.
32.66000, 27.
32.67000, 21.
32.68000, 22.
32.69000, 21.
32.70000, 28.
32.71000, 26.
32.72000, 26.
32.73000, 26.
32.74000, 19.
32.75000, 17.
32.76000, 18.
32.77000, 23.
32.78000, 20.
32.79000, 19.
32.80000, 33.
32.81000, 25.
32.82000, 24.
32.83000, 16.
32.84000, 22.
32.85000, 30.
32.86000, 24.
32.87000, 23.
32.88000, 22.
32.89000, 22.
32.90000, 24.
32.91000, 19.
32.92000, 15.
32.93000, 28.
32.94000, 21.
32.95000, 18.
32.96000, 27.
32.97000, 19.
32.98000, 28.
32.99000, 27.
33.00000, 21.
33.01000, 16.
33.02000, 25.
33.03000, 14.
33.04000, 25.
33.05000, 28.
33.06000, 22.
33.07000, 29.
33.08000, 20.
33.09000, 23.
33.10000, 19.
33.11000, 16.
33.12000, 29.
33.13000, 21.
33.14000, 18.
33.15000, 27.
33.16000, 28.
33.17000, 16.
33.18000, 18.
33.19000, 17.
33.20000, 33.
33.21000, 20.
33.22000, 27.
33.23000, 25.
33.24000, 21.
33.25000, 19.
33.26000, 26.
33.27000, 28.
33.28000, 20.
33.29000, 19.
33.30000, 13.
33.31000, 19.
33.32000, 17.
33.33000, 24.
33.34000, 24.
33.35000, 28.
33.36000, 23.
33.37000, 20.
33.38000, 22.
33.39000, 17.
33.40000, 25.
33.41000, 16.
33.42000, 27.
33.43000, 25.
33.44000, 19.
33.45000, 23.
33.46000, 28.
33.47000, 23.
33.48000, 24.
33.49000, 14.
33.50000, 24.
33.51000, 15.
33.52000, 18.
33.53000, 11.
33.54000, 18.
33.55000, 23.
33.56000, 17.
33.57000, 24.
33.58000, 17.
33.59000, 26.
33.60000, 21.
33.61000, 26.
33.62000, 21.
33.63000, 22.
33.64000, 22.
33.65000, 16.
33.66000, 22.
33.67000, 15.
33.68000, 22.
33.69000, 20.
33.70000, 18.
33.71000, 15.
33.72000, 17.
33.73000, 21.
33.74000, 24.
33.75000, 13.
33.76000, 24.
33.77000, 19.
33.78000, 23.
33.79000, 19.
33.80000, 23.
33.81000, 20.
33.82000, 24.
33.83000, 21.
33.84000, 14.
33.85000, 19.
33.86000, 23.
33.87000, 12.
33.88000, 20.
33.89000, 16.
33.90000, 19.
33.91000, 19.
33.92000, 19.
33.93000, 17.
33.94000, 16.
33.95000, 25.
33.96000, 19.
33.97000, 15.
33.98000, 17.
33.99000, 16.
34.00000, 32.
34.01000, 19.
34.02000, 18.
34.03000, 24.
34.04000, 21.
34.05000, 14.
34.06000, 24.
34.07000, 21.
34.08000, 21.
34.09000, 14.
34.10000, 23.
34.11000, 12.
34.12000, 16.
34.13000, 22.
34.14000, 20.
34.15000, 18.
34.16000, 18.
34.17000, 20.
34.18000, 19.
34.19000, 12.
34.20000, 28.
34.21000, 20.
34.22000, 17.
34.23000, 26.
34.24000, 14.
34.25000, 23.
34.26000, 21.
34.27000, 19.
34.28000, 20.
34.29000, 15.
34.30000, 27.
34.31000, 23.
34.32000, 20.
34.33000, 18.
34.34000, 18.
34.35000, 13.
34.36000, 17.
34.37000, 20.
34.38000, 17.
34.39000, 12.
34.40000, 15.
34.41000, 20.
34.42000, 14.
34.43000, 27.
34.44000, 24.
34.45000, 14.
34.46000, 24.
34.47000, 24.
34.48000, 18.
34.49000, 16.
34.50000, 20.
34.51000, 18.
34.52000, 19.
34.53000, 22.
34.54000, 18.
34.55000, 19.
34.56000, 19.
34.57000, 28.
34.58000, 18.
34.59000, 17.
34.60000, 15.
34.61000, 23.
34.62000, 19.
34.63000, 18.
34.64000, 17.
34.65000, 21.
34.66000, 24.
34.67000, 16.
34.68000, 13.
34.69000, 17.
34.70000, 14.
34.71000, 16.
34.72000, 21.
34.73000, 20.
34.74000, 12.
34.75000, 19.
34.76000, 25.
34.77000, 12.
34.78000, 18.
34.79000, 14.
34.80000, 18.
34.81000, 19.
34.82000, 17.
34.83000, 25.
34.84000, 18.
34.85000, 21.
34.86000, 18.
34.87000, 14.
34.88000, 23.
34.89000, 21.
34.90000, 15.
34.91000, 20.
34.92000, 17.
34.93000, 19.
34.94000, 19.
34.95000, 8.
34.96000, 13.
34.97000, 15.
34.98000, 12.
34.99000, 12.
35.00000, 22.
35.01000, 22.
35.02000, 13.
35.03000, 11.
35.04000, 14.
35.05000, 16.
35.06000, 19.
35.07000, 18.
35.08000, 17.
35.09000, 6.
35.10000, 15.
35.11000, 10.
35.12000, 9.
35.13000, 19.
35.14000, 18.
35.15000, 19.
35.16000, 18.
35.17000, 18.
35.18000, 14.
35.19000, 19.
35.20000, 20.
35.21000, 16.
35.22000, 11.
35.23000, 18.
35.24000, 18.
35.25000, 15.
35.26000, 21.
35.27000, 14.
35.28000, 12.
35.29000, 15.
35.30000, 25.
35.31000, 20.
35.32000, 14.
35.33000, 16.
35.34000, 13.
35.35000, 14.
35.36000, 15.
35.37000, 19.
35.38000, 19.
35.39000, 17.
35.40000, 13.
35.41000, 18.
35.42000, 15.
35.43000, 15.
35.44000, 20.
35.45000, 11.
35.46000, 12.
35.47000, 14.
35.48000, 17.
35.49000, 21.
35.50000, 12.
35.51000, 15.
35.52000, 10.
35.53000, 12.
35.54000, 10.
35.55000, 15.
35.56000, 16.
35.57000, 13.
35.58000, 12.
35.59000, 17.
35.60000, 11.
35.61000, 8.
35.62000, 22.
35.63000, 16.
35.64000, 16.
35.65000, 14.
35.66000, 17.
35.67000, 14.
35.68000, 12.
35.69000, 17.
35.70000, 8.
35.71000, 15.
35.72000, 12.
35.73000, 11.
35.74000, 20.
35.75000, 20.
35.76000, 8.
35.77000, 21.
35.78000, 19.
35.79000, 14.
35.80000, 13.
35.81000, 17.
35.82000, 16.
35.83000, 16.
35.84000, 12.
35.85000, 16.
35.86000, 13.
35.87000, 11.
35.88000, 8.
35.89000, 14.
35.90000, 18.
35.91000, 12.
35.92000, 16.
35.93000, 16.
35.94000, 14.
35.95000, 23.
35.96000, 14.
35.97000, 13.
35.98000, 11.
35.99000, 15.
36.00000, 17.
36.01000, 29.
36.02000, 16.
36.03000, 12.
36.04000, 12.
36.05000, 16.
36.06000, 15.
36.07000, 11.
36.08000, 13.
36.09000, 15.
36.10000, 11.
36.11000, 10.
36.12000, 10.
36.13000, 15.
36.14000, 6.
36.15000, 12.
36.16000, 15.
36.17000, 12.
36.18000, 14.
36.19000, 16.
36.20000, 16.
36.21000, 12.
36.22000, 15.
36.23000, 14.
36.24000, 11.
36.25000, 11.
36.26000, 10.
36.27000, 12.
36.28000, 15.
36.29000, 6.
36.30000, 17.
36.31000, 10.
36.32000, 13.
36.33000, 12.
36.34000, 15.
36.35000, 15.
36.36000, 17.
36.37000, 11.
36.38000, 6.
36.39000, 14.
36.40000, 18.
36.41000, 14.
36.42000, 18.
36.43000, 14.
36.44000, 10.
36.45000, 12.
36.46000, 9.
36.47000, 7.
36.48000, 9.
36.49000, 10.
36.50000, 8.
36.51000, 12.
36.52000, 18.
36.53000, 14.
36.54000, 15.
36.55000, 19.
36.56000, 16.
36.57000, 6.
36.58000, 15.
36.59000, 14.
36.60000, 12.
36.61000, 6.
36.62000, 9.
36.63000, 14.
36.64000, 11.
36.65000, 8.
36.66000, 15.
36.67000, 12.
36.68000, 10.
36.69000, 9.
36.70000, 19.
36.71000, 3.
36.72000, 9.
36.73000, 12.
36.74000, 10.
36.75000, 9.
36.76000, 9.
36.77000, 18.
36.78000, 22.
36.79000, 8.
36.80000, 11.
36.81000, 6.
36.82000, 16.
36.83000, 7.
36.84000, 6.
36.85000, 9.
36.86000, 10.
36.87000, 7.
36.88000, 5.
36.89000, 9.
36.90000, 7.
36.91000, 17.
36.92000, 12.
36.93000, 8.
36.94000, 7.
36.95000, 7.
36.96000, 11.
36.97000, 6.
36.98000, 15.
36.99000, 13.
37.00000, 8.
37.01000, 8.
37.02000, 16.
37.03000, 8.
37.04000, 6.
37.05000, 20.
37.06000, 9.
37.07000, 8.
37.08000, 7.
37.09000, 12.
37.10000, 10.
37.11000, 8.
37.12000, 12.
37.13000, 9.
37.14000, 5.
37.15000, 12.
37.16000, 9.
37.17000, 12.
37.18000, 13.
37.19000, 9.
37.20000, 18.
37.21000, 13.
37.22000, 10.
37.23000, 9.
37.24000, 14.
37.25000, 11.
37.26000, 15.
37.27000, 12.
37.28000, 6.
37.29000, 11.
37.30000, 10.
37.31000, 12.
37.32000, 8.
37.33000, 8.
37.34000, 17.
37.35000, 11.
37.36000, 9.
37.37000, 11.
37.38000, 4.
37.39000, 7.
37.40000, 13.
37.41000, 11.
37.42000, 10.
37.43000, 10.
37.44000, 12.
37.45000, 10.
37.46000, 10.
37.47000, 12.
37.48000, 18.
37.49000, 13.
37.50000, 5.
37.51000, 14.
37.52000, 8.
37.53000, 11.
37.54000, 7.
37.55000, 8.
37.56000, 8.
37.57000, 12.
37.58000, 10.
37.59000, 11.
37.60000, 7.
37.61000, 11.
37.62000, 12.
37.63000, 9.
37.64000, 10.
37.65000, 11.
37.66000, 10.
37.67000, 12.
37.68000, 6.
37.69000, 12.
37.70000, 12.
37.71000, 9.
37.72000, 11.
37.73000, 9.
37.74000, 9.
37.75000, 11.
37.76000, 11.
37.77000, 14.
37.78000, 10.
37.79000, 9.
37.80000, 7.
37.81000, 6.
37.82000, 10.
37.83000, 8.
37.84000, 7.
37.85000, 12.
37.86000, 10.
37.87000, 12.
37.88000, 10.
37.89000, 12.
37.90000, 13.
37.91000, 10.
37.92000, 8.
37.93000, 9.
37.94000, 6.
37.95000, 14.
37.96000, 18.
37.97000, 9.
37.98000, 8.
37.99000, 9.
38.00000, 11.
38.01000, 5.
38.02000, 6.
38.03000, 6.
38.04000, 4.
38.05000, 13.
38.06000, 11.
38.07000, 13.
38.08000, 8.
38.09000, 10.
38.10000, 8.
38.11000, 6.
38.12000, 13.
38.13000, 13.
38.14000, 3.
38.15000, 11.
38.16000, 4.
38.17000, 5.
38.18000, 1.
38.19000, 8.
38.20000, 12.
38.21000, 7.
38.22000, 11.
38.23000, 5.
38.24000, 10.
38.25000, 4.
38.26000, 10.
38.27000, 5.
38.28000, 11.
38.29000, 6.
38.30000, 9.
38.31000, 5.
38.32000, 11.
38.33000, 7.
38.34000, 7.
38.35000, 9.
38.36000, 8.
38.37000, 5.
38.38000, 6.
38.39000, 8.
38.40000, 6.
38.41000, 8.
38.42000, 6.
38.43000, 6.
38.44000, 11.
38.45000, 11.
38.46000, 11.
38.47000, 6.
38.48000, 9.
38.49000, 8.
38.50000, 7.
38.51000, 8.
38.52000, 12.
38.53000, 9.
38.54000, 10.
38.55000, 8.
38.56000, 8.
38.57000, 11.
38.58000, 8.
38.59000, 4.
38.60000, 7.
38.61000, 7.
38.62000, 9.
38.63000, 8.
38.64000, 10.
38.65000, 6.
38.66000, 4.
38.67000, 9.
38.68000, 11.
38.69000, 7.
38.70000, 9.
38.71000, 12.
38.72000, 8.
38.73000, 10.
38.74000, 4.
38.75000, 3.
38.76000, 6.
38.77000, 13.
38.78000, 9.
38.79000, 8.
38.80000, 2.
38.81000, 8.
38.82000, 5.
38.83000, 4.
38.84000, 7.
38.85000, 9.
38.86000, 5.
38.87000, 2.
38.88000, 7.
38.89000, 8.
38.90000, 9.
38.91000, 8.
38.92000, 6.
38.93000, 4.
38.94000, 11.
38.95000, 5.
38.96000, 4.
38.97000, 5.
38.98000, 6.
38.99000, 3.
39.00000, 10.
39.01000, 5.
39.02000, 6.
39.03000, 6.
39.04000, 5.
39.05000, 7.
39.06000, 7.
39.07000, 8.
39.08000, 11.
39.09000, 12.
39.10000, 7.
39.11000, 9.
39.12000, 6.
39.13000, 2.
39.14000, 3.
39.15000, 7.
39.16000, 8.
39.17000, 6.
39.18000, 7.
39.19000, 5.
39.20000, 6.
39.21000, 3.
39.22000, 4.
39.23000, 13.
39.24000, 4.
39.25000, 9.
39.26000, 4.
39.27000, 7.
39.28000, 5.
39.29000, 6.
39.30000, 10.
39.31000, 2.
39.32000, 5.
39.33000, 6.
39.34000, 3.
39.35000, 4.
39.36000, 4.
39.37000, 2.
39.38000, 7.
39.39000, 8.
39.40000, 7.
39.41000, 3.
39.42000, 6.
39.43000, 3.
39.44000, 0.
39.45000, 3.
39.46000, 6.
39.47000, 6.
39.48000, 7.
39.49000, 7.
39.50000, 3.
39.51000, 6.
39.52000, 6.
39.53000, 3.
39.54000, 5.
39.55000, 2.
39.56000, 7.
39.57000, 5.
39.58000, 7.
39.59000, 9.
39.60000, 3.
39.61000, 5.
39.62000, 3.
39.63000, 6.
39.64000, 4.
39.65000, 8.
39.66000, 5.
39.67000, 6.
39.68000, 4.
39.69000, 9.
39.70000, 5.
39.71000, 7.
39.72000, 5.
39.73000, 4.
39.74000, 6.
39.75000, 5.
39.76000, 5.
39.77000, 6.
39.78000, 4.
39.79000, 6.
39.80000, 5.
39.81000, 4.
39.82000, 3.
39.83000, 7.
39.84000, 5.
39.85000, 3.
39.86000, 5.
39.87000, 8.
39.88000, 9.
39.89000, 5.
39.90000, 9.
39.91000, 8.
39.92000, 8.
39.93000, 6.
39.94000, 3.
39.95000, 6.
39.96000, 7.
39.97000, 3.
39.98000, 5.
39.99000, 5.
40.00000, 3.
40.01000, 5.
40.02000, 3.
40.03000, 6.
40.04000, 3.
40.05000, 1.
40.06000, 7.
40.07000, 9.
40.08000, 7.
40.09000, 7.
40.10000, 1.
40.11000, 5.
40.12000, 6.
40.13000, 4.
40.14000, 2.
40.15000, 6.
40.16000, 7.
40.17000, 1.
40.18000, 6.
40.19000, 5.
40.20000, 1.
40.21000, 6.
40.22000, 6.
40.23000, 5.
40.24000, 2.
40.25000, 11.
40.26000, 3.
40.27000, 5.
40.28000, 4.
40.29000, 5.
40.30000, 1.
40.31000, 4.
40.32000, 1.
40.33000, 7.
40.34000, 6.
40.35000, 7.
40.36000, 3.
40.37000, 4.
40.38000, 4.
40.39000, 4.
40.40000, 2.
40.41000, 0.
40.42000, 6.
40.43000, 2.
40.44000, 7.
40.45000, 2.
40.46000, 4.
40.47000, 5.
40.48000, 7.
40.49000, 2.
40.50000, 5.
40.51000, 3.
40.52000, 1.
40.53000, 4.
40.54000, 4.
40.55000, 0.
#ENDOFDATA   : 
