#FORMAT      : EMSA/MAS Spectral Data File
#VERSION     : 1.0
#TITLE       : oreas 460b 2
#DATE        : 23-JUL-2026
#TIME        : 11:32
#OWNER       : XGT7200
#NPOINTS     : 4096.
#NCOLUMNS    : 1.
#XUNITS      : keV
#YUNITS      : counts
#DATATYPE    : XY
#XPERCHAN    : 0.0100000
#OFFSET      : -0.400000
#SIGNALTYPE  : EDS
#CHOFFSET    : 40.0000
#LIVETIME    : 30.000000
#REALTIME    : 39.676214
#BEAMKV      : 50.0000
#PROBECUR    : 589000.
#MAGCAM      : 100.000
#XTILTSTGE   : 0.0
#AZIMANGLE   : 0.0
#ELEVANGLE   : 45.0
#XPOSITION mm: 0.0000
#YPOSITION mm: 0.0000
#ZPOSITION mm: 0.0000
##OXINSTPT   : 4
##OXINSTSTROB: 71.56
##OXINSTELEMS: 13,14,19,20,21,22,26,33,37,39,40,41
##OXINSTLABEL: 26, 6.404, Fe
##OXINSTLABEL: 26, 7.058, Fe
##OXINSTLABEL: 26, 0.705, Fe
##OXINSTLABEL: 26, 0.628, Fe
##OXINSTLABEL: 13, 1.487, Al
##OXINSTLABEL: 14, 1.740, Si
##OXINSTLABEL: 22, 4.511, Ti
##OXINSTLABEL: 22, 4.932, Ti
##OXINSTLABEL: 22, 0.452, Ti
##OXINSTLABEL: 22, 0.401, Ti
##OXINSTLABEL: 33, 10.544, As
##OXINSTLABEL: 33, 11.726, As
##OXINSTLABEL: 33, 1.282, As
##OXINSTLABEL: 33, 1.155, As
##OXINSTLABEL: 33, 1.120, As
##OXINSTLABEL: 40, 15.775, Zr
##OXINSTLABEL: 40, 17.668, Zr
##OXINSTLABEL: 40, 17.970, Zr
##OXINSTLABEL: 40, 2.042, Zr
##OXINSTLABEL: 40, 1.877, Zr
##OXINSTLABEL: 40, 2.503, Zr
##OXINSTLABEL: 40, 1.792, Zr
##OXINSTLABEL: 19, 3.314, K
##OXINSTLABEL: 19, 3.590, K
##OXINSTLABEL: 19, 0.262, K
##OXINSTLABEL: 37, 13.396, Rb
##OXINSTLABEL: 37, 14.962, Rb
##OXINSTLABEL: 37, 1.694, Rb
##OXINSTLABEL: 37, 1.542, Rb
##OXINSTLABEL: 37, 1.482, Rb
##OXINSTLABEL: 41, 16.615, Nb
##OXINSTLABEL: 41, 18.623, Nb
##OXINSTLABEL: 41, 18.953, Nb
##OXINSTLABEL: 41, 2.166, Nb
##OXINSTLABEL: 41, 1.996, Nb
##OXINSTLABEL: 41, 2.664, Nb
##OXINSTLABEL: 41, 1.902, Nb
##OXINSTLABEL: 20, 3.692, Ca
##OXINSTLABEL: 20, 4.013, Ca
##OXINSTLABEL: 20, 0.341, Ca
##OXINSTLABEL: 20, 0.306, Ca
##OXINSTLABEL: 21, 4.091, Sc
##OXINSTLABEL: 21, 4.460, Sc
##OXINSTLABEL: 21, 0.395, Sc
##OXINSTLABEL: 21, 0.353, Sc
##OXINSTLABEL: 39, 14.959, Y
##OXINSTLABEL: 39, 16.738, Y
##OXINSTLABEL: 39, 17.016, Y
##OXINSTLABEL: 39, 1.923, Y
##OXINSTLABEL: 39, 1.761, Y
##OXINSTLABEL: 39, 1.685, Y
#SPECTRUM    : Spectral Data Starts Here
-0.40000, 0.
-0.39000, 0.
-0.38000, 0.
-0.37000, 0.
-0.36000, 0.
-0.35000, 0.
-0.34000, 0.
-0.33000, 0.
-0.32000, 0.
-0.31000, 0.
-0.30000, 0.
-0.29000, 0.
-0.28000, 0.
-0.27000, 0.
-0.26000, 0.
-0.25000, 0.
-0.24000, 0.
-0.23000, 0.
-0.22000, 0.
-0.21000, 0.
-0.20000, 0.
-0.19000, 0.
-0.18000, 0.
-0.17000, 0.
-0.16000, 0.
-0.15000, 0.
-0.14000, 0.
-0.13000, 0.
-0.12000, 0.
-0.11000, 0.
-0.10000, 0.
-0.09000, 0.
-0.08000, 0.
-0.07000, 0.
-0.06000, 0.
-0.05000, 0.
-0.04000, 0.
-0.03000, 0.
-0.02000, 0.
-0.01000, 0.
0.00000, 0.
0.01000, 0.
0.02000, 0.
0.03000, 0.
0.04000, 0.
0.05000, 0.
0.06000, 0.
0.07000, 0.
0.08000, 0.
0.09000, 0.
0.10000, 0.
0.11000, 0.
0.12000, 0.
0.13000, 0.
0.14000, 0.
0.15000, 0.
0.16000, 0.
0.17000, 0.
0.18000, 0.
0.19000, 0.
0.20000, 0.
0.21000, 0.
0.22000, 0.
0.23000, 0.
0.24000, 0.
0.25000, 0.
0.26000, 0.
0.27000, 0.
0.28000, 0.
0.29000, 0.
0.30000, 0.
0.31000, 0.
0.32000, 0.
0.33000, 1.
0.34000, 4.
0.35000, 1.
0.36000, 4.
0.37000, 9.
0.38000, 12.
0.39000, 20.
0.40000, 26.
0.41000, 19.
0.42000, 29.
0.43000, 39.
0.44000, 45.
0.45000, 33.
0.46000, 49.
0.47000, 32.
0.48000, 32.
0.49000, 60.
0.50000, 37.
0.51000, 44.
0.52000, 36.
0.53000, 40.
0.54000, 31.
0.55000, 51.
0.56000, 46.
0.57000, 40.
0.58000, 30.
0.59000, 42.
0.60000, 43.
0.61000, 47.
0.62000, 27.
0.63000, 38.
0.64000, 39.
0.65000, 46.
0.66000, 40.
0.67000, 41.
0.68000, 28.
0.69000, 31.
0.70000, 44.
0.71000, 39.
0.72000, 40.
0.73000, 34.
0.74000, 37.
0.75000, 35.
0.76000, 36.
0.77000, 32.
0.78000, 29.
0.79000, 34.
0.80000, 35.
0.81000, 45.
0.82000, 28.
0.83000, 32.
0.84000, 44.
0.85000, 33.
0.86000, 35.
0.87000, 31.
0.88000, 28.
0.89000, 35.
0.90000, 34.
0.91000, 32.
0.92000, 40.
0.93000, 31.
0.94000, 34.
0.95000, 36.
0.96000, 35.
0.97000, 42.
0.98000, 54.
0.99000, 46.
1.00000, 30.
1.01000, 37.
1.02000, 33.
1.03000, 31.
1.04000, 40.
1.05000, 32.
1.06000, 43.
1.07000, 31.
1.08000, 32.
1.09000, 51.
1.10000, 43.
1.11000, 34.
1.12000, 36.
1.13000, 39.
1.14000, 33.
1.15000, 25.
1.16000, 33.
1.17000, 32.
1.18000, 46.
1.19000, 43.
1.20000, 49.
1.21000, 37.
1.22000, 41.
1.23000, 43.
1.24000, 33.
1.25000, 54.
1.26000, 57.
1.27000, 44.
1.28000, 36.
1.29000, 36.
1.30000, 35.
1.31000, 38.
1.32000, 41.
1.33000, 40.
1.34000, 34.
1.35000, 37.
1.36000, 45.
1.37000, 47.
1.38000, 61.
1.39000, 73.
1.40000, 117.
1.41000, 126.
1.42000, 249.
1.43000, 348.
1.44000, 393.
1.45000, 509.
1.46000, 704.
1.47000, 728.
1.48000, 861.
1.49000, 869.
1.50000, 874.
1.51000, 829.
1.52000, 741.
1.53000, 615.
1.54000, 499.
1.55000, 433.
1.56000, 254.
1.57000, 222.
1.58000, 142.
1.59000, 134.
1.60000, 121.
1.61000, 114.
1.62000, 165.
1.63000, 214.
1.64000, 295.
1.65000, 527.
1.66000, 873.
1.67000, 1337.
1.68000, 1961.
1.69000, 2764.
1.70000, 3744.
1.71000, 4668.
1.72000, 5517.
1.73000, 6227.
1.74000, 6589.
1.75000, 6507.
1.76000, 6382.
1.77000, 5721.
1.78000, 4800.
1.79000, 3895.
1.80000, 3081.
1.81000, 2192.
1.82000, 1591.
1.83000, 1187.
1.84000, 813.
1.85000, 570.
1.86000, 478.
1.87000, 305.
1.88000, 211.
1.89000, 183.
1.90000, 122.
1.91000, 102.
1.92000, 78.
1.93000, 47.
1.94000, 50.
1.95000, 41.
1.96000, 39.
1.97000, 53.
1.98000, 35.
1.99000, 50.
2.00000, 50.
2.01000, 44.
2.02000, 45.
2.03000, 41.
2.04000, 43.
2.05000, 42.
2.06000, 36.
2.07000, 31.
2.08000, 26.
2.09000, 32.
2.10000, 25.
2.11000, 33.
2.12000, 22.
2.13000, 26.
2.14000, 36.
2.15000, 32.
2.16000, 26.
2.17000, 29.
2.18000, 27.
2.19000, 22.
2.20000, 21.
2.21000, 30.
2.22000, 35.
2.23000, 29.
2.24000, 28.
2.25000, 36.
2.26000, 29.
2.27000, 25.
2.28000, 34.
2.29000, 31.
2.30000, 26.
2.31000, 24.
2.32000, 18.
2.33000, 20.
2.34000, 29.
2.35000, 23.
2.36000, 32.
2.37000, 34.
2.38000, 21.
2.39000, 26.
2.40000, 33.
2.41000, 27.
2.42000, 22.
2.43000, 20.
2.44000, 32.
2.45000, 29.
2.46000, 22.
2.47000, 26.
2.48000, 25.
2.49000, 19.
2.50000, 38.
2.51000, 36.
2.52000, 38.
2.53000, 46.
2.54000, 38.
2.55000, 45.
2.56000, 47.
2.57000, 41.
2.58000, 54.
2.59000, 68.
2.60000, 91.
2.61000, 115.
2.62000, 140.
2.63000, 174.
2.64000, 216.
2.65000, 275.
2.66000, 312.
2.67000, 369.
2.68000, 453.
2.69000, 494.
2.70000, 471.
2.71000, 494.
2.72000, 460.
2.73000, 406.
2.74000, 360.
2.75000, 315.
2.76000, 281.
2.77000, 247.
2.78000, 214.
2.79000, 203.
2.80000, 194.
2.81000, 204.
2.82000, 185.
2.83000, 197.
2.84000, 184.
2.85000, 207.
2.86000, 200.
2.87000, 193.
2.88000, 173.
2.89000, 147.
2.90000, 143.
2.91000, 137.
2.92000, 119.
2.93000, 113.
2.94000, 88.
2.95000, 90.
2.96000, 68.
2.97000, 71.
2.98000, 70.
2.99000, 60.
3.00000, 60.
3.01000, 58.
3.02000, 51.
3.03000, 61.
3.04000, 45.
3.05000, 29.
3.06000, 33.
3.07000, 40.
3.08000, 38.
3.09000, 24.
3.10000, 30.
3.11000, 30.
3.12000, 31.
3.13000, 33.
3.14000, 34.
3.15000, 28.
3.16000, 33.
3.17000, 33.
3.18000, 56.
3.19000, 68.
3.20000, 102.
3.21000, 137.
3.22000, 189.
3.23000, 228.
3.24000, 291.
3.25000, 428.
3.26000, 542.
3.27000, 649.
3.28000, 776.
3.29000, 899.
3.30000, 950.
3.31000, 1028.
3.32000, 1008.
3.33000, 990.
3.34000, 924.
3.35000, 829.
3.36000, 735.
3.37000, 622.
3.38000, 499.
3.39000, 365.
3.40000, 303.
3.41000, 200.
3.42000, 171.
3.43000, 92.
3.44000, 85.
3.45000, 71.
3.46000, 64.
3.47000, 50.
3.48000, 40.
3.49000, 62.
3.50000, 63.
3.51000, 73.
3.52000, 76.
3.53000, 106.
3.54000, 112.
3.55000, 115.
3.56000, 139.
3.57000, 176.
3.58000, 163.
3.59000, 174.
3.60000, 199.
3.61000, 175.
3.62000, 170.
3.63000, 201.
3.64000, 180.
3.65000, 192.
3.66000, 174.
3.67000, 229.
3.68000, 189.
3.69000, 158.
3.70000, 186.
3.71000, 162.
3.72000, 144.
3.73000, 116.
3.74000, 123.
3.75000, 120.
3.76000, 83.
3.77000, 59.
3.78000, 53.
3.79000, 53.
3.80000, 35.
3.81000, 32.
3.82000, 21.
3.83000, 29.
3.84000, 21.
3.85000, 21.
3.86000, 19.
3.87000, 14.
3.88000, 15.
3.89000, 23.
3.90000, 23.
3.91000, 25.
3.92000, 21.
3.93000, 30.
3.94000, 32.
3.95000, 29.
3.96000, 41.
3.97000, 45.
3.98000, 43.
3.99000, 30.
4.00000, 39.
4.01000, 66.
4.02000, 48.
4.03000, 42.
4.04000, 41.
4.05000, 38.
4.06000, 40.
4.07000, 35.
4.08000, 31.
4.09000, 29.
4.10000, 31.
4.11000, 25.
4.12000, 36.
4.13000, 29.
4.14000, 31.
4.15000, 28.
4.16000, 26.
4.17000, 28.
4.18000, 22.
4.19000, 24.
4.20000, 42.
4.21000, 20.
4.22000, 23.
4.23000, 33.
4.24000, 24.
4.25000, 30.
4.26000, 31.
4.27000, 36.
4.28000, 26.
4.29000, 29.
4.30000, 35.
4.31000, 41.
4.32000, 38.
4.33000, 43.
4.34000, 35.
4.35000, 48.
4.36000, 58.
4.37000, 64.
4.38000, 74.
4.39000, 105.
4.40000, 125.
4.41000, 174.
4.42000, 251.
4.43000, 294.
4.44000, 374.
4.45000, 391.
4.46000, 496.
4.47000, 567.
4.48000, 658.
4.49000, 725.
4.50000, 791.
4.51000, 766.
4.52000, 724.
4.53000, 740.
4.54000, 691.
4.55000, 608.
4.56000, 489.
4.57000, 449.
4.58000, 395.
4.59000, 319.
4.60000, 260.
4.61000, 233.
4.62000, 198.
4.63000, 181.
4.64000, 139.
4.65000, 141.
4.66000, 122.
4.67000, 140.
4.68000, 106.
4.69000, 96.
4.70000, 77.
4.71000, 82.
4.72000, 78.
4.73000, 102.
4.74000, 77.
4.75000, 76.
4.76000, 79.
4.77000, 78.
4.78000, 87.
4.79000, 102.
4.80000, 90.
4.81000, 105.
4.82000, 117.
4.83000, 132.
4.84000, 136.
4.85000, 126.
4.86000, 140.
4.87000, 164.
4.88000, 161.
4.89000, 179.
4.90000, 187.
4.91000, 225.
4.92000, 194.
4.93000, 222.
4.94000, 208.
4.95000, 178.
4.96000, 174.
4.97000, 173.
4.98000, 162.
4.99000, 159.
5.00000, 141.
5.01000, 122.
5.02000, 91.
5.03000, 92.
5.04000, 97.
5.05000, 76.
5.06000, 80.
5.07000, 80.
5.08000, 63.
5.09000, 79.
5.10000, 60.
5.11000, 63.
5.12000, 67.
5.13000, 62.
5.14000, 59.
5.15000, 69.
5.16000, 55.
5.17000, 60.
5.18000, 68.
5.19000, 76.
5.20000, 69.
5.21000, 61.
5.22000, 88.
5.23000, 67.
5.24000, 76.
5.25000, 75.
5.26000, 91.
5.27000, 81.
5.28000, 91.
5.29000, 96.
5.30000, 81.
5.31000, 83.
5.32000, 94.
5.33000, 91.
5.34000, 91.
5.35000, 74.
5.36000, 76.
5.37000, 104.
5.38000, 113.
5.39000, 93.
5.40000, 94.
5.41000, 95.
5.42000, 102.
5.43000, 116.
5.44000, 123.
5.45000, 100.
5.46000, 83.
5.47000, 86.
5.48000, 89.
5.49000, 73.
5.50000, 91.
5.51000, 81.
5.52000, 64.
5.53000, 60.
5.54000, 70.
5.55000, 73.
5.56000, 77.
5.57000, 75.
5.58000, 76.
5.59000, 63.
5.60000, 80.
5.61000, 89.
5.62000, 68.
5.63000, 59.
5.64000, 66.
5.65000, 72.
5.66000, 65.
5.67000, 63.
5.68000, 61.
5.69000, 55.
5.70000, 71.
5.71000, 61.
5.72000, 78.
5.73000, 66.
5.74000, 66.
5.75000, 57.
5.76000, 60.
5.77000, 53.
5.78000, 69.
5.79000, 60.
5.80000, 56.
5.81000, 63.
5.82000, 69.
5.83000, 68.
5.84000, 86.
5.85000, 85.
5.86000, 65.
5.87000, 76.
5.88000, 83.
5.89000, 78.
5.90000, 85.
5.91000, 82.
5.92000, 82.
5.93000, 87.
5.94000, 102.
5.95000, 75.
5.96000, 94.
5.97000, 75.
5.98000, 77.
5.99000, 77.
6.00000, 76.
6.01000, 75.
6.02000, 74.
6.03000, 79.
6.04000, 80.
6.05000, 74.
6.06000, 79.
6.07000, 72.
6.08000, 65.
6.09000, 95.
6.10000, 88.
6.11000, 99.
6.12000, 96.
6.13000, 100.
6.14000, 114.
6.15000, 103.
6.16000, 115.
6.17000, 130.
6.18000, 156.
6.19000, 187.
6.20000, 215.
6.21000, 327.
6.22000, 415.
6.23000, 536.
6.24000, 792.
6.25000, 1034.
6.26000, 1427.
6.27000, 2012.
6.28000, 2850.
6.29000, 3734.
6.30000, 4838.
6.31000, 6230.
6.32000, 7472.
6.33000, 9366.
6.34000, 11089.
6.35000, 12717.
6.36000, 14066.
6.37000, 15508.
6.38000, 16552.
6.39000, 17038.
6.40000, 17335.
6.41000, 16929.
6.42000, 16089.
6.43000, 14961.
6.44000, 13621.
6.45000, 12250.
6.46000, 10356.
6.47000, 8797.
6.48000, 7061.
6.49000, 5611.
6.50000, 4496.
6.51000, 3316.
6.52000, 2469.
6.53000, 1833.
6.54000, 1299.
6.55000, 904.
6.56000, 655.
6.57000, 461.
6.58000, 311.
6.59000, 243.
6.60000, 179.
6.61000, 142.
6.62000, 142.
6.63000, 126.
6.64000, 94.
6.65000, 115.
6.66000, 119.
6.67000, 111.
6.68000, 119.
6.69000, 104.
6.70000, 115.
6.71000, 81.
6.72000, 94.
6.73000, 107.
6.74000, 114.
6.75000, 113.
6.76000, 129.
6.77000, 113.
6.78000, 131.
6.79000, 111.
6.80000, 135.
6.81000, 134.
6.82000, 122.
6.83000, 146.
6.84000, 151.
6.85000, 163.
6.86000, 192.
6.87000, 194.
6.88000, 223.
6.89000, 288.
6.90000, 310.
6.91000, 419.
6.92000, 478.
6.93000, 599.
6.94000, 706.
6.95000, 863.
6.96000, 1085.
6.97000, 1332.
6.98000, 1519.
6.99000, 1791.
7.00000, 1991.
7.01000, 2300.
7.02000, 2480.
7.03000, 2682.
7.04000, 2714.
7.05000, 2788.
7.06000, 2791.
7.07000, 2703.
7.08000, 2540.
7.09000, 2317.
7.10000, 2047.
7.11000, 1839.
7.12000, 1644.
7.13000, 1357.
7.14000, 1117.
7.15000, 933.
7.16000, 739.
7.17000, 574.
7.18000, 442.
7.19000, 335.
7.20000, 270.
7.21000, 201.
7.22000, 167.
7.23000, 136.
7.24000, 115.
7.25000, 101.
7.26000, 75.
7.27000, 74.
7.28000, 80.
7.29000, 72.
7.30000, 73.
7.31000, 65.
7.32000, 74.
7.33000, 67.
7.34000, 79.
7.35000, 82.
7.36000, 86.
7.37000, 76.
7.38000, 96.
7.39000, 68.
7.40000, 74.
7.41000, 75.
7.42000, 72.
7.43000, 78.
7.44000, 77.
7.45000, 81.
7.46000, 67.
7.47000, 81.
7.48000, 79.
7.49000, 88.
7.50000, 76.
7.51000, 70.
7.52000, 76.
7.53000, 71.
7.54000, 77.
7.55000, 73.
7.56000, 62.
7.57000, 65.
7.58000, 72.
7.59000, 75.
7.60000, 74.
7.61000, 66.
7.62000, 81.
7.63000, 50.
7.64000, 64.
7.65000, 64.
7.66000, 63.
7.67000, 70.
7.68000, 72.
7.69000, 71.
7.70000, 74.
7.71000, 74.
7.72000, 59.
7.73000, 66.
7.74000, 76.
7.75000, 79.
7.76000, 83.
7.77000, 66.
7.78000, 73.
7.79000, 82.
7.80000, 83.
7.81000, 82.
7.82000, 92.
7.83000, 88.
7.84000, 87.
7.85000, 102.
7.86000, 104.
7.87000, 113.
7.88000, 100.
7.89000, 115.
7.90000, 93.
7.91000, 80.
7.92000, 109.
7.93000, 104.
7.94000, 94.
7.95000, 123.
7.96000, 128.
7.97000, 93.
7.98000, 112.
7.99000, 135.
8.00000, 122.
8.01000, 135.
8.02000, 128.
8.03000, 146.
8.04000, 125.
8.05000, 138.
8.06000, 124.
8.07000, 131.
8.08000, 123.
8.09000, 138.
8.10000, 127.
8.11000, 137.
8.12000, 143.
8.13000, 153.
8.14000, 138.
8.15000, 151.
8.16000, 142.
8.17000, 144.
8.18000, 121.
8.19000, 120.
8.20000, 129.
8.21000, 124.
8.22000, 120.
8.23000, 124.
8.24000, 106.
8.25000, 119.
8.26000, 113.
8.27000, 118.
8.28000, 98.
8.29000, 107.
8.30000, 116.
8.31000, 93.
8.32000, 133.
8.33000, 92.
8.34000, 100.
8.35000, 112.
8.36000, 126.
8.37000, 114.
8.38000, 113.
8.39000, 120.
8.40000, 117.
8.41000, 101.
8.42000, 105.
8.43000, 120.
8.44000, 123.
8.45000, 103.
8.46000, 110.
8.47000, 106.
8.48000, 122.
8.49000, 107.
8.50000, 88.
8.51000, 118.
8.52000, 91.
8.53000, 115.
8.54000, 99.
8.55000, 113.
8.56000, 120.
8.57000, 109.
8.58000, 129.
8.59000, 139.
8.60000, 143.
8.61000, 123.
8.62000, 106.
8.63000, 135.
8.64000, 117.
8.65000, 128.
8.66000, 117.
8.67000, 107.
8.68000, 117.
8.69000, 121.
8.70000, 122.
8.71000, 122.
8.72000, 105.
8.73000, 104.
8.74000, 96.
8.75000, 98.
8.76000, 118.
8.77000, 104.
8.78000, 112.
8.79000, 108.
8.80000, 104.
8.81000, 103.
8.82000, 116.
8.83000, 121.
8.84000, 95.
8.85000, 105.
8.86000, 118.
8.87000, 107.
8.88000, 91.
8.89000, 122.
8.90000, 110.
8.91000, 98.
8.92000, 109.
8.93000, 112.
8.94000, 93.
8.95000, 107.
8.96000, 100.
8.97000, 100.
8.98000, 93.
8.99000, 114.
9.00000, 94.
9.01000, 105.
9.02000, 107.
9.03000, 105.
9.04000, 88.
9.05000, 102.
9.06000, 102.
9.07000, 120.
9.08000, 115.
9.09000, 95.
9.10000, 118.
9.11000, 107.
9.12000, 109.
9.13000, 89.
9.14000, 119.
9.15000, 105.
9.16000, 109.
9.17000, 117.
9.18000, 109.
9.19000, 107.
9.20000, 132.
9.21000, 135.
9.22000, 101.
9.23000, 124.
9.24000, 132.
9.25000, 131.
9.26000, 128.
9.27000, 125.
9.28000, 137.
9.29000, 116.
9.30000, 122.
9.31000, 104.
9.32000, 125.
9.33000, 127.
9.34000, 98.
9.35000, 102.
9.36000, 132.
9.37000, 120.
9.38000, 115.
9.39000, 103.
9.40000, 133.
9.41000, 113.
9.42000, 125.
9.43000, 117.
9.44000, 111.
9.45000, 119.
9.46000, 121.
9.47000, 99.
9.48000, 127.
9.49000, 115.
9.50000, 103.
9.51000, 129.
9.52000, 119.
9.53000, 128.
9.54000, 130.
9.55000, 127.
9.56000, 110.
9.57000, 144.
9.58000, 127.
9.59000, 124.
9.60000, 129.
9.61000, 103.
9.62000, 133.
9.63000, 130.
9.64000, 133.
9.65000, 134.
9.66000, 141.
9.67000, 129.
9.68000, 124.
9.69000, 124.
9.70000, 116.
9.71000, 121.
9.72000, 127.
9.73000, 141.
9.74000, 119.
9.75000, 134.
9.76000, 126.
9.77000, 121.
9.78000, 124.
9.79000, 122.
9.80000, 112.
9.81000, 110.
9.82000, 124.
9.83000, 141.
9.84000, 116.
9.85000, 121.
9.86000, 114.
9.87000, 131.
9.88000, 134.
9.89000, 124.
9.90000, 127.
9.91000, 120.
9.92000, 144.
9.93000, 138.
9.94000, 107.
9.95000, 126.
9.96000, 112.
9.97000, 124.
9.98000, 116.
9.99000, 132.
10.00000, 106.
10.01000, 122.
10.02000, 136.
10.03000, 114.
10.04000, 109.
10.05000, 112.
10.06000, 127.
10.07000, 116.
10.08000, 112.
10.09000, 119.
10.10000, 151.
10.11000, 136.
10.12000, 119.
10.13000, 109.
10.14000, 120.
10.15000, 110.
10.16000, 127.
10.17000, 112.
10.18000, 95.
10.19000, 126.
10.20000, 117.
10.21000, 112.
10.22000, 123.
10.23000, 127.
10.24000, 137.
10.25000, 128.
10.26000, 132.
10.27000, 137.
10.28000, 101.
10.29000, 120.
10.30000, 131.
10.31000, 117.
10.32000, 114.
10.33000, 131.
10.34000, 156.
10.35000, 148.
10.36000, 168.
10.37000, 169.
10.38000, 159.
10.39000, 216.
10.40000, 200.
10.41000, 236.
10.42000, 280.
10.43000, 293.
10.44000, 344.
10.45000, 351.
10.46000, 432.
10.47000, 435.
10.48000, 418.
10.49000, 498.
10.50000, 470.
10.51000, 504.
10.52000, 514.
10.53000, 499.
10.54000, 498.
10.55000, 455.
10.56000, 449.
10.57000, 356.
10.58000, 405.
10.59000, 366.
10.60000, 349.
10.61000, 326.
10.62000, 297.
10.63000, 275.
10.64000, 226.
10.65000, 208.
10.66000, 184.
10.67000, 174.
10.68000, 179.
10.69000, 153.
10.70000, 136.
10.71000, 129.
10.72000, 141.
10.73000, 123.
10.74000, 128.
10.75000, 115.
10.76000, 135.
10.77000, 105.
10.78000, 151.
10.79000, 129.
10.80000, 112.
10.81000, 131.
10.82000, 136.
10.83000, 121.
10.84000, 135.
10.85000, 122.
10.86000, 132.
10.87000, 125.
10.88000, 121.
10.89000, 109.
10.90000, 120.
10.91000, 142.
10.92000, 137.
10.93000, 131.
10.94000, 128.
10.95000, 122.
10.96000, 127.
10.97000, 139.
10.98000, 137.
10.99000, 105.
11.00000, 127.
11.01000, 159.
11.02000, 131.
11.03000, 141.
11.04000, 141.
11.05000, 120.
11.06000, 152.
11.07000, 118.
11.08000, 130.
11.09000, 123.
11.10000, 123.
11.11000, 126.
11.12000, 144.
11.13000, 140.
11.14000, 135.
11.15000, 131.
11.16000, 150.
11.17000, 127.
11.18000, 133.
11.19000, 135.
11.20000, 150.
11.21000, 140.
11.22000, 127.
11.23000, 121.
11.24000, 142.
11.25000, 138.
11.26000, 144.
11.27000, 131.
11.28000, 137.
11.29000, 146.
11.30000, 134.
11.31000, 144.
11.32000, 137.
11.33000, 121.
11.34000, 135.
11.35000, 121.
11.36000, 120.
11.37000, 119.
11.38000, 118.
11.39000, 135.
11.40000, 119.
11.41000, 135.
11.42000, 136.
11.43000, 133.
11.44000, 145.
11.45000, 144.
11.46000, 124.
11.47000, 144.
11.48000, 136.
11.49000, 123.
11.50000, 143.
11.51000, 122.
11.52000, 132.
11.53000, 108.
11.54000, 134.
11.55000, 132.
11.56000, 132.
11.57000, 159.
11.58000, 154.
11.59000, 160.
11.60000, 143.
11.61000, 161.
11.62000, 173.
11.63000, 172.
11.64000, 197.
11.65000, 187.
11.66000, 184.
11.67000, 184.
11.68000, 169.
11.69000, 211.
11.70000, 197.
11.71000, 178.
11.72000, 210.
11.73000, 192.
11.74000, 187.
11.75000, 171.
11.76000, 171.
11.77000, 187.
11.78000, 178.
11.79000, 182.
11.80000, 161.
11.81000, 148.
11.82000, 162.
11.83000, 131.
11.84000, 154.
11.85000, 143.
11.86000, 144.
11.87000, 151.
11.88000, 137.
11.89000, 142.
11.90000, 133.
11.91000, 132.
11.92000, 136.
11.93000, 140.
11.94000, 128.
11.95000, 122.
11.96000, 132.
11.97000, 112.
11.98000, 136.
11.99000, 141.
12.00000, 137.
12.01000, 127.
12.02000, 116.
12.03000, 126.
12.04000, 112.
12.05000, 119.
12.06000, 130.
12.07000, 120.
12.08000, 142.
12.09000, 135.
12.10000, 131.
12.11000, 156.
12.12000, 151.
12.13000, 130.
12.14000, 162.
12.15000, 151.
12.16000, 111.
12.17000, 137.
12.18000, 142.
12.19000, 133.
12.20000, 142.
12.21000, 128.
12.22000, 138.
12.23000, 138.
12.24000, 118.
12.25000, 138.
12.26000, 131.
12.27000, 123.
12.28000, 167.
12.29000, 114.
12.30000, 141.
12.31000, 122.
12.32000, 159.
12.33000, 128.
12.34000, 132.
12.35000, 143.
12.36000, 153.
12.37000, 159.
12.38000, 134.
12.39000, 130.
12.40000, 146.
12.41000, 129.
12.42000, 132.
12.43000, 140.
12.44000, 149.
12.45000, 145.
12.46000, 132.
12.47000, 125.
12.48000, 135.
12.49000, 135.
12.50000, 139.
12.51000, 146.
12.52000, 130.
12.53000, 171.
12.54000, 129.
12.55000, 149.
12.56000, 143.
12.57000, 130.
12.58000, 155.
12.59000, 161.
12.60000, 158.
12.61000, 163.
12.62000, 149.
12.63000, 153.
12.64000, 153.
12.65000, 154.
12.66000, 155.
12.67000, 181.
12.68000, 185.
12.69000, 154.
12.70000, 165.
12.71000, 168.
12.72000, 178.
12.73000, 144.
12.74000, 169.
12.75000, 166.
12.76000, 178.
12.77000, 175.
12.78000, 162.
12.79000, 178.
12.80000, 171.
12.81000, 193.
12.82000, 176.
12.83000, 217.
12.84000, 174.
12.85000, 180.
12.86000, 158.
12.87000, 160.
12.88000, 201.
12.89000, 174.
12.90000, 181.
12.91000, 175.
12.92000, 170.
12.93000, 165.
12.94000, 161.
12.95000, 178.
12.96000, 152.
12.97000, 185.
12.98000, 164.
12.99000, 173.
13.00000, 136.
13.01000, 163.
13.02000, 116.
13.03000, 170.
13.04000, 163.
13.05000, 137.
13.06000, 130.
13.07000, 138.
13.08000, 168.
13.09000, 165.
13.10000, 148.
13.11000, 127.
13.12000, 141.
13.13000, 115.
13.14000, 161.
13.15000, 156.
13.16000, 189.
13.17000, 150.
13.18000, 165.
13.19000, 175.
13.20000, 189.
13.21000, 168.
13.22000, 185.
13.23000, 166.
13.24000, 188.
13.25000, 198.
13.26000, 203.
13.27000, 218.
13.28000, 272.
13.29000, 243.
13.30000, 232.
13.31000, 265.
13.32000, 263.
13.33000, 278.
13.34000, 277.
13.35000, 268.
13.36000, 307.
13.37000, 304.
13.38000, 278.
13.39000, 251.
13.40000, 258.
13.41000, 284.
13.42000, 257.
13.43000, 260.
13.44000, 222.
13.45000, 273.
13.46000, 220.
13.47000, 232.
13.48000, 230.
13.49000, 192.
13.50000, 209.
13.51000, 192.
13.52000, 166.
13.53000, 180.
13.54000, 174.
13.55000, 169.
13.56000, 156.
13.57000, 153.
13.58000, 161.
13.59000, 120.
13.60000, 141.
13.61000, 140.
13.62000, 142.
13.63000, 166.
13.64000, 167.
13.65000, 142.
13.66000, 146.
13.67000, 155.
13.68000, 137.
13.69000, 144.
13.70000, 133.
13.71000, 133.
13.72000, 143.
13.73000, 147.
13.74000, 125.
13.75000, 140.
13.76000, 146.
13.77000, 158.
13.78000, 140.
13.79000, 141.
13.80000, 156.
13.81000, 155.
13.82000, 143.
13.83000, 149.
13.84000, 144.
13.85000, 132.
13.86000, 151.
13.87000, 130.
13.88000, 132.
13.89000, 144.
13.90000, 153.
13.91000, 156.
13.92000, 161.
13.93000, 144.
13.94000, 127.
13.95000, 155.
13.96000, 176.
13.97000, 184.
13.98000, 174.
13.99000, 192.
14.00000, 190.
14.01000, 212.
14.02000, 196.
14.03000, 191.
14.04000, 212.
14.05000, 237.
14.06000, 221.
14.07000, 222.
14.08000, 226.
14.09000, 228.
14.10000, 260.
14.11000, 242.
14.12000, 221.
14.13000, 237.
14.14000, 229.
14.15000, 221.
14.16000, 226.
14.17000, 216.
14.18000, 218.
14.19000, 228.
14.20000, 201.
14.21000, 214.
14.22000, 181.
14.23000, 195.
14.24000, 175.
14.25000, 189.
14.26000, 180.
14.27000, 160.
14.28000, 149.
14.29000, 145.
14.30000, 163.
14.31000, 142.
14.32000, 154.
14.33000, 150.
14.34000, 142.
14.35000, 129.
14.36000, 150.
14.37000, 142.
14.38000, 158.
14.39000, 154.
14.40000, 152.
14.41000, 155.
14.42000, 145.
14.43000, 143.
14.44000, 152.
14.45000, 130.
14.46000, 151.
14.47000, 145.
14.48000, 139.
14.49000, 140.
14.50000, 129.
14.51000, 145.
14.52000, 131.
14.53000, 120.
14.54000, 147.
14.55000, 142.
14.56000, 143.
14.57000, 118.
14.58000, 156.
14.59000, 130.
14.60000, 142.
14.61000, 138.
14.62000, 133.
14.63000, 138.
14.64000, 123.
14.65000, 127.
14.66000, 115.
14.67000, 136.
14.68000, 157.
14.69000, 143.
14.70000, 148.
14.71000, 131.
14.72000, 146.
14.73000, 150.
14.74000, 150.
14.75000, 149.
14.76000, 149.
14.77000, 154.
14.78000, 165.
14.79000, 175.
14.80000, 173.
14.81000, 164.
14.82000, 178.
14.83000, 179.
14.84000, 158.
14.85000, 183.
14.86000, 182.
14.87000, 186.
14.88000, 183.
14.89000, 189.
14.90000, 176.
14.91000, 175.
14.92000, 183.
14.93000, 219.
14.94000, 209.
14.95000, 201.
14.96000, 207.
14.97000, 148.
14.98000, 159.
14.99000, 192.
15.00000, 172.
15.01000, 158.
15.02000, 162.
15.03000, 173.
15.04000, 155.
15.05000, 165.
15.06000, 157.
15.07000, 153.
15.08000, 168.
15.09000, 173.
15.10000, 142.
15.11000, 148.
15.12000, 146.
15.13000, 123.
15.14000, 149.
15.15000, 123.
15.16000, 152.
15.17000, 144.
15.18000, 142.
15.19000, 159.
15.20000, 125.
15.21000, 128.
15.22000, 144.
15.23000, 131.
15.24000, 143.
15.25000, 154.
15.26000, 127.
15.27000, 133.
15.28000, 153.
15.29000, 143.
15.30000, 140.
15.31000, 156.
15.32000, 149.
15.33000, 137.
15.34000, 119.
15.35000, 161.
15.36000, 133.
15.37000, 124.
15.38000, 138.
15.39000, 142.
15.40000, 124.
15.41000, 139.
15.42000, 133.
15.43000, 147.
15.44000, 138.
15.45000, 158.
15.46000, 155.
15.47000, 186.
15.48000, 162.
15.49000, 168.
15.50000, 165.
15.51000, 178.
15.52000, 168.
15.53000, 180.
15.54000, 173.
15.55000, 215.
15.56000, 202.
15.57000, 223.
15.58000, 210.
15.59000, 245.
15.60000, 280.
15.61000, 263.
15.62000, 303.
15.63000, 312.
15.64000, 308.
15.65000, 329.
15.66000, 362.
15.67000, 355.
15.68000, 363.
15.69000, 389.
15.70000, 360.
15.71000, 392.
15.72000, 353.
15.73000, 362.
15.74000, 375.
15.75000, 375.
15.76000, 392.
15.77000, 363.
15.78000, 352.
15.79000, 344.
15.80000, 317.
15.81000, 270.
15.82000, 296.
15.83000, 308.
15.84000, 268.
15.85000, 252.
15.86000, 247.
15.87000, 252.
15.88000, 226.
15.89000, 207.
15.90000, 202.
15.91000, 152.
15.92000, 167.
15.93000, 177.
15.94000, 153.
15.95000, 164.
15.96000, 151.
15.97000, 149.
15.98000, 150.
15.99000, 148.
16.00000, 129.
16.01000, 146.
16.02000, 135.
16.03000, 137.
16.04000, 149.
16.05000, 147.
16.06000, 145.
16.07000, 141.
16.08000, 154.
16.09000, 138.
16.10000, 131.
16.11000, 133.
16.12000, 133.
16.13000, 150.
16.14000, 155.
16.15000, 135.
16.16000, 147.
16.17000, 146.
16.18000, 177.
16.19000, 145.
16.20000, 149.
16.21000, 124.
16.22000, 137.
16.23000, 130.
16.24000, 129.
16.25000, 143.
16.26000, 142.
16.27000, 145.
16.28000, 150.
16.29000, 141.
16.30000, 147.
16.31000, 128.
16.32000, 138.
16.33000, 165.
16.34000, 133.
16.35000, 158.
16.36000, 139.
16.37000, 172.
16.38000, 167.
16.39000, 159.
16.40000, 175.
16.41000, 174.
16.42000, 189.
16.43000, 184.
16.44000, 179.
16.45000, 193.
16.46000, 194.
16.47000, 207.
16.48000, 226.
16.49000, 238.
16.50000, 243.
16.51000, 233.
16.52000, 232.
16.53000, 228.
16.54000, 250.
16.55000, 264.
16.56000, 251.
16.57000, 238.
16.58000, 230.
16.59000, 245.
16.60000, 239.
16.61000, 230.
16.62000, 206.
16.63000, 221.
16.64000, 212.
16.65000, 211.
16.66000, 219.
16.67000, 200.
16.68000, 191.
16.69000, 187.
16.70000, 181.
16.71000, 177.
16.72000, 147.
16.73000, 155.
16.74000, 165.
16.75000, 174.
16.76000, 155.
16.77000, 151.
16.78000, 139.
16.79000, 148.
16.80000, 133.
16.81000, 157.
16.82000, 125.
16.83000, 138.
16.84000, 154.
16.85000, 157.
16.86000, 155.
16.87000, 151.
16.88000, 136.
16.89000, 143.
16.90000, 114.
16.91000, 134.
16.92000, 157.
16.93000, 128.
16.94000, 124.
16.95000, 140.
16.96000, 154.
16.97000, 149.
16.98000, 128.
16.99000, 147.
17.00000, 133.
17.01000, 136.
17.02000, 159.
17.03000, 146.
17.04000, 123.
17.05000, 132.
17.06000, 129.
17.07000, 136.
17.08000, 154.
17.09000, 153.
17.10000, 125.
17.11000, 153.
17.12000, 132.
17.13000, 141.
17.14000, 151.
17.15000, 163.
17.16000, 139.
17.17000, 148.
17.18000, 163.
17.19000, 180.
17.20000, 145.
17.21000, 151.
17.22000, 155.
17.23000, 171.
17.24000, 134.
17.25000, 139.
17.26000, 141.
17.27000, 142.
17.28000, 156.
17.29000, 150.
17.30000, 142.
17.31000, 147.
17.32000, 186.
17.33000, 150.
17.34000, 165.
17.35000, 148.
17.36000, 153.
17.37000, 171.
17.38000, 163.
17.39000, 173.
17.40000, 151.
17.41000, 185.
17.42000, 154.
17.43000, 138.
17.44000, 166.
17.45000, 149.
17.46000, 173.
17.47000, 179.
17.48000, 152.
17.49000, 175.
17.50000, 187.
17.51000, 174.
17.52000, 164.
17.53000, 196.
17.54000, 170.
17.55000, 183.
17.56000, 181.
17.57000, 208.
17.58000, 179.
17.59000, 190.
17.60000, 191.
17.61000, 215.
17.62000, 198.
17.63000, 214.
17.64000, 220.
17.65000, 216.
17.66000, 208.
17.67000, 188.
17.68000, 234.
17.69000, 204.
17.70000, 205.
17.71000, 208.
17.72000, 189.
17.73000, 225.
17.74000, 182.
17.75000, 196.
17.76000, 188.
17.77000, 188.
17.78000, 197.
17.79000, 199.
17.80000, 201.
17.81000, 183.
17.82000, 188.
17.83000, 186.
17.84000, 196.
17.85000, 167.
17.86000, 198.
17.87000, 175.
17.88000, 207.
17.89000, 170.
17.90000, 206.
17.91000, 178.
17.92000, 212.
17.93000, 205.
17.94000, 189.
17.95000, 195.
17.96000, 196.
17.97000, 194.
17.98000, 183.
17.99000, 214.
18.00000, 192.
18.01000, 217.
18.02000, 218.
18.03000, 213.
18.04000, 216.
18.05000, 203.
18.06000, 217.
18.07000, 214.
18.08000, 228.
18.09000, 236.
18.10000, 208.
18.11000, 236.
18.12000, 220.
18.13000, 237.
18.14000, 195.
18.15000, 241.
18.16000, 224.
18.17000, 252.
18.18000, 238.
18.19000, 250.
18.20000, 236.
18.21000, 249.
18.22000, 250.
18.23000, 288.
18.24000, 267.
18.25000, 287.
18.26000, 304.
18.27000, 280.
18.28000, 309.
18.29000, 271.
18.30000, 308.
18.31000, 283.
18.32000, 322.
18.33000, 318.
18.34000, 364.
18.35000, 339.
18.36000, 345.
18.37000, 354.
18.38000, 351.
18.39000, 365.
18.40000, 400.
18.41000, 394.
18.42000, 393.
18.43000, 418.
18.44000, 438.
18.45000, 466.
18.46000, 446.
18.47000, 463.
18.48000, 481.
18.49000, 484.
18.50000, 478.
18.51000, 523.
18.52000, 566.
18.53000, 550.
18.54000, 559.
18.55000, 630.
18.56000, 601.
18.57000, 638.
18.58000, 643.
18.59000, 738.
18.60000, 713.
18.61000, 700.
18.62000, 710.
18.63000, 766.
18.64000, 732.
18.65000, 703.
18.66000, 741.
18.67000, 743.
18.68000, 817.
18.69000, 818.
18.70000, 796.
18.71000, 760.
18.72000, 829.
18.73000, 826.
18.74000, 887.
18.75000, 832.
18.76000, 888.
18.77000, 874.
18.78000, 869.
18.79000, 845.
18.80000, 923.
18.81000, 876.
18.82000, 859.
18.83000, 832.
18.84000, 870.
18.85000, 898.
18.86000, 815.
18.87000, 855.
18.88000, 828.
18.89000, 844.
18.90000, 843.
18.91000, 776.
18.92000, 812.
18.93000, 779.
18.94000, 814.
18.95000, 755.
18.96000, 738.
18.97000, 750.
18.98000, 728.
18.99000, 733.
19.00000, 715.
19.01000, 692.
19.02000, 669.
19.03000, 660.
19.04000, 644.
19.05000, 579.
19.06000, 568.
19.07000, 570.
19.08000, 585.
19.09000, 536.
19.10000, 576.
19.11000, 566.
19.12000, 593.
19.13000, 536.
19.14000, 462.
19.15000, 465.
19.16000, 482.
19.17000, 453.
19.18000, 446.
19.19000, 428.
19.20000, 399.
19.21000, 411.
19.22000, 402.
19.23000, 428.
19.24000, 340.
19.25000, 333.
19.26000, 356.
19.27000, 346.
19.28000, 350.
19.29000, 312.
19.30000, 325.
19.31000, 314.
19.32000, 291.
19.33000, 279.
19.34000, 266.
19.35000, 276.
19.36000, 282.
19.37000, 273.
19.38000, 261.
19.39000, 235.
19.40000, 285.
19.41000, 242.
19.42000, 242.
19.43000, 274.
19.44000, 226.
19.45000, 225.
19.46000, 229.
19.47000, 249.
19.48000, 250.
19.49000, 225.
19.50000, 209.
19.51000, 247.
19.52000, 211.
19.53000, 199.
19.54000, 208.
19.55000, 205.
19.56000, 208.
19.57000, 206.
19.58000, 196.
19.59000, 204.
19.60000, 191.
19.61000, 199.
19.62000, 164.
19.63000, 177.
19.64000, 180.
19.65000, 199.
19.66000, 168.
19.67000, 154.
19.68000, 170.
19.69000, 174.
19.70000, 180.
19.71000, 162.
19.72000, 166.
19.73000, 156.
19.74000, 156.
19.75000, 158.
19.76000, 167.
19.77000, 150.
19.78000, 167.
19.79000, 164.
19.80000, 172.
19.81000, 166.
19.82000, 147.
19.83000, 142.
19.84000, 172.
19.85000, 172.
19.86000, 179.
19.87000, 192.
19.88000, 192.
19.89000, 206.
19.90000, 204.
19.91000, 232.
19.92000, 208.
19.93000, 232.
19.94000, 261.
19.95000, 288.
19.96000, 315.
19.97000, 307.
19.98000, 294.
19.99000, 372.
20.00000, 351.
20.01000, 360.
20.02000, 372.
20.03000, 395.
20.04000, 423.
20.05000, 427.
20.06000, 441.
20.07000, 498.
20.08000, 471.
20.09000, 515.
20.10000, 487.
20.11000, 512.
20.12000, 557.
20.13000, 538.
20.14000, 533.
20.15000, 530.
20.16000, 508.
20.17000, 489.
20.18000, 510.
20.19000, 540.
20.20000, 505.
20.21000, 501.
20.22000, 449.
20.23000, 468.
20.24000, 430.
20.25000, 410.
20.26000, 369.
20.27000, 357.
20.28000, 336.
20.29000, 295.
20.30000, 287.
20.31000, 269.
20.32000, 260.
20.33000, 251.
20.34000, 218.
20.35000, 221.
20.36000, 204.
20.37000, 189.
20.38000, 167.
20.39000, 169.
20.40000, 154.
20.41000, 172.
20.42000, 157.
20.43000, 160.
20.44000, 180.
20.45000, 145.
20.46000, 148.
20.47000, 133.
20.48000, 153.
20.49000, 123.
20.50000, 125.
20.51000, 166.
20.52000, 140.
20.53000, 145.
20.54000, 166.
20.55000, 147.
20.56000, 134.
20.57000, 184.
20.58000, 132.
20.59000, 170.
20.60000, 162.
20.61000, 144.
20.62000, 170.
20.63000, 149.
20.64000, 166.
20.65000, 162.
20.66000, 173.
20.67000, 190.
20.68000, 177.
20.69000, 199.
20.70000, 162.
20.71000, 174.
20.72000, 177.
20.73000, 191.
20.74000, 185.
20.75000, 190.
20.76000, 225.
20.77000, 211.
20.78000, 187.
20.79000, 200.
20.80000, 211.
20.81000, 218.
20.82000, 216.
20.83000, 200.
20.84000, 202.
20.85000, 212.
20.86000, 224.
20.87000, 189.
20.88000, 215.
20.89000, 200.
20.90000, 231.
20.91000, 208.
20.92000, 232.
20.93000, 223.
20.94000, 226.
20.95000, 227.
20.96000, 258.
20.97000, 233.
20.98000, 224.
20.99000, 212.
21.00000, 223.
21.01000, 259.
21.02000, 211.
21.03000, 230.
21.04000, 232.
21.05000, 244.
21.06000, 220.
21.07000, 223.
21.08000, 230.
21.09000, 228.
21.10000, 221.
21.11000, 229.
21.12000, 214.
21.13000, 230.
21.14000, 209.
21.15000, 245.
21.16000, 211.
21.17000, 220.
21.18000, 202.
21.19000, 234.
21.20000, 214.
21.21000, 221.
21.22000, 191.
21.23000, 213.
21.24000, 196.
21.25000, 182.
21.26000, 189.
21.27000, 194.
21.28000, 201.
21.29000, 163.
21.30000, 203.
21.31000, 184.
21.32000, 194.
21.33000, 184.
21.34000, 176.
21.35000, 174.
21.36000, 172.
21.37000, 154.
21.38000, 175.
21.39000, 158.
21.40000, 179.
21.41000, 145.
21.42000, 159.
21.43000, 169.
21.44000, 161.
21.45000, 148.
21.46000, 136.
21.47000, 148.
21.48000, 163.
21.49000, 138.
21.50000, 143.
21.51000, 131.
21.52000, 132.
21.53000, 126.
21.54000, 123.
21.55000, 133.
21.56000, 126.
21.57000, 148.
21.58000, 126.
21.59000, 133.
21.60000, 141.
21.61000, 106.
21.62000, 149.
21.63000, 111.
21.64000, 112.
21.65000, 126.
21.66000, 123.
21.67000, 121.
21.68000, 97.
21.69000, 123.
21.70000, 112.
21.71000, 119.
21.72000, 110.
21.73000, 133.
21.74000, 104.
21.75000, 115.
21.76000, 115.
21.77000, 120.
21.78000, 103.
21.79000, 89.
21.80000, 104.
21.81000, 95.
21.82000, 103.
21.83000, 90.
21.84000, 110.
21.85000, 112.
21.86000, 99.
21.87000, 98.
21.88000, 98.
21.89000, 99.
21.90000, 95.
21.91000, 105.
21.92000, 83.
21.93000, 84.
21.94000, 106.
21.95000, 80.
21.96000, 94.
21.97000, 103.
21.98000, 97.
21.99000, 105.
22.00000, 96.
22.01000, 79.
22.02000, 78.
22.03000, 86.
22.04000, 113.
22.05000, 93.
22.06000, 88.
22.07000, 84.
22.08000, 89.
22.09000, 81.
22.10000, 89.
22.11000, 87.
22.12000, 97.
22.13000, 100.
22.14000, 94.
22.15000, 89.
22.16000, 77.
22.17000, 78.
22.18000, 78.
22.19000, 76.
22.20000, 73.
22.21000, 79.
22.22000, 96.
22.23000, 81.
22.24000, 75.
22.25000, 104.
22.26000, 88.
22.27000, 68.
22.28000, 77.
22.29000, 110.
22.30000, 69.
22.31000, 99.
22.32000, 82.
22.33000, 77.
22.34000, 94.
22.35000, 78.
22.36000, 68.
22.37000, 68.
22.38000, 79.
22.39000, 79.
22.40000, 85.
22.41000, 72.
22.42000, 86.
22.43000, 75.
22.44000, 91.
22.45000, 78.
22.46000, 67.
22.47000, 89.
22.48000, 88.
22.49000, 84.
22.50000, 89.
22.51000, 79.
22.52000, 99.
22.53000, 82.
22.54000, 113.
22.55000, 110.
22.56000, 139.
22.57000, 108.
22.58000, 120.
22.59000, 123.
22.60000, 99.
22.61000, 129.
22.62000, 145.
22.63000, 124.
22.64000, 129.
22.65000, 136.
22.66000, 146.
22.67000, 152.
22.68000, 123.
22.69000, 124.
22.70000, 133.
22.71000, 145.
22.72000, 109.
22.73000, 142.
22.74000, 109.
22.75000, 136.
22.76000, 139.
22.77000, 105.
22.78000, 102.
22.79000, 100.
22.80000, 96.
22.81000, 108.
22.82000, 86.
22.83000, 100.
22.84000, 84.
22.85000, 82.
22.86000, 81.
22.87000, 71.
22.88000, 71.
22.89000, 81.
22.90000, 66.
22.91000, 62.
22.92000, 74.
22.93000, 73.
22.94000, 76.
22.95000, 61.
22.96000, 71.
22.97000, 60.
22.98000, 75.
22.99000, 85.
23.00000, 78.
23.01000, 73.
23.02000, 72.
23.03000, 71.
23.04000, 69.
23.05000, 80.
23.06000, 70.
23.07000, 82.
23.08000, 71.
23.09000, 70.
23.10000, 86.
23.11000, 81.
23.12000, 77.
23.13000, 86.
23.14000, 87.
23.15000, 74.
23.16000, 84.
23.17000, 73.
23.18000, 71.
23.19000, 75.
23.20000, 58.
23.21000, 67.
23.22000, 82.
23.23000, 70.
23.24000, 64.
23.25000, 81.
23.26000, 66.
23.27000, 83.
23.28000, 77.
23.29000, 56.
23.30000, 62.
23.31000, 67.
23.32000, 64.
23.33000, 65.
23.34000, 61.
23.35000, 64.
23.36000, 64.
23.37000, 60.
23.38000, 59.
23.39000, 59.
23.40000, 56.
23.41000, 57.
23.42000, 51.
23.43000, 65.
23.44000, 72.
23.45000, 54.
23.46000, 61.
23.47000, 64.
23.48000, 80.
23.49000, 59.
23.50000, 52.
23.51000, 67.
23.52000, 65.
23.53000, 57.
23.54000, 64.
23.55000, 67.
23.56000, 67.
23.57000, 58.
23.58000, 62.
23.59000, 65.
23.60000, 57.
23.61000, 58.
23.62000, 54.
23.63000, 59.
23.64000, 56.
23.65000, 53.
23.66000, 72.
23.67000, 62.
23.68000, 73.
23.69000, 52.
23.70000, 68.
23.71000, 64.
23.72000, 49.
23.73000, 74.
23.74000, 61.
23.75000, 62.
23.76000, 65.
23.77000, 64.
23.78000, 72.
23.79000, 60.
23.80000, 68.
23.81000, 62.
23.82000, 85.
23.83000, 70.
23.84000, 60.
23.85000, 71.
23.86000, 68.
23.87000, 53.
23.88000, 63.
23.89000, 54.
23.90000, 76.
23.91000, 67.
23.92000, 67.
23.93000, 58.
23.94000, 44.
23.95000, 69.
23.96000, 53.
23.97000, 68.
23.98000, 68.
23.99000, 71.
24.00000, 64.
24.01000, 64.
24.02000, 53.
24.03000, 67.
24.04000, 63.
24.05000, 60.
24.06000, 67.
24.07000, 60.
24.08000, 55.
24.09000, 55.
24.10000, 59.
24.11000, 55.
24.12000, 63.
24.13000, 79.
24.14000, 62.
24.15000, 73.
24.16000, 74.
24.17000, 69.
24.18000, 61.
24.19000, 61.
24.20000, 57.
24.21000, 61.
24.22000, 59.
24.23000, 51.
24.24000, 52.
24.25000, 71.
24.26000, 68.
24.27000, 42.
24.28000, 64.
24.29000, 54.
24.30000, 76.
24.31000, 56.
24.32000, 64.
24.33000, 61.
24.34000, 59.
24.35000, 63.
24.36000, 53.
24.37000, 60.
24.38000, 58.
24.39000, 64.
24.40000, 70.
24.41000, 61.
24.42000, 66.
24.43000, 52.
24.44000, 60.
24.45000, 49.
24.46000, 74.
24.47000, 69.
24.48000, 60.
24.49000, 67.
24.50000, 61.
24.51000, 52.
24.52000, 68.
24.53000, 47.
24.54000, 69.
24.55000, 57.
24.56000, 54.
24.57000, 49.
24.58000, 65.
24.59000, 57.
24.60000, 43.
24.61000, 64.
24.62000, 69.
24.63000, 61.
24.64000, 60.
24.65000, 62.
24.66000, 49.
24.67000, 56.
24.68000, 50.
24.69000, 82.
24.70000, 48.
24.71000, 60.
24.72000, 66.
24.73000, 64.
24.74000, 64.
24.75000, 52.
24.76000, 57.
24.77000, 69.
24.78000, 64.
24.79000, 66.
24.80000, 73.
24.81000, 56.
24.82000, 69.
24.83000, 58.
24.84000, 51.
24.85000, 65.
24.86000, 57.
24.87000, 50.
24.88000, 70.
24.89000, 50.
24.90000, 63.
24.91000, 49.
24.92000, 66.
24.93000, 65.
24.94000, 72.
24.95000, 57.
24.96000, 56.
24.97000, 63.
24.98000, 64.
24.99000, 56.
25.00000, 59.
25.01000, 64.
25.02000, 71.
25.03000, 70.
25.04000, 58.
25.05000, 63.
25.06000, 71.
25.07000, 62.
25.08000, 78.
25.09000, 65.
25.10000, 50.
25.11000, 58.
25.12000, 65.
25.13000, 82.
25.14000, 56.
25.15000, 60.
25.16000, 59.
25.17000, 67.
25.18000, 57.
25.19000, 62.
25.20000, 63.
25.21000, 80.
25.22000, 65.
25.23000, 65.
25.24000, 74.
25.25000, 77.
25.26000, 51.
25.27000, 65.
25.28000, 52.
25.29000, 57.
25.30000, 62.
25.31000, 71.
25.32000, 60.
25.33000, 60.
25.34000, 55.
25.35000, 46.
25.36000, 50.
25.37000, 76.
25.38000, 56.
25.39000, 74.
25.40000, 52.
25.41000, 66.
25.42000, 62.
25.43000, 58.
25.44000, 52.
25.45000, 56.
25.46000, 74.
25.47000, 44.
25.48000, 68.
25.49000, 63.
25.50000, 57.
25.51000, 45.
25.52000, 39.
25.53000, 58.
25.54000, 58.
25.55000, 56.
25.56000, 59.
25.57000, 46.
25.58000, 54.
25.59000, 51.
25.60000, 47.
25.61000, 54.
25.62000, 57.
25.63000, 54.
25.64000, 50.
25.65000, 55.
25.66000, 40.
25.67000, 71.
25.68000, 52.
25.69000, 45.
25.70000, 62.
25.71000, 57.
25.72000, 57.
25.73000, 60.
25.74000, 52.
25.75000, 44.
25.76000, 54.
25.77000, 41.
25.78000, 42.
25.79000, 50.
25.80000, 65.
25.81000, 52.
25.82000, 48.
25.83000, 61.
25.84000, 57.
25.85000, 80.
25.86000, 62.
25.87000, 54.
25.88000, 45.
25.89000, 41.
25.90000, 58.
25.91000, 67.
25.92000, 44.
25.93000, 53.
25.94000, 46.
25.95000, 59.
25.96000, 55.
25.97000, 53.
25.98000, 53.
25.99000, 59.
26.00000, 60.
26.01000, 56.
26.02000, 49.
26.03000, 53.
26.04000, 48.
26.05000, 50.
26.06000, 46.
26.07000, 60.
26.08000, 53.
26.09000, 60.
26.10000, 59.
26.11000, 38.
26.12000, 49.
26.13000, 48.
26.14000, 47.
26.15000, 59.
26.16000, 51.
26.17000, 49.
26.18000, 47.
26.19000, 49.
26.20000, 45.
26.21000, 50.
26.22000, 45.
26.23000, 48.
26.24000, 48.
26.25000, 44.
26.26000, 57.
26.27000, 49.
26.28000, 58.
26.29000, 59.
26.30000, 45.
26.31000, 60.
26.32000, 41.
26.33000, 51.
26.34000, 62.
26.35000, 57.
26.36000, 49.
26.37000, 52.
26.38000, 37.
26.39000, 58.
26.40000, 61.
26.41000, 57.
26.42000, 46.
26.43000, 36.
26.44000, 50.
26.45000, 49.
26.46000, 52.
26.47000, 47.
26.48000, 47.
26.49000, 52.
26.50000, 48.
26.51000, 57.
26.52000, 51.
26.53000, 48.
26.54000, 40.
26.55000, 53.
26.56000, 49.
26.57000, 39.
26.58000, 47.
26.59000, 51.
26.60000, 62.
26.61000, 52.
26.62000, 55.
26.63000, 51.
26.64000, 55.
26.65000, 53.
26.66000, 52.
26.67000, 44.
26.68000, 51.
26.69000, 58.
26.70000, 39.
26.71000, 50.
26.72000, 24.
26.73000, 50.
26.74000, 45.
26.75000, 45.
26.76000, 61.
26.77000, 47.
26.78000, 44.
26.79000, 46.
26.80000, 52.
26.81000, 46.
26.82000, 55.
26.83000, 52.
26.84000, 56.
26.85000, 32.
26.86000, 53.
26.87000, 57.
26.88000, 42.
26.89000, 49.
26.90000, 42.
26.91000, 61.
26.92000, 57.
26.93000, 60.
26.94000, 59.
26.95000, 43.
26.96000, 49.
26.97000, 48.
26.98000, 39.
26.99000, 41.
27.00000, 38.
27.01000, 36.
27.02000, 39.
27.03000, 43.
27.04000, 53.
27.05000, 51.
27.06000, 39.
27.07000, 40.
27.08000, 44.
27.09000, 33.
27.10000, 40.
27.11000, 51.
27.12000, 45.
27.13000, 54.
27.14000, 48.
27.15000, 50.
27.16000, 52.
27.17000, 46.
27.18000, 43.
27.19000, 64.
27.20000, 41.
27.21000, 52.
27.22000, 48.
27.23000, 43.
27.24000, 54.
27.25000, 44.
27.26000, 38.
27.27000, 47.
27.28000, 33.
27.29000, 41.
27.30000, 38.
27.31000, 39.
27.32000, 55.
27.33000, 35.
27.34000, 55.
27.35000, 51.
27.36000, 44.
27.37000, 46.
27.38000, 54.
27.39000, 51.
27.40000, 48.
27.41000, 48.
27.42000, 38.
27.43000, 50.
27.44000, 51.
27.45000, 39.
27.46000, 45.
27.47000, 59.
27.48000, 37.
27.49000, 49.
27.50000, 38.
27.51000, 39.
27.52000, 43.
27.53000, 56.
27.54000, 38.
27.55000, 43.
27.56000, 42.
27.57000, 33.
27.58000, 39.
27.59000, 34.
27.60000, 57.
27.61000, 54.
27.62000, 41.
27.63000, 37.
27.64000, 48.
27.65000, 51.
27.66000, 38.
27.67000, 49.
27.68000, 46.
27.69000, 43.
27.70000, 43.
27.71000, 40.
27.72000, 46.
27.73000, 34.
27.74000, 42.
27.75000, 39.
27.76000, 44.
27.77000, 43.
27.78000, 58.
27.79000, 50.
27.80000, 39.
27.81000, 63.
27.82000, 40.
27.83000, 41.
27.84000, 40.
27.85000, 50.
27.86000, 40.
27.87000, 44.
27.88000, 43.
27.89000, 35.
27.90000, 45.
27.91000, 40.
27.92000, 46.
27.93000, 36.
27.94000, 35.
27.95000, 36.
27.96000, 41.
27.97000, 36.
27.98000, 49.
27.99000, 41.
28.00000, 44.
28.01000, 37.
28.02000, 36.
28.03000, 43.
28.04000, 39.
28.05000, 52.
28.06000, 32.
28.07000, 40.
28.08000, 22.
28.09000, 45.
28.10000, 35.
28.11000, 42.
28.12000, 42.
28.13000, 46.
28.14000, 51.
28.15000, 41.
28.16000, 46.
28.17000, 37.
28.18000, 28.
28.19000, 50.
28.20000, 30.
28.21000, 41.
28.22000, 39.
28.23000, 42.
28.24000, 44.
28.25000, 51.
28.26000, 33.
28.27000, 39.
28.28000, 44.
28.29000, 27.
28.30000, 43.
28.31000, 39.
28.32000, 36.
28.33000, 43.
28.34000, 38.
28.35000, 43.
28.36000, 36.
28.37000, 42.
28.38000, 46.
28.39000, 34.
28.40000, 36.
28.41000, 51.
28.42000, 40.
28.43000, 36.
28.44000, 50.
28.45000, 47.
28.46000, 51.
28.47000, 39.
28.48000, 50.
28.49000, 36.
28.50000, 45.
28.51000, 43.
28.52000, 34.
28.53000, 48.
28.54000, 37.
28.55000, 39.
28.56000, 46.
28.57000, 33.
28.58000, 46.
28.59000, 34.
28.60000, 40.
28.61000, 48.
28.62000, 49.
28.63000, 44.
28.64000, 48.
28.65000, 39.
28.66000, 28.
28.67000, 34.
28.68000, 33.
28.69000, 36.
28.70000, 40.
28.71000, 30.
28.72000, 35.
28.73000, 39.
28.74000, 36.
28.75000, 39.
28.76000, 38.
28.77000, 38.
28.78000, 43.
28.79000, 33.
28.80000, 36.
28.81000, 38.
28.82000, 34.
28.83000, 45.
28.84000, 46.
28.85000, 36.
28.86000, 38.
28.87000, 25.
28.88000, 20.
28.89000, 32.
28.90000, 42.
28.91000, 30.
28.92000, 48.
28.93000, 39.
28.94000, 34.
28.95000, 53.
28.96000, 32.
28.97000, 43.
28.98000, 42.
28.99000, 39.
29.00000, 26.
29.01000, 21.
29.02000, 40.
29.03000, 33.
29.04000, 37.
29.05000, 46.
29.06000, 38.
29.07000, 39.
29.08000, 33.
29.09000, 37.
29.10000, 36.
29.11000, 30.
29.12000, 35.
29.13000, 35.
29.14000, 32.
29.15000, 42.
29.16000, 35.
29.17000, 34.
29.18000, 30.
29.19000, 38.
29.20000, 44.
29.21000, 41.
29.22000, 34.
29.23000, 37.
29.24000, 34.
29.25000, 42.
29.26000, 34.
29.27000, 45.
29.28000, 35.
29.29000, 21.
29.30000, 39.
29.31000, 45.
29.32000, 35.
29.33000, 41.
29.34000, 31.
29.35000, 30.
29.36000, 30.
29.37000, 35.
29.38000, 33.
29.39000, 38.
29.40000, 34.
29.41000, 26.
29.42000, 31.
29.43000, 36.
29.44000, 39.
29.45000, 26.
29.46000, 34.
29.47000, 35.
29.48000, 28.
29.49000, 39.
29.50000, 34.
29.51000, 35.
29.52000, 34.
29.53000, 26.
29.54000, 28.
29.55000, 41.
29.56000, 39.
29.57000, 43.
29.58000, 37.
29.59000, 35.
29.60000, 40.
29.61000, 23.
29.62000, 23.
29.63000, 26.
29.64000, 44.
29.65000, 34.
29.66000, 39.
29.67000, 18.
29.68000, 36.
29.69000, 29.
29.70000, 29.
29.71000, 28.
29.72000, 22.
29.73000, 32.
29.74000, 33.
29.75000, 34.
29.76000, 35.
29.77000, 25.
29.78000, 43.
29.79000, 38.
29.80000, 36.
29.81000, 34.
29.82000, 33.
29.83000, 31.
29.84000, 35.
29.85000, 25.
29.86000, 42.
29.87000, 30.
29.88000, 32.
29.89000, 39.
29.90000, 32.
29.91000, 30.
29.92000, 31.
29.93000, 43.
29.94000, 37.
29.95000, 39.
29.96000, 37.
29.97000, 30.
29.98000, 33.
29.99000, 35.
30.00000, 27.
30.01000, 24.
30.02000, 34.
30.03000, 30.
30.04000, 37.
30.05000, 30.
30.06000, 25.
30.07000, 31.
30.08000, 34.
30.09000, 27.
30.10000, 29.
30.11000, 30.
30.12000, 30.
30.13000, 17.
30.14000, 35.
30.15000, 33.
30.16000, 32.
30.17000, 30.
30.18000, 50.
30.19000, 38.
30.20000, 32.
30.21000, 27.
30.22000, 28.
30.23000, 31.
30.24000, 31.
30.25000, 38.
30.26000, 40.
30.27000, 33.
30.28000, 27.
30.29000, 35.
30.30000, 32.
30.31000, 31.
30.32000, 41.
30.33000, 36.
30.34000, 33.
30.35000, 34.
30.36000, 34.
30.37000, 33.
30.38000, 29.
30.39000, 31.
30.40000, 34.
30.41000, 26.
30.42000, 28.
30.43000, 29.
30.44000, 32.
30.45000, 42.
30.46000, 36.
30.47000, 28.
30.48000, 31.
30.49000, 32.
30.50000, 27.
30.51000, 34.
30.52000, 27.
30.53000, 28.
30.54000, 33.
30.55000, 30.
30.56000, 30.
30.57000, 27.
30.58000, 31.
30.59000, 27.
30.60000, 29.
30.61000, 25.
30.62000, 32.
30.63000, 34.
30.64000, 41.
30.65000, 40.
30.66000, 32.
30.67000, 33.
30.68000, 31.
30.69000, 23.
30.70000, 37.
30.71000, 35.
30.72000, 30.
30.73000, 36.
30.74000, 37.
30.75000, 22.
30.76000, 35.
30.77000, 32.
30.78000, 32.
30.79000, 22.
30.80000, 31.
30.81000, 29.
30.82000, 28.
30.83000, 24.
30.84000, 24.
30.85000, 33.
30.86000, 18.
30.87000, 27.
30.88000, 19.
30.89000, 29.
30.90000, 25.
30.91000, 29.
30.92000, 39.
30.93000, 21.
30.94000, 37.
30.95000, 27.
30.96000, 30.
30.97000, 20.
30.98000, 35.
30.99000, 36.
31.00000, 31.
31.01000, 31.
31.02000, 35.
31.03000, 21.
31.04000, 29.
31.05000, 30.
31.06000, 24.
31.07000, 31.
31.08000, 27.
31.09000, 33.
31.10000, 32.
31.11000, 39.
31.12000, 28.
31.13000, 24.
31.14000, 26.
31.15000, 42.
31.16000, 33.
31.17000, 26.
31.18000, 29.
31.19000, 28.
31.20000, 26.
31.21000, 37.
31.22000, 32.
31.23000, 33.
31.24000, 26.
31.25000, 28.
31.26000, 27.
31.27000, 30.
31.28000, 37.
31.29000, 36.
31.30000, 28.
31.31000, 33.
31.32000, 22.
31.33000, 17.
31.34000, 24.
31.35000, 28.
31.36000, 27.
31.37000, 25.
31.38000, 41.
31.39000, 28.
31.40000, 39.
31.41000, 28.
31.42000, 24.
31.43000, 30.
31.44000, 26.
31.45000, 27.
31.46000, 22.
31.47000, 21.
31.48000, 32.
31.49000, 29.
31.50000, 36.
31.51000, 24.
31.52000, 31.
31.53000, 33.
31.54000, 21.
31.55000, 24.
31.56000, 24.
31.57000, 24.
31.58000, 21.
31.59000, 24.
31.60000, 31.
31.61000, 33.
31.62000, 26.
31.63000, 16.
31.64000, 31.
31.65000, 32.
31.66000, 23.
31.67000, 32.
31.68000, 27.
31.69000, 24.
31.70000, 28.
31.71000, 23.
31.72000, 34.
31.73000, 16.
31.74000, 22.
31.75000, 37.
31.76000, 37.
31.77000, 29.
31.78000, 36.
31.79000, 31.
31.80000, 32.
31.81000, 38.
31.82000, 26.
31.83000, 34.
31.84000, 32.
31.85000, 29.
31.86000, 20.
31.87000, 27.
31.88000, 32.
31.89000, 23.
31.90000, 23.
31.91000, 32.
31.92000, 27.
31.93000, 29.
31.94000, 28.
31.95000, 35.
31.96000, 29.
31.97000, 36.
31.98000, 26.
31.99000, 27.
32.00000, 30.
32.01000, 39.
32.02000, 38.
32.03000, 28.
32.04000, 38.
32.05000, 29.
32.06000, 32.
32.07000, 29.
32.08000, 35.
32.09000, 37.
32.10000, 32.
32.11000, 29.
32.12000, 29.
32.13000, 43.
32.14000, 37.
32.15000, 32.
32.16000, 29.
32.17000, 29.
32.18000, 32.
32.19000, 31.
32.20000, 46.
32.21000, 31.
32.22000, 27.
32.23000, 33.
32.24000, 31.
32.25000, 32.
32.26000, 19.
32.27000, 22.
32.28000, 32.
32.29000, 24.
32.30000, 31.
32.31000, 30.
32.32000, 27.
32.33000, 27.
32.34000, 24.
32.35000, 37.
32.36000, 26.
32.37000, 29.
32.38000, 26.
32.39000, 24.
32.40000, 23.
32.41000, 22.
32.42000, 25.
32.43000, 26.
32.44000, 26.
32.45000, 18.
32.46000, 13.
32.47000, 23.
32.48000, 23.
32.49000, 20.
32.50000, 19.
32.51000, 21.
32.52000, 28.
32.53000, 25.
32.54000, 29.
32.55000, 29.
32.56000, 28.
32.57000, 19.
32.58000, 26.
32.59000, 22.
32.60000, 23.
32.61000, 25.
32.62000, 17.
32.63000, 19.
32.64000, 21.
32.65000, 23.
32.66000, 24.
32.67000, 22.
32.68000, 18.
32.69000, 22.
32.70000, 34.
32.71000, 19.
32.72000, 27.
32.73000, 28.
32.74000, 18.
32.75000, 26.
32.76000, 18.
32.77000, 28.
32.78000, 16.
32.79000, 23.
32.80000, 17.
32.81000, 27.
32.82000, 13.
32.83000, 24.
32.84000, 28.
32.85000, 19.
32.86000, 21.
32.87000, 20.
32.88000, 24.
32.89000, 12.
32.90000, 19.
32.91000, 22.
32.92000, 32.
32.93000, 20.
32.94000, 18.
32.95000, 29.
32.96000, 22.
32.97000, 24.
32.98000, 19.
32.99000, 17.
33.00000, 25.
33.01000, 27.
33.02000, 22.
33.03000, 24.
33.04000, 15.
33.05000, 19.
33.06000, 26.
33.07000, 24.
33.08000, 14.
33.09000, 22.
33.10000, 21.
33.11000, 26.
33.12000, 26.
33.13000, 26.
33.14000, 21.
33.15000, 19.
33.16000, 20.
33.17000, 25.
33.18000, 28.
33.19000, 25.
33.20000, 25.
33.21000, 18.
33.22000, 21.
33.23000, 20.
33.24000, 17.
33.25000, 14.
33.26000, 26.
33.27000, 29.
33.28000, 22.
33.29000, 22.
33.30000, 18.
33.31000, 22.
33.32000, 17.
33.33000, 24.
33.34000, 22.
33.35000, 24.
33.36000, 21.
33.37000, 14.
33.38000, 22.
33.39000, 16.
33.40000, 35.
33.41000, 21.
33.42000, 24.
33.43000, 29.
33.44000, 21.
33.45000, 28.
33.46000, 21.
33.47000, 16.
33.48000, 23.
33.49000, 15.
33.50000, 22.
33.51000, 18.
33.52000, 30.
33.53000, 19.
33.54000, 22.
33.55000, 16.
33.56000, 14.
33.57000, 21.
33.58000, 21.
33.59000, 30.
33.60000, 18.
33.61000, 21.
33.62000, 22.
33.63000, 18.
33.64000, 14.
33.65000, 18.
33.66000, 13.
33.67000, 13.
33.68000, 21.
33.69000, 37.
33.70000, 16.
33.71000, 22.
33.72000, 11.
33.73000, 12.
33.74000, 16.
33.75000, 24.
33.76000, 17.
33.77000, 19.
33.78000, 17.
33.79000, 17.
33.80000, 14.
33.81000, 16.
33.82000, 17.
33.83000, 17.
33.84000, 23.
33.85000, 24.
33.86000, 10.
33.87000, 15.
33.88000, 18.
33.89000, 18.
33.90000, 19.
33.91000, 20.
33.92000, 17.
33.93000, 17.
33.94000, 15.
33.95000, 20.
33.96000, 22.
33.97000, 13.
33.98000, 17.
33.99000, 18.
34.00000, 19.
34.01000, 16.
34.02000, 15.
34.03000, 22.
34.04000, 15.
34.05000, 23.
34.06000, 22.
34.07000, 20.
34.08000, 17.
34.09000, 16.
34.10000, 18.
34.11000, 19.
34.12000, 11.
34.13000, 24.
34.14000, 22.
34.15000, 20.
34.16000, 20.
34.17000, 20.
34.18000, 17.
34.19000, 19.
34.20000, 19.
34.21000, 19.
34.22000, 24.
34.23000, 19.
34.24000, 19.
34.25000, 19.
34.26000, 21.
34.27000, 16.
34.28000, 10.
34.29000, 14.
34.30000, 14.
34.31000, 16.
34.32000, 13.
34.33000, 11.
34.34000, 27.
34.35000, 12.
34.36000, 12.
34.37000, 18.
34.38000, 19.
34.39000, 12.
34.40000, 30.
34.41000, 16.
34.42000, 16.
34.43000, 18.
34.44000, 20.
34.45000, 23.
34.46000, 19.
34.47000, 18.
34.48000, 15.
34.49000, 17.
34.50000, 25.
34.51000, 22.
34.52000, 19.
34.53000, 17.
34.54000, 17.
34.55000, 17.
34.56000, 15.
34.57000, 22.
34.58000, 19.
34.59000, 15.
34.60000, 16.
34.61000, 11.
34.62000, 16.
34.63000, 16.
34.64000, 18.
34.65000, 14.
34.66000, 8.
34.67000, 17.
34.68000, 11.
34.69000, 23.
34.70000, 22.
34.71000, 15.
34.72000, 18.
34.73000, 24.
34.74000, 21.
34.75000, 16.
34.76000, 16.
34.77000, 14.
34.78000, 21.
34.79000, 11.
34.80000, 16.
34.81000, 13.
34.82000, 22.
34.83000, 15.
34.84000, 13.
34.85000, 20.
34.86000, 16.
34.87000, 15.
34.88000, 21.
34.89000, 21.
34.90000, 20.
34.91000, 14.
34.92000, 13.
34.93000, 14.
34.94000, 13.
34.95000, 28.
34.96000, 15.
34.97000, 14.
34.98000, 11.
34.99000, 14.
35.00000, 17.
35.01000, 8.
35.02000, 11.
35.03000, 18.
35.04000, 14.
35.05000, 9.
35.06000, 21.
35.07000, 23.
35.08000, 12.
35.09000, 9.
35.10000, 15.
35.11000, 15.
35.12000, 17.
35.13000, 21.
35.14000, 13.
35.15000, 10.
35.16000, 18.
35.17000, 15.
35.18000, 15.
35.19000, 14.
35.20000, 10.
35.21000, 16.
35.22000, 15.
35.23000, 14.
35.24000, 17.
35.25000, 15.
35.26000, 15.
35.27000, 20.
35.28000, 11.
35.29000, 28.
35.30000, 15.
35.31000, 19.
35.32000, 11.
35.33000, 14.
35.34000, 20.
35.35000, 11.
35.36000, 11.
35.37000, 10.
35.38000, 11.
35.39000, 12.
35.40000, 13.
35.41000, 9.
35.42000, 14.
35.43000, 10.
35.44000, 12.
35.45000, 9.
35.46000, 10.
35.47000, 16.
35.48000, 12.
35.49000, 16.
35.50000, 12.
35.51000, 17.
35.52000, 10.
35.53000, 14.
35.54000, 17.
35.55000, 18.
35.56000, 8.
35.57000, 13.
35.58000, 14.
35.59000, 22.
35.60000, 17.
35.61000, 19.
35.62000, 14.
35.63000, 17.
35.64000, 8.
35.65000, 18.
35.66000, 19.
35.67000, 20.
35.68000, 20.
35.69000, 18.
35.70000, 11.
35.71000, 15.
35.72000, 15.
35.73000, 13.
35.74000, 16.
35.75000, 16.
35.76000, 22.
35.77000, 13.
35.78000, 16.
35.79000, 18.
35.80000, 10.
35.81000, 15.
35.82000, 16.
35.83000, 15.
35.84000, 9.
35.85000, 20.
35.86000, 13.
35.87000, 5.
35.88000, 17.
35.89000, 15.
35.90000, 11.
35.91000, 6.
35.92000, 15.
35.93000, 14.
35.94000, 16.
35.95000, 17.
35.96000, 12.
35.97000, 14.
35.98000, 15.
35.99000, 11.
36.00000, 5.
36.01000, 18.
36.02000, 8.
36.03000, 7.
36.04000, 9.
36.05000, 14.
36.06000, 13.
36.07000, 8.
36.08000, 19.
36.09000, 9.
36.10000, 9.
36.11000, 14.
36.12000, 15.
36.13000, 13.
36.14000, 20.
36.15000, 12.
36.16000, 6.
36.17000, 11.
36.18000, 15.
36.19000, 12.
36.20000, 12.
36.21000, 15.
36.22000, 19.
36.23000, 9.
36.24000, 10.
36.25000, 15.
36.26000, 9.
36.27000, 15.
36.28000, 18.
36.29000, 8.
36.30000, 16.
36.31000, 9.
36.32000, 17.
36.33000, 13.
36.34000, 18.
36.35000, 14.
36.36000, 13.
36.37000, 10.
36.38000, 16.
36.39000, 16.
36.40000, 6.
36.41000, 13.
36.42000, 10.
36.43000, 15.
36.44000, 13.
36.45000, 11.
36.46000, 10.
36.47000, 8.
36.48000, 13.
36.49000, 13.
36.50000, 16.
36.51000, 7.
36.52000, 16.
36.53000, 8.
36.54000, 9.
36.55000, 10.
36.56000, 4.
36.57000, 15.
36.58000, 8.
36.59000, 14.
36.60000, 11.
36.61000, 13.
36.62000, 17.
36.63000, 7.
36.64000, 12.
36.65000, 9.
36.66000, 16.
36.67000, 8.
36.68000, 15.
36.69000, 11.
36.70000, 12.
36.71000, 9.
36.72000, 8.
36.73000, 12.
36.74000, 7.
36.75000, 12.
36.76000, 10.
36.77000, 12.
36.78000, 15.
36.79000, 12.
36.80000, 11.
36.81000, 11.
36.82000, 4.
36.83000, 12.
36.84000, 8.
36.85000, 16.
36.86000, 12.
36.87000, 10.
36.88000, 10.
36.89000, 12.
36.90000, 12.
36.91000, 7.
36.92000, 9.
36.93000, 16.
36.94000, 10.
36.95000, 16.
36.96000, 10.
36.97000, 5.
36.98000, 9.
36.99000, 22.
37.00000, 14.
37.01000, 16.
37.02000, 12.
37.03000, 8.
37.04000, 11.
37.05000, 7.
37.06000, 11.
37.07000, 10.
37.08000, 10.
37.09000, 11.
37.10000, 14.
37.11000, 9.
37.12000, 13.
37.13000, 6.
37.14000, 14.
37.15000, 12.
37.16000, 9.
37.17000, 10.
37.18000, 11.
37.19000, 10.
37.20000, 10.
37.21000, 16.
37.22000, 5.
37.23000, 12.
37.24000, 11.
37.25000, 16.
37.26000, 9.
37.27000, 14.
37.28000, 7.
37.29000, 11.
37.30000, 6.
37.31000, 6.
37.32000, 10.
37.33000, 10.
37.34000, 12.
37.35000, 10.
37.36000, 11.
37.37000, 9.
37.38000, 8.
37.39000, 9.
37.40000, 6.
37.41000, 9.
37.42000, 13.
37.43000, 10.
37.44000, 14.
37.45000, 7.
37.46000, 10.
37.47000, 9.
37.48000, 11.
37.49000, 9.
37.50000, 10.
37.51000, 9.
37.52000, 11.
37.53000, 8.
37.54000, 10.
37.55000, 13.
37.56000, 10.
37.57000, 7.
37.58000, 10.
37.59000, 8.
37.60000, 10.
37.61000, 13.
37.62000, 5.
37.63000, 11.
37.64000, 9.
37.65000, 5.
37.66000, 16.
37.67000, 8.
37.68000, 10.
37.69000, 6.
37.70000, 7.
37.71000, 6.
37.72000, 6.
37.73000, 7.
37.74000, 11.
37.75000, 7.
37.76000, 11.
37.77000, 9.
37.78000, 12.
37.79000, 8.
37.80000, 13.
37.81000, 7.
37.82000, 10.
37.83000, 7.
37.84000, 11.
37.85000, 15.
37.86000, 10.
37.87000, 4.
37.88000, 7.
37.89000, 15.
37.90000, 10.
37.91000, 6.
37.92000, 12.
37.93000, 9.
37.94000, 5.
37.95000, 5.
37.96000, 10.
37.97000, 7.
37.98000, 9.
37.99000, 7.
38.00000, 6.
38.01000, 13.
38.02000, 10.
38.03000, 6.
38.04000, 9.
38.05000, 7.
38.06000, 7.
38.07000, 10.
38.08000, 11.
38.09000, 4.
38.10000, 5.
38.11000, 3.
38.12000, 8.
38.13000, 10.
38.14000, 6.
38.15000, 13.
38.16000, 8.
38.17000, 12.
38.18000, 6.
38.19000, 7.
38.20000, 10.
38.21000, 8.
38.22000, 7.
38.23000, 6.
38.24000, 11.
38.25000, 6.
38.26000, 7.
38.27000, 3.
38.28000, 8.
38.29000, 12.
38.30000, 4.
38.31000, 11.
38.32000, 8.
38.33000, 10.
38.34000, 6.
38.35000, 10.
38.36000, 7.
38.37000, 4.
38.38000, 12.
38.39000, 9.
38.40000, 4.
38.41000, 8.
38.42000, 6.
38.43000, 4.
38.44000, 9.
38.45000, 4.
38.46000, 7.
38.47000, 15.
38.48000, 5.
38.49000, 6.
38.50000, 6.
38.51000, 5.
38.52000, 9.
38.53000, 6.
38.54000, 10.
38.55000, 7.
38.56000, 11.
38.57000, 6.
38.58000, 5.
38.59000, 2.
38.60000, 4.
38.61000, 8.
38.62000, 8.
38.63000, 4.
38.64000, 8.
38.65000, 6.
38.66000, 7.
38.67000, 7.
38.68000, 10.
38.69000, 5.
38.70000, 6.
38.71000, 10.
38.72000, 5.
38.73000, 8.
38.74000, 8.
38.75000, 4.
38.76000, 10.
38.77000, 5.
38.78000, 9.
38.79000, 7.
38.80000, 4.
38.81000, 2.
38.82000, 8.
38.83000, 5.
38.84000, 6.
38.85000, 9.
38.86000, 2.
38.87000, 8.
38.88000, 13.
38.89000, 5.
38.90000, 10.
38.91000, 9.
38.92000, 7.
38.93000, 6.
38.94000, 8.
38.95000, 10.
38.96000, 14.
38.97000, 7.
38.98000, 6.
38.99000, 9.
39.00000, 8.
39.01000, 10.
39.02000, 6.
39.03000, 5.
39.04000, 14.
39.05000, 5.
39.06000, 8.
39.07000, 7.
39.08000, 6.
39.09000, 4.
39.10000, 7.
39.11000, 6.
39.12000, 1.
39.13000, 10.
39.14000, 8.
39.15000, 10.
39.16000, 2.
39.17000, 11.
39.18000, 6.
39.19000, 6.
39.20000, 4.
39.21000, 7.
39.22000, 9.
39.23000, 5.
39.24000, 6.
39.25000, 7.
39.26000, 4.
39.27000, 7.
39.28000, 5.
39.29000, 2.
39.30000, 1.
39.31000, 5.
39.32000, 5.
39.33000, 3.
39.34000, 11.
39.35000, 6.
39.36000, 7.
39.37000, 6.
39.38000, 3.
39.39000, 6.
39.40000, 4.
39.41000, 5.
39.42000, 6.
39.43000, 10.
39.44000, 6.
39.45000, 4.
39.46000, 1.
39.47000, 3.
39.48000, 0.
39.49000, 7.
39.50000, 9.
39.51000, 3.
39.52000, 6.
39.53000, 4.
39.54000, 6.
39.55000, 4.
39.56000, 5.
39.57000, 10.
39.58000, 5.
39.59000, 7.
39.60000, 5.
39.61000, 5.
39.62000, 5.
39.63000, 1.
39.64000, 7.
39.65000, 5.
39.66000, 5.
39.67000, 5.
39.68000, 7.
39.69000, 1.
39.70000, 4.
39.71000, 3.
39.72000, 5.
39.73000, 9.
39.74000, 9.
39.75000, 2.
39.76000, 2.
39.77000, 2.
39.78000, 11.
39.79000, 6.
39.80000, 4.
39.81000, 5.
39.82000, 5.
39.83000, 8.
39.84000, 3.
39.85000, 4.
39.86000, 3.
39.87000, 4.
39.88000, 6.
39.89000, 6.
39.90000, 3.
39.91000, 4.
39.92000, 5.
39.93000, 2.
39.94000, 5.
39.95000, 3.
39.96000, 4.
39.97000, 6.
39.98000, 2.
39.99000, 1.
40.00000, 5.
40.01000, 3.
40.02000, 2.
40.03000, 6.
40.04000, 6.
40.05000, 3.
40.06000, 4.
40.07000, 7.
40.08000, 5.
40.09000, 5.
40.10000, 3.
40.11000, 3.
40.12000, 4.
40.13000, 6.
40.14000, 9.
40.15000, 5.
40.16000, 6.
40.17000, 9.
40.18000, 6.
40.19000, 4.
40.20000, 2.
40.21000, 7.
40.22000, 6.
40.23000, 3.
40.24000, 2.
40.25000, 1.
40.26000, 4.
40.27000, 5.
40.28000, 3.
40.29000, 8.
40.30000, 6.
40.31000, 8.
40.32000, 2.
40.33000, 7.
40.34000, 5.
40.35000, 7.
40.36000, 4.
40.37000, 3.
40.38000, 1.
40.39000, 6.
40.40000, 2.
40.41000, 4.
40.42000, 2.
40.43000, 3.
40.44000, 1.
40.45000, 3.
40.46000, 4.
40.47000, 5.
40.48000, 2.
40.49000, 5.
40.50000, 1.
40.51000, 1.
40.52000, 4.
40.53000, 6.
40.54000, 3.
40.55000, 0.
#ENDOFDATA   : 
